Car -1 -1 -1.8574 724.2160 183.6284 890.4458 290.3993 1.4954 1.6348 4.0972 3.1634 1.7151 12.6031 -1.6115 13.7519
Cyclist -1 -1 2.1269 95.5938 171.6145 136.6616 216.6633 1.7019 0.4544 1.7770 -19.2894 1.6554 28.1537 1.5262 0.8766
Pedestrian -1 -1 -1.9151 845.5407 163.9377 873.7577 219.8659 1.8239 0.6623 0.7677 8.2230 1.5335 23.9155 -1.5839 1.9060
Car -1 -1 2.2696 0.0000 182.8185 57.0231 235.9056 1.5132 1.6017 3.7130 -19.9813 1.8588 23.1321 1.5572 7.3098
Cyclist -1 -1 -1.3594 319.1329 171.9675 330.3896 192.1066 1.7125 0.5480 1.7591 -24.6309 1.6375 62.2662 -1.7361 0.5215
Pedestrian -1 -1 -1.8683 830.2155 159.7098 855.6793 215.4317 1.8224 0.6167 0.7296 7.6860 1.3929 23.9642 -1.5580 1.0846
Car -1 -1 2.2113 36.5999 181.8962 140.8070 223.4102 1.4532 1.5345 3.3627 -19.9273 1.8218 27.6864 1.5875 5.5308
Pedestrian -1 -1 -1.8924 859.1522 159.3589 889.9715 220.8075 1.7703 0.6694 0.6672 7.6933 1.3819 21.1270 -1.5432 0.3918
Car -1 -1 -0.3075 814.2511 161.5591 938.8490 201.6383 1.4793 1.6253 4.1608 10.0500 1.0628 27.5291 0.0425 1.4019
Pedestrian -1 -1 1.9118 14.6520 148.6936 119.9080 312.2741 1.6506 0.6717 0.8212 -5.8660 1.4072 7.7705 1.2651 -0.5869
Car -1 -1 2.0751 131.5061 173.7625 183.8378 195.4332 1.4669 1.5700 3.6231 -31.8381 1.5336 50.8455 1.5157 0.1276
Pedestrian -1 -1 0.8474 1196.3524 159.2844 1241.0000 263.4709 1.6905 0.6457 0.6249 10.2971 1.4707 12.0222 1.5557 -0.8274
Car -1 -1 2.0045 206.9091 179.1276 251.9491 199.4446 1.5042 1.6425 3.8960 -29.8343 2.0142 56.6309 1.5196 0.0597
