Car -1 -1 -1.8060 635.4426 174.8653 800.1854 302.1461 1.5833 1.5984 3.5973 1.3828 1.6193 10.9070 -1.6799 11.4248
Cyclist -1 -1 -1.1511 132.2172 172.6425 156.4115 200.7317 1.7145 0.5995 1.7683 -29.0347 1.7019 44.9576 -1.7245 -0.2800
Pedestrian -1 -1 -2.1233 1010.0618 160.2299 1064.6539 249.6545 1.7672 0.6792 0.7098 8.5955 1.5180 14.6177 -1.5918 1.0547
Car -1 -1 -1.6992 571.9581 177.4394 640.2416 229.1074 1.4636 1.6385 4.0738 -0.2599 1.6233 22.9450 -1.7105 11.2750
Pedestrian -1 -1 -2.0047 950.9328 158.3764 1001.6831 248.2515 1.7602 0.6681 0.7173 7.2977 1.4770 14.4980 -1.5384 0.4325
Car -1 -1 1.0722 929.5626 145.9388 977.4744 166.8420 1.4694 1.5842 3.8241 25.5240 -0.4642 53.7954 1.5152 -0.0741
Pedestrian -1 -1 3.0081 680.4863 142.6656 700.5949 185.2728 1.6572 0.6138 0.7094 3.1211 0.4834 28.3761 3.1176 -0.0009
Car -1 -1 1.9704 268.0895 176.8603 307.1569 195.0121 1.4772 1.6333 3.9615 -27.4885 1.8306 61.5928 1.5507 -0.1936
Pedestrian -1 -1 -0.0300 613.0761 160.1582 625.1938 186.4868 1.6547 0.6122 0.7480 0.5436 0.8572 45.6581 -0.0181 -0.0741
Pedestrian -1 -1 -2.0425 985.7365 156.5305 1036.4140 246.7343 1.7794 0.6784 0.6347 8.0318 1.4578 14.5590 -1.5384 -0.4955
