Car -1 -1 2.2462 0.0000 196.9258 187.7623 374.0000 1.4718 1.6224 3.9442 -6.7591 1.8101 8.1426 1.5533 2.9946
Cyclist -1 -1 1.6304 623.2150 172.4588 632.2592 194.2600 1.6740 0.6075 1.6850 1.3629 1.6441 56.2669 1.6546 0.2181
Pedestrian -1 -1 1.0213 1012.5793 143.4360 1106.4987 296.4976 1.6934 0.6246 0.7427 5.1262 1.3683 8.3518 1.5718 0.3818
Car -1 -1 1.8701 321.2423 183.6101 418.1416 242.1782 1.5414 1.6479 4.0309 -7.1593 1.8965 21.7629 1.5523 2.7385
Cyclist -1 -1 1.0578 933.5543 154.4215 960.5893 186.2818 1.6943 0.5740 1.6903 18.2778 0.7144 39.2326 1.4937 -0.3446
Car -1 -1 -1.5727 577.0647 177.9577 604.0271 204.2174 1.5717 1.6437 4.0320 -1.2788 1.9120 46.0146 -1.6005 2.4717
Car -1 -1 1.7620 420.4848 182.8899 472.4161 218.7366 1.5170 1.6389 3.9621 -7.5976 2.0135 33.6611 1.5400 2.4585
Car -1 -1 1.7481 444.9539 184.2166 488.0952 214.1306 1.4597 1.6080 3.8769 -7.6625 2.0994 38.6432 1.5524 1.4857
Car -1 -1 1.4583 680.6278 154.6562 700.9426 170.2496 1.4749 1.5567 3.8253 7.8833 -0.2621 70.7962 1.5691 1.0069
Car -1 -1 1.6988 493.9973 181.9901 524.8755 205.7792 1.4830 1.5868 3.7123 -6.7190 2.1183 48.2740 1.5606 1.0007
Car -1 -1 1.1524 867.7235 122.3522 961.8656 168.6326 1.5089 1.6149 3.9839 10.7692 -0.1630 25.8997 1.5464 0.5819
