Car -1 -1 -1.5909 576.4034 176.8667 604.3708 204.4161 1.6178 1.6547 3.8594 -1.2898 1.8788 44.9088 -1.6196 5.1293
Cyclist -1 -1 1.5265 619.7676 172.2200 627.8407 192.1251 1.6846 0.6156 1.7188 1.1580 1.6313 61.9283 1.5452 -0.6571
Pedestrian -1 -1 1.2077 893.2124 148.1476 945.7722 251.2994 1.6897 0.6329 0.6170 5.1430 1.2853 12.1368 1.6085 0.7102
Car -1 -1 -1.3251 376.4694 183.3326 449.9105 229.0115 1.4782 1.6293 4.1334 -7.1351 1.8920 26.3836 -1.5892 2.3629
Pedestrian -1 -1 -2.1385 806.7833 154.2863 838.4733 213.2137 1.7847 0.6306 0.7570 6.5206 1.2227 22.3019 -1.8540 0.2430
Car -1 -1 1.7762 416.9209 182.7260 470.1410 219.5289 1.4918 1.5879 3.6889 -7.3789 1.9569 32.1030 1.5503 0.9267
Pedestrian -1 -1 -1.3084 795.6679 167.4474 823.6084 220.4602 1.5312 0.6297 0.7264 5.8531 1.3754 21.3103 -1.0403 0.1592
Car -1 -1 1.7477 449.3052 180.0074 491.5597 210.1289 1.5415 1.6322 3.8770 -7.6772 1.9558 39.7984 1.5571 0.8148
Car -1 -1 2.1520 0.0000 194.6348 264.8874 335.9251 1.4932 1.6329 4.0480 -6.7505 1.8648 10.2711 1.5706 -0.0357
Car -1 -1 -0.5355 790.5035 126.8310 907.8140 168.5835 1.5405 1.6463 4.0705 9.2483 -0.1734 28.1173 -0.2178 -0.1299
