Car -1 -1 2.0130 151.6915 181.9425 308.3857 267.8548 1.6250 1.6076 3.7161 -8.2349 1.8498 15.9287 1.5359 14.1627
Cyclist -1 -1 -3.4591 906.3888 159.9692 965.4122 211.0248 1.7844 0.5998 1.8122 11.5073 1.3344 25.6078 -3.0368 2.2224
Pedestrian -1 -1 -3.6351 1178.9351 162.8723 1208.9608 200.6200 1.6597 0.6281 0.8410 25.9400 1.2212 32.1089 -2.9555 1.0055
Car -1 -1 1.8409 374.6052 183.2178 439.2549 222.3826 1.4488 1.6032 3.7603 -8.2796 1.9009 29.5669 1.5679 9.2131
Pedestrian -1 -1 1.1570 877.6432 168.4400 900.6241 212.7931 1.6411 0.6130 0.5975 10.4012 1.4781 27.0074 1.5246 0.3039
Car -1 -1 -1.5845 579.1431 181.1152 615.1374 215.5753 1.5442 1.6654 4.2198 -0.7046 1.9754 35.4911 -1.6044 6.4313
Car -1 -1 1.8252 369.5262 183.2527 445.7600 231.3731 1.4471 1.5850 3.7528 -6.7896 1.8265 24.4025 1.5538 1.9732
Car -1 -1 2.1906 0.0000 189.4301 214.5371 353.8942 1.5038 1.6286 4.0230 -6.8776 1.7587 9.0406 1.5402 0.8710
Car -1 -1 1.7415 454.8294 175.3626 496.5401 207.3702 1.6458 1.6220 3.7328 -7.2920 1.7892 39.2684 1.5579 -0.2638
Car -1 -1 1.9228 291.4577 177.2017 407.8402 245.1306 1.6134 1.6534 3.9959 -6.8879 1.7427 19.3978 1.5816 -0.3067
