Car -1 -1 1.8146 377.7757 182.8244 453.4412 230.7583 1.5097 1.6526 4.0869 -6.8435 1.8927 25.6352 1.5537 0.9850
Cyclist -1 -1 2.1900 144.6913 182.9624 176.2146 215.4559 1.7511 0.5727 1.7766 -25.1568 2.3294 40.3487 1.6325 3.1357
Pedestrian -1 -1 1.9335 151.4790 181.6809 169.9991 213.4921 1.7446 0.6404 0.7876 -25.1022 2.2431 40.2654 1.3760 0.4597
Car -1 -1 -2.9886 825.6703 130.0154 930.4011 166.3022 1.4746 1.6363 4.1068 11.6974 -0.3026 31.6501 -2.6346 0.8811
Cyclist -1 -1 -0.0283 583.1897 176.4721 614.8411 207.4803 1.7079 0.5134 1.7445 -0.6507 1.9108 40.1027 -0.0445 2.1906
Car -1 -1 1.3501 658.6575 179.4493 689.9942 200.0144 1.5468 1.6492 4.0267 5.0808 2.0941 57.7234 1.4379 0.3859
Car -1 -1 -1.4132 444.3897 181.8504 489.1442 215.0345 1.5014 1.6046 3.6781 -7.0326 1.9680 35.5240 -1.6087 0.1184
Car -1 -1 -1.5918 583.7679 178.5144 613.2605 207.8885 1.5852 1.6119 3.6868 -0.7326 1.9261 41.5303 -1.6094 0.0891
Car -1 -1 -0.7774 712.4870 179.5052 790.4495 210.3246 1.5049 1.5705 4.0761 7.3958 1.8699 37.7768 -0.5840 -0.0183
Car -1 -1 1.7211 476.6390 180.5199 510.0072 205.6313 1.4796 1.5608 3.5391 -7.3285 1.9809 45.3725 1.5610 -0.4514
Car -1 -1 1.7677 416.9898 179.2875 473.9101 219.1135 1.5357 1.6223 3.7973 -6.8899 1.8239 30.3597 1.5446 -0.6028
