Car -1 -1 2.9377 173.1657 165.9774 385.6804 236.7467 1.4783 1.6436 4.3129 -7.7522 1.3350 17.0059 2.5099 12.8105
Pedestrian -1 -1 2.4800 343.3060 164.4309 388.9257 227.8394 1.5021 0.6955 0.7958 -5.9989 1.3029 17.6132 2.1517 1.8251
Car -1 -1 -1.0830 961.1358 151.4170 1168.5087 249.0896 1.5811 1.6060 3.9015 8.4018 1.2345 13.3453 -0.5212 9.8351
Pedestrian -1 -1 -1.0013 1011.6427 155.3338 1077.7762 257.2269 1.6477 0.6357 0.7743 7.2476 1.3648 12.1225 -0.4625 -0.0693
Car -1 -1 2.5696 847.8376 141.0147 1013.8638 206.5972 1.9372 1.7895 4.4899 9.9196 0.9971 22.5458 2.9841 9.8282
Pedestrian -1 -1 0.0316 588.4436 145.2017 618.6863 214.9271 1.7670 0.6446 0.7620 -0.2079 1.0666 18.6126 0.0204 -0.3398
Car -1 -1 2.3888 1181.5729 152.0945 1241.0000 200.9100 1.5964 1.6703 4.2700 22.1200 0.9179 24.4663 3.1239 4.4534
Car -1 -1 -2.1300 1076.4156 167.2768 1151.8358 194.7267 1.4825 1.5912 4.0707 28.5302 1.1816 41.0362 -1.5225 1.0393
Car -1 -1 2.4026 979.1324 144.3750 1047.7398 169.4196 1.4875 1.5358 3.5787 24.7364 -0.2161 44.3253 2.9116 1.0212
Car -1 -1 1.3100 1041.9528 144.3462 1091.3331 169.2164 1.4880 1.6590 4.0694 29.0060 -0.2426 45.9979 1.8726 -0.4602
Car -1 -1 2.7730 752.7879 177.7782 865.5355 217.1268 1.4715 1.6157 3.9347 7.7049 1.6714 28.2361 3.0394 -0.7303
