Car -1 -1 2.1266 0.0000 189.8333 242.3960 303.7654 1.5668 1.6438 4.1103 -8.3044 1.9130 12.6150 1.5444 13.2376
Pedestrian -1 -1 1.2202 823.3329 175.1025 843.2206 208.5189 1.4785 0.6388 0.7310 9.9676 1.5808 32.3536 1.5190 -0.2775
Car -1 -1 1.8812 305.0485 186.5430 392.6717 241.4150 1.5877 1.6098 3.8628 -8.5444 2.0769 23.8089 1.5366 11.6286
Pedestrian -1 -1 0.0117 1190.2963 160.3818 1241.0000 267.2193 1.7057 0.6413 0.7449 10.0946 1.5070 12.0030 0.7109 -0.6392
Car -1 -1 -1.5829 570.9771 184.3426 610.0711 223.6455 1.6422 1.7050 4.3523 -0.9789 2.2136 33.6473 -1.6120 8.5716
Car -1 -1 1.8733 410.1815 189.1094 464.3462 221.8307 1.4671 1.5761 3.8372 -8.6520 2.3290 36.2717 1.6392 3.1813
Car -1 -1 1.7699 419.9846 185.3530 475.1813 224.2279 1.5614 1.6492 4.0063 -7.2336 2.1563 32.2975 1.5496 0.6798
Car -1 -1 2.0015 253.0434 196.5543 315.8981 228.9942 1.4503 1.5536 3.5972 -16.5163 2.7153 36.6957 1.5786 0.4803
Car -1 -1 1.3844 762.4295 166.8683 797.8884 189.9267 1.5284 1.6295 4.2101 11.7010 1.1320 49.9609 1.6145 0.3737
Car -1 -1 -1.7699 705.4553 178.6187 753.1944 212.2416 1.5561 1.6215 3.7767 5.8490 1.8591 35.9655 -1.6087 -0.0094
Car -1 -1 1.7103 470.1774 184.8527 503.6653 210.6553 1.5314 1.6142 3.8374 -7.9302 2.3384 46.5671 1.5416 -0.1345
