Car -1 -1 2.0696 68.0166 188.6092 273.6992 289.0102 1.5856 1.6505 4.0874 -8.3479 1.9395 14.1143 1.5355 11.8681
Pedestrian -1 -1 -0.7097 1123.1655 131.7767 1241.0000 316.2691 1.7123 0.6121 0.7835 5.5462 1.3314 7.0157 -0.0408 -0.1086
Car -1 -1 1.8715 319.8600 185.3066 403.0155 238.4533 1.6502 1.6527 3.9800 -8.6647 2.1230 25.3573 1.5422 9.7758
Pedestrian -1 -1 -1.8255 817.1335 171.3715 835.3021 206.3701 1.6027 0.6387 0.7421 9.9715 1.5352 33.4208 -1.5356 -0.4012
Car -1 -1 -1.5567 571.2502 181.4840 610.7921 220.6239 1.6370 1.7070 4.3684 -0.8874 2.0624 33.3377 -1.5833 7.5746
Car -1 -1 1.7145 469.1867 185.6473 502.2825 211.5980 1.5019 1.5641 3.4898 -7.7871 2.3361 45.2608 1.5441 2.2925
Car -1 -1 1.6022 420.9912 187.2840 454.6391 218.6400 1.4679 1.5903 3.7329 -8.9623 2.2599 37.5932 1.3682 2.0777
Car -1 -1 1.7373 424.3479 186.7839 473.8714 224.0512 1.5215 1.6065 3.6710 -7.2746 2.1900 32.7310 1.5186 1.6854
Car -1 -1 1.7355 454.3533 187.1629 493.2746 216.1228 1.4774 1.5792 3.5613 -7.6089 2.3143 40.3807 1.5492 1.2946
Car -1 -1 1.3831 760.6093 171.0850 798.4222 195.5844 1.4948 1.6081 4.0889 10.7445 1.3872 46.0974 1.6121 -0.7901
