Car -1 -1 1.8941 397.9021 179.8954 443.8121 205.9127 1.6627 1.7079 4.5264 -12.9829 2.1705 49.6786 1.6385 3.8159
Pedestrian -1 -1 -2.1811 1165.1612 117.2053 1241.0000 259.7114 1.7224 0.6698 0.7283 7.5605 1.0501 9.1085 -1.4883 0.5921
Car -1 -1 1.6477 425.4140 187.0540 460.2209 216.2351 1.4723 1.6081 3.8648 -9.3498 2.3080 40.4096 1.4204 3.1508
Pedestrian -1 -1 1.4090 698.3742 172.4277 712.5717 204.5909 1.6875 0.6221 0.8158 5.0239 1.6655 38.2707 1.5396 -0.5319
Car -1 -1 1.8380 348.3075 184.2541 432.4686 236.3383 1.5014 1.6376 4.0115 -7.1442 1.9084 23.7087 1.5454 2.2705
Car -1 -1 -1.5742 583.1936 179.2046 608.2626 202.9547 1.4972 1.6171 3.8712 -0.9982 1.9415 48.4826 -1.5948 1.8279
Car -1 -1 2.2562 0.0000 197.9478 181.2188 374.0000 1.4758 1.6189 3.9498 -6.8670 1.8291 8.1613 1.5567 1.6375
Car -1 -1 1.8728 302.4124 187.7889 405.5930 248.8016 1.4714 1.6257 3.9924 -7.1456 1.9362 20.4117 1.5361 1.3742
Car -1 -1 1.7436 489.3049 181.1251 512.7845 197.4874 1.5380 1.6404 4.0784 -10.8495 2.3869 71.9588 1.5939 0.9965
Car -1 -1 1.3331 792.5935 155.8071 819.3185 172.4820 1.5770 1.6302 3.9240 19.0415 -0.0369 70.3084 1.5976 0.4562
Car -1 -1 1.7744 421.4535 183.9300 474.8324 220.8768 1.5573 1.6479 4.0263 -7.5135 2.1053 33.6502 1.5548 -0.6818
