Car -1 -1 1.9458 232.8407 192.1623 355.1300 251.3867 1.4189 1.6860 4.6293 -9.1130 2.0479 21.1501 1.5390 14.4895
Cyclist -1 -1 2.6462 694.2532 165.9398 718.6038 188.9716 1.7152 0.5855 1.7492 7.2334 1.2007 54.3167 2.7785 0.5603
Car -1 -1 1.7714 428.0153 183.7661 471.1876 212.7351 1.5338 1.6462 4.1848 -9.2849 2.1996 41.8938 1.5533 5.7501
Car -1 -1 -1.5542 590.2424 178.2369 615.8941 203.1415 1.5473 1.6237 3.8449 -0.4573 1.9170 47.5863 -1.5638 3.3087
Car -1 -1 1.7473 474.2211 181.8352 499.9072 199.5658 1.4821 1.5824 4.0000 -10.9496 2.3085 64.3507 1.5787 3.1013
Car -1 -1 1.8104 401.8677 180.1999 461.9414 221.3535 1.5761 1.6055 3.6866 -7.4032 1.9021 30.1337 1.5695 2.4485
Car -1 -1 1.7488 435.8261 180.8177 482.9276 215.0187 1.5347 1.6101 3.7362 -7.3138 1.9438 35.1443 1.5436 1.8569
Car -1 -1 1.7230 455.1963 183.1362 493.8613 211.7923 1.4693 1.5946 3.5324 -7.5114 2.0663 40.0715 1.5377 0.9356
Car -1 -1 1.6110 487.8439 180.0993 512.8975 203.1338 1.5093 1.5852 3.7034 -7.6559 2.0352 50.4142 1.4603 0.7915
Car -1 -1 1.8361 363.1792 185.0248 436.3626 231.8104 1.4451 1.5574 3.5404 -7.2373 1.8971 24.9940 1.5543 0.6664
Car -1 -1 -2.8657 947.4472 155.0039 1013.4859 176.2135 1.5040 1.6322 4.0339 27.2193 0.2386 53.1334 -2.3923 -0.2813
Car -1 -1 1.6759 526.2122 181.9647 546.6618 197.7953 1.4765 1.6203 3.8638 -7.2742 2.4036 71.4552 1.5744 -0.3451
Car -1 -1 1.8819 958.5192 123.3675 1038.3033 166.1831 1.4731 1.5950 3.7158 14.6749 -0.2690 27.2653 2.3757 -0.4182
Car -1 -1 2.1548 0.0000 195.7242 252.6858 326.6670 1.4603 1.5873 3.6947 -6.9791 1.8533 10.5377 1.5698 -0.4527
