Car -1 -1 1.9462 267.6636 183.9792 345.5835 227.1034 1.6254 1.6478 4.0293 -12.6612 2.1239 30.2727 1.5500 11.0016
Cyclist -1 -1 -2.4596 660.8303 164.9514 715.0863 219.8811 1.7238 0.5844 1.7838 2.4755 1.4761 23.4780 -2.3546 7.3826
Pedestrian -1 -1 -0.0663 657.6448 166.6504 680.3444 217.5662 1.7435 0.6069 0.7443 1.9959 1.5314 25.0129 0.0133 2.2261
Car -1 -1 2.2394 0.0000 198.4341 127.4511 329.8221 1.4996 1.6262 4.2530 -9.7289 1.9750 11.2350 1.5257 10.3205
Pedestrian -1 -1 -0.9553 157.3477 181.4813 192.7953 228.7712 1.7101 0.7376 0.9074 -16.1555 2.0360 26.7441 -1.4987 1.2749
Car -1 -1 -1.4277 437.1529 174.6363 533.5075 251.9489 1.6409 1.6979 4.3150 -2.9432 1.6901 17.5878 -1.5935 10.3082
Pedestrian -1 -1 -0.3089 674.5587 165.3873 706.3439 219.3081 1.7119 0.6765 0.8548 2.5495 1.4752 23.3209 -0.2000 1.2024
Car -1 -1 -1.5645 585.9611 174.7214 612.4022 200.4250 1.5940 1.6504 3.9481 -0.7256 1.7211 47.0122 -1.5799 4.4827
Car -1 -1 1.8252 420.3259 181.5443 461.8151 208.5696 1.5934 1.6290 3.9275 -10.6992 2.1693 45.7983 1.5957 2.9502
Car -1 -1 -1.6787 665.7928 177.1379 707.9884 210.0824 1.4545 1.5858 3.7214 3.5517 1.6690 34.2012 -1.5752 2.8926
Car -1 -1 2.0084 236.7508 188.8874 284.4814 211.6406 1.4675 1.5914 3.7819 -24.7181 2.6460 51.1151 1.5580 1.3618
Car -1 -1 -1.9691 765.6112 173.4997 835.2240 209.2966 1.4692 1.6058 3.7675 8.2317 1.4997 31.6622 -1.7148 -0.3016
