Car -1 -1 -1.5623 584.7533 177.6673 611.0601 205.0720 1.7458 1.7023 4.1038 -0.8315 2.0851 48.7447 -1.5794 5.6918
Cyclist -1 -1 1.2322 813.6590 150.0402 909.1543 297.4094 1.7624 0.6033 1.8273 3.2121 1.4899 9.5438 1.5569 7.8804
Pedestrian -1 -1 -1.9408 906.2065 130.8150 945.0996 199.7359 1.6315 0.6467 0.7112 7.5741 0.6367 17.4456 -1.5312 0.1734
Car -1 -1 1.9102 469.2017 180.4002 503.6742 200.0287 1.4788 1.5730 3.7309 -9.8901 2.1048 57.8450 1.7409 5.4682
Cyclist -1 -1 1.2735 830.7001 138.1216 860.3774 183.9183 1.7112 0.6033 1.7322 9.0242 0.4138 27.8278 1.5871 1.0736
Car -1 -1 1.8553 343.7442 185.6622 428.5157 238.3820 1.5124 1.6250 3.8449 -7.2457 1.9656 23.5697 1.5571 2.3711
Cyclist -1 -1 1.5745 602.7441 179.3607 611.7566 206.4890 1.7171 0.5757 1.7488 -0.2079 2.1489 46.9618 1.5701 -0.1599
Car -1 -1 1.7800 424.8471 184.1019 475.4667 217.8668 1.4457 1.5906 3.7232 -7.5069 2.0052 34.0028 1.5627 1.9556
Car -1 -1 2.1372 0.0000 195.6345 259.6372 331.7583 1.4646 1.6129 3.8720 -6.8077 1.8537 10.3606 1.5558 1.6055
Car -1 -1 1.7868 447.9641 187.0988 492.5938 217.0215 1.4555 1.5934 3.7273 -7.4874 2.2585 38.7705 1.5960 -0.3655
