Car -1 -1 -1.4195 424.3344 172.5841 527.5536 258.5997 1.6800 1.6620 4.0225 -2.9006 1.6751 16.1229 -1.5975 10.2783
Cyclist -1 -1 -2.4902 661.6991 162.9175 718.9192 221.0528 1.7195 0.5701 1.7582 2.4036 1.4260 22.1505 -2.3821 6.7648
Pedestrian -1 -1 -1.3246 683.2521 159.8774 711.8933 219.5955 1.7678 0.6592 0.9262 2.6189 1.3840 21.9069 -1.2056 2.5937
Car -1 -1 1.9763 235.9622 184.9725 321.3762 230.0692 1.5418 1.5952 3.8072 -12.6137 2.0384 27.6201 1.5479 10.2226
Cyclist -1 -1 -2.7000 656.9266 161.6863 709.6355 212.9485 1.7044 0.5651 1.7155 2.4538 1.3334 24.6707 -2.6009 -0.4212
Pedestrian -1 -1 0.4212 671.2178 161.7242 701.7933 214.5080 1.7707 0.6170 0.8640 2.5740 1.3977 24.6852 0.5251 1.7821
Car -1 -1 -1.4825 584.1873 173.5436 614.8609 199.1275 1.5876 1.6481 4.0399 -0.6715 1.6349 46.9602 -1.4968 4.1835
Pedestrian -1 -1 -0.7112 136.6886 178.8781 174.5045 229.8515 1.7567 0.6777 0.9111 -16.1120 1.9747 25.5249 -1.2743 1.5649
Car -1 -1 1.9159 302.3821 180.9191 390.3905 232.5495 1.5837 1.6313 3.7837 -8.9235 1.8804 24.6152 1.5681 4.0393
Pedestrian -1 -1 1.7397 649.6564 170.9710 671.0029 219.1384 1.6779 0.6261 0.8343 1.7473 1.6126 25.6101 1.8078 1.2992
Car -1 -1 2.1899 734.7937 152.6243 779.6400 171.8818 1.4909 1.5988 3.8388 11.8211 -0.0803 57.9443 2.3912 1.4243
Pedestrian -1 -1 -3.0451 657.7594 161.6485 686.3707 217.2223 1.7935 0.6205 0.8807 1.9952 1.4323 23.6676 -2.9610 -0.4172
Car -1 -1 1.7754 480.9104 174.4205 506.5705 191.0571 1.4807 1.5742 3.9277 -10.7145 1.6299 66.5881 1.6159 1.1037
Car -1 -1 3.9477 0.0000 208.3122 15.3233 332.6059 1.4735 1.6241 4.0943 -10.9733 2.0044 9.9209 3.1120 0.9064
Car -1 -1 2.2441 0.0000 190.2059 111.5695 246.1945 1.5510 1.6210 3.7643 -18.0868 2.1511 23.0449 1.5787 0.2010
Car -1 -1 -0.7461 653.5486 164.2717 766.1088 211.3483 1.5944 1.6516 4.0005 3.6257 1.3041 26.2563 -0.6089 -0.3597
Car -1 -1 -0.3247 789.6787 164.4075 902.6939 202.6572 1.5259 1.6400 4.0997 9.5942 1.1893 29.6251 -0.0115 -0.5193
Car -1 -1 1.4397 676.5560 156.9173 698.8862 173.1116 1.4862 1.5869 3.9858 7.3008 0.0240 68.2274 1.5463 -0.6533
