Car -1 -1 1.9799 218.0893 181.0511 340.8997 247.8518 1.6423 1.6623 4.0124 -9.1530 1.8957 20.2510 1.5554 13.2788
Pedestrian -1 -1 2.4475 285.7178 181.7138 322.1548 239.7694 1.5507 0.5941 0.7070 -8.4676 1.8005 19.8576 2.0444 1.5384
Car -1 -1 -1.5949 588.2206 178.3166 614.8393 203.3048 1.5309 1.6342 3.8862 -0.6186 1.9023 47.0367 -1.6081 4.7003
Car -1 -1 1.7545 440.5770 180.0102 485.3969 212.1545 1.4990 1.5712 3.6422 -7.3767 1.8776 36.2965 1.5540 3.7924
Car -1 -1 1.7682 422.6344 172.4502 468.2089 205.1091 1.9687 1.8670 5.1268 -10.4607 1.9447 46.0779 1.5449 3.4903
Car -1 -1 1.7007 543.6150 178.6513 574.9130 201.4933 1.4967 1.6668 4.0982 -3.5322 1.9191 50.4330 1.6308 3.3137
Car -1 -1 1.7690 414.2234 177.0350 469.5422 215.5599 1.5537 1.6254 3.8303 -7.2961 1.7476 31.4558 1.5411 2.7204
Car -1 -1 1.7576 482.3692 179.9185 514.2897 201.5203 1.4493 1.5905 3.7234 -7.9633 1.9727 51.5296 1.6043 0.8680
Car -1 -1 1.9905 204.3641 186.0719 361.8392 266.2918 1.4816 1.6436 4.0834 -7.0966 1.8134 16.0418 1.5740 0.8357
Car -1 -1 2.2216 0.0000 189.0277 215.2747 345.0065 1.4835 1.6283 4.0689 -7.0800 1.7383 9.3169 1.5718 -0.4410
