Car -1 -1 1.7712 405.9718 181.4481 453.0488 212.6880 1.5137 1.6364 4.0821 -9.5188 1.9935 38.1748 1.5268 8.8664
Cyclist -1 -1 -0.5213 1012.3950 164.9890 1043.6160 190.5383 1.6903 0.6039 1.7272 27.7942 1.1703 48.0381 0.0032 3.4346
Car -1 -1 -1.6086 587.9824 175.2358 614.7023 199.8075 1.5500 1.6205 3.8487 -0.6397 1.7148 47.8562 -1.6219 3.0182
Cyclist -1 -1 -3.0491 1046.1309 125.0990 1161.1131 221.8546 1.6470 0.5282 1.6716 8.8273 0.8344 13.0142 -2.4531 -0.4298
Car -1 -1 1.7487 470.0753 178.3406 499.6943 198.1949 1.5087 1.6467 4.1128 -10.0445 1.9659 58.0258 1.5773 2.9394
Car -1 -1 2.2668 0.0000 181.5338 209.0860 347.6702 1.5295 1.6550 4.0250 -6.9853 1.6614 8.8893 1.6008 1.6290
Car -1 -1 1.6979 512.8202 180.8272 540.6300 201.1885 1.4747 1.6346 4.1206 -6.4437 2.1163 55.9488 1.5833 1.0279
Car -1 -1 1.8239 372.0793 179.5517 446.1089 224.4484 1.4637 1.6305 3.9914 -7.2167 1.7252 26.1279 1.5544 0.8722
Car -1 -1 1.8982 320.7907 181.1326 419.6107 237.4335 1.5040 1.6332 4.0022 -7.1800 1.7784 21.8719 1.5810 0.6175
Car -1 -1 1.7874 408.5659 172.7224 469.0969 213.1938 1.6439 1.6922 4.2381 -7.4097 1.6390 31.4375 1.5559 -0.5559
