Car -1 -1 -1.3430 354.3920 177.9318 507.8629 301.2474 1.6821 1.6149 3.7192 -2.7943 1.7790 11.8556 -1.5745 12.4593
Cyclist -1 -1 -2.4529 679.4389 164.1837 748.5050 236.5025 1.7210 0.5414 1.7592 2.5229 1.5150 17.9991 -2.3136 7.0270
Pedestrian -1 -1 2.5303 656.2364 168.6643 693.0386 230.1327 1.7844 0.6297 0.8887 1.8727 1.6631 21.4381 2.6174 2.3800
Car -1 -1 2.1143 69.6901 195.6602 219.8246 264.9906 1.5619 1.6329 3.8657 -12.4126 2.2400 19.4882 1.5472 11.7019
Cyclist -1 -1 2.2303 120.9890 138.5261 174.9649 192.4319 1.7179 0.5664 1.7269 -15.3049 0.6243 23.8768 1.6603 -0.5697
Pedestrian -1 -1 1.2607 692.8529 166.6937 723.4543 228.9166 1.7326 0.6293 0.8623 2.7432 1.5614 20.5679 1.3933 2.0189
Car -1 -1 1.8617 461.6864 182.1485 496.2577 202.0339 1.4785 1.6455 3.9842 -10.4492 2.2482 57.6518 1.6824 2.8679
Pedestrian -1 -1 -0.8311 696.4930 162.0769 743.1146 235.9502 1.7654 0.6981 0.9232 2.6612 1.5082 17.8019 -0.6827 1.8842
Car -1 -1 -1.5569 587.5812 177.0565 614.1194 202.8640 1.5818 1.6512 4.1000 -0.5995 1.8675 46.9402 -1.5697 1.3719
Pedestrian -1 -1 2.2623 63.8379 188.3811 107.1036 248.1139 1.7440 0.6360 0.8886 -15.8599 2.2228 21.7674 1.6326 1.1381
Car -1 -1 -0.6359 268.6607 171.9071 321.7754 190.3825 1.4673 1.5766 3.8147 -25.8689 1.3924 59.3454 -1.0469 0.8222
Pedestrian -1 -1 -0.5961 1083.4145 146.6612 1145.6804 233.4265 1.6255 0.6239 0.7582 9.6082 1.1351 13.8306 0.0111 -0.0032
Car -1 -1 2.2703 0.0000 201.7232 74.2803 264.5340 1.4911 1.6323 4.0184 -17.9324 2.4122 20.9937 1.5633 0.5119
Car -1 -1 -1.7756 760.1647 175.3219 807.0508 207.2582 1.5115 1.5854 3.5748 8.6226 1.6420 36.2350 -1.5420 0.5104
Car -1 -1 1.7012 706.1178 155.6484 733.7070 176.0555 1.5408 1.6292 4.0599 8.6380 0.2421 56.6521 1.8525 0.3396
Car -1 -1 1.8823 291.8521 189.3475 381.9050 244.4420 1.5200 1.6006 3.7548 -8.6196 2.0891 22.9630 1.5232 0.2397
