Car -1 -1 -1.5172 587.3767 171.1355 614.9225 194.8453 1.5247 1.6371 4.0496 -0.5866 1.4145 48.4526 -1.5294 2.7801
Cyclist -1 -1 1.3994 698.4697 159.4319 729.6303 222.4042 1.7918 0.6080 1.8278 3.0274 1.4102 21.4504 1.5396 4.4277
Pedestrian -1 -1 -1.1689 682.5124 163.5078 696.3372 189.5939 1.6667 0.6309 0.7857 5.0997 1.0699 46.5943 -1.0599 -0.3133
Car -1 -1 1.8558 335.9665 180.4139 426.5687 233.4621 1.4670 1.6282 4.0121 -7.0680 1.7248 22.5482 1.5521 2.4119
Cyclist -1 -1 -0.0032 585.6983 166.6940 613.6716 194.1756 1.7613 0.5587 1.7933 -0.6977 1.3669 46.5369 -0.0182 0.1862
Car -1 -1 1.7536 442.5068 177.0978 488.3749 207.9845 1.4921 1.6327 3.9993 -7.4701 1.7244 37.4174 1.5565 1.9680
Car -1 -1 1.8216 379.1771 171.9731 452.0883 218.6119 1.5880 1.6542 3.9678 -7.0976 1.5584 26.5570 1.5604 1.5065
Car -1 -1 1.7396 462.0387 173.2216 499.8568 200.9086 1.5450 1.5906 3.6095 -7.5204 1.5677 42.1186 1.5629 1.4215
Car -1 -1 1.7704 419.4703 176.0908 473.2070 212.3947 1.4973 1.6040 3.7947 -7.2308 1.6499 32.0124 1.5482 1.0328
Car -1 -1 -1.7457 726.7195 142.9359 764.8195 169.3049 1.5018 1.5788 4.0315 8.1289 -0.2244 43.6578 -1.5616 0.0305
