Car -1 -1 -1.5707 586.2621 175.1134 611.8361 199.6891 1.5759 1.6533 4.0166 -0.7708 1.7349 48.6566 -1.5865 5.3462
Cyclist -1 -1 1.2810 777.3685 146.1542 852.4729 269.1346 1.8064 0.6280 1.8911 3.1788 1.4146 11.5478 1.5496 6.4790
Pedestrian -1 -1 -1.7360 882.5246 142.6005 917.2649 213.1047 1.7994 0.7243 0.7678 7.5211 1.0276 18.8643 -1.3566 0.4828
Car -1 -1 1.8161 448.9077 180.1913 476.9908 197.1517 1.5095 1.6489 4.1179 -13.8629 2.2240 68.1222 1.6153 3.0383
Car -1 -1 -1.3416 404.5472 181.6327 464.5153 220.0316 1.4703 1.6162 3.8970 -7.3713 1.8652 30.4732 -1.5789 2.3135
Car -1 -1 1.8680 333.3233 180.0973 425.7654 236.2659 1.5681 1.6549 4.0197 -7.1610 1.8164 22.6782 1.5621 2.2840
Car -1 -1 2.0092 196.3003 179.7107 266.4725 214.3820 1.6332 1.6500 3.9396 -19.2422 2.0022 36.7823 1.5273 1.7340
Car -1 -1 2.1831 714.0138 171.4531 785.2568 202.4078 1.4680 1.6038 3.8098 6.9887 1.4019 36.1150 2.3742 1.4508
Car -1 -1 -1.2532 782.1721 156.1235 823.3538 178.3464 1.4817 1.6150 3.9557 13.4179 0.3666 50.2019 -0.9921 0.4177
Car -1 -1 1.7174 462.9375 178.6295 499.1495 206.4790 1.5509 1.5953 3.6866 -7.6402 1.9090 42.8191 1.5409 0.3519
Car -1 -1 1.7783 440.2779 182.4006 486.7555 213.1308 1.4671 1.6128 3.8558 -7.6049 1.9903 37.5801 1.5787 -0.5927
