Car -1 -1 -1.5594 585.9609 178.5928 611.4196 204.1751 1.6291 1.6516 3.8199 -0.7735 2.0322 48.7188 -1.5753 4.4643
Pedestrian -1 -1 -0.8535 1175.6433 148.5360 1207.7604 190.0371 1.6511 0.6436 0.7957 23.4063 0.6840 29.0892 -0.1760 0.1865
Car -1 -1 1.8781 407.3545 182.2775 462.1560 216.0113 1.6073 1.6280 4.0453 -9.0977 2.1260 37.6099 1.6407 4.3820
Car -1 -1 1.9038 387.0708 178.3842 433.9754 209.1972 1.8740 1.6984 4.0404 -12.8771 2.2481 46.6929 1.6348 3.7096
Car -1 -1 1.8340 372.6216 181.9487 444.9591 228.8402 1.5528 1.6253 3.8071 -7.3499 1.9118 26.5407 1.5638 3.0659
Car -1 -1 1.7009 458.5482 178.3671 494.6083 206.5706 1.5384 1.5956 3.7251 -7.7537 1.8743 42.0006 1.5184 2.5982
Car -1 -1 1.7501 486.3036 179.9406 510.1640 196.4928 1.5034 1.6034 3.8288 -10.6940 2.2017 69.1236 1.5966 0.6296
Car -1 -1 -0.6128 874.8230 176.9645 1108.0991 255.3196 1.4719 1.6193 4.0183 7.6534 1.5623 14.7335 -0.1337 0.4214
Car -1 -1 -1.7000 664.2348 157.6760 688.1598 174.8424 1.4645 1.6000 3.9285 5.7772 0.1700 63.5460 -1.6094 0.3210
Car -1 -1 -1.1666 228.0452 188.0851 370.3209 263.8218 1.4780 1.6170 3.9254 -7.1100 1.8754 16.8358 -1.5662 0.1390
Car -1 -1 1.7739 423.8521 183.0579 475.2526 217.7826 1.4929 1.6211 3.8899 -7.5579 2.0035 34.1236 1.5560 0.0206
Car -1 -1 1.6478 517.8435 181.0828 539.4061 199.4942 1.5552 1.6258 3.9404 -7.2910 2.3166 64.7294 1.5356 -0.6934
