Car -1 -1 2.0224 144.3414 179.4665 309.5817 264.0757 1.6719 1.6998 4.1795 -8.6734 1.8447 16.6975 1.5434 12.7147
Cyclist -1 -1 -0.0334 587.5341 171.6321 614.8800 198.3308 1.7239 0.5126 1.7601 -0.6067 1.6454 46.8827 -0.0463 0.2201
Pedestrian -1 -1 1.3726 1210.2208 142.4785 1241.0000 199.4689 1.7344 0.6275 0.7941 19.1328 0.8103 22.4552 2.0783 0.3733
Car -1 -1 1.9466 252.0802 169.8381 344.6353 229.1581 2.1333 1.8211 4.4038 -12.0694 2.0252 28.1733 1.5419 6.2384
Pedestrian -1 -1 2.7794 731.0787 176.6026 753.6585 217.8318 1.6983 0.6430 0.7487 5.4903 1.8574 30.1717 2.9594 -0.3022
Car -1 -1 -1.5616 589.3596 175.3051 614.9082 200.2552 1.6027 1.6549 3.9333 -0.5447 1.7752 48.7011 -1.5728 5.2031
Car -1 -1 1.8165 451.4166 172.9505 492.2042 198.5955 1.6798 1.7081 4.5054 -9.4624 1.6871 49.5741 1.6279 4.0012
Car -1 -1 1.7318 468.3269 176.0670 503.6233 202.7275 1.5722 1.5977 3.6513 -7.6927 1.7804 44.8228 1.5619 1.1000
Car -1 -1 1.7821 430.9125 182.8960 480.0053 215.9698 1.4538 1.5837 3.5952 -7.3896 1.9608 34.6032 1.5717 0.7027
Car -1 -1 2.1970 0.0000 189.5189 233.6497 336.1261 1.5297 1.6303 3.8956 -7.0717 1.8044 9.9233 1.5778 0.4662
Car -1 -1 -1.2789 357.2785 182.1482 439.4652 231.3547 1.4843 1.6138 3.9003 -7.1091 1.8250 24.4596 -1.5617 0.3351
