Car -1 -1 1.8199 364.1361 180.1381 426.1333 216.7740 1.4289 1.6109 4.0085 -9.1803 1.7626 30.9817 1.5318 10.6386
Car -1 -1 2.2678 0.0000 195.8614 126.8072 341.1578 1.4587 1.6081 4.1511 -8.9010 1.8451 10.0047 1.5408 7.9431
Car -1 -1 -1.5304 586.2595 170.5301 612.9610 194.7467 1.5219 1.6015 3.6745 -0.6771 1.3762 47.2010 -1.5447 3.2512
Car -1 -1 1.8427 451.3603 176.3245 486.2199 197.0629 1.4738 1.5896 3.8190 -10.5313 1.7429 53.8984 1.6497 1.9310
Car -1 -1 -0.9132 790.7916 148.3073 896.3588 198.3750 1.7331 1.6647 3.9446 8.6559 0.8837 26.7739 -0.6005 1.3253
Car -1 -1 1.8771 379.2614 173.9228 452.7095 218.0836 1.5336 1.6082 3.7217 -7.2224 1.5768 27.0412 1.6161 0.8379
Car -1 -1 -1.1051 131.7143 175.0263 334.0997 273.0218 1.6301 1.6994 4.4544 -7.2276 1.6803 14.3269 -1.5723 0.6695
Car -1 -1 2.0967 0.0000 188.0531 213.2375 333.6379 1.4833 1.6470 4.1400 -7.2989 1.7384 9.9433 1.4635 0.1518
Car -1 -1 -1.6429 549.0503 172.7563 568.7981 188.7491 1.4672 1.5902 3.7548 -4.8673 1.4585 68.1617 -1.7142 0.1292
Car -1 -1 -2.7929 809.6595 151.3022 864.1840 171.0759 1.4618 1.5737 3.6765 17.3777 -0.1405 55.3944 -2.4889 -0.0075
Car -1 -1 1.9156 281.5804 173.4075 394.8094 239.5440 1.6042 1.6361 3.8715 -7.2328 1.6209 19.4753 1.5600 -0.3912
