Car -1 -1 2.0729 69.8797 170.2015 267.2788 270.1384 1.9561 1.7899 4.6569 -9.8100 1.9045 16.4784 1.5359 9.4446
Cyclist -1 -1 -2.5019 627.8374 168.6051 659.0093 200.2558 1.7284 0.5285 1.7660 1.8176 1.4968 40.1637 -2.4567 4.4196
Pedestrian -1 -1 -3.1800 639.9108 168.6910 655.6069 198.9985 1.6659 0.6477 0.8435 2.0537 1.4374 39.9867 -3.1287 1.9373
Car -1 -1 -1.4734 514.2391 175.0174 558.3555 212.2511 1.6342 1.6755 4.0870 -3.4447 1.7425 33.9500 -1.5745 6.6930
Cyclist -1 -1 0.0037 579.8722 171.6860 607.7130 198.2592 1.6540 0.6802 1.7331 -1.0479 1.5816 45.2644 -0.0195 0.2412
Pedestrian -1 -1 -0.6476 1204.7583 137.8225 1241.0000 192.8951 1.7896 0.6105 0.8427 20.2267 0.6516 23.7722 0.0574 -0.4810
Car -1 -1 1.7944 403.7745 182.5802 448.8034 209.8754 1.4516 1.6646 4.1164 -10.6459 2.0452 41.9299 1.5458 5.7331
Cyclist -1 -1 1.1349 966.1174 125.7748 1012.1603 184.8677 1.6678 0.5366 1.6755 11.0724 0.3394 21.2099 1.6160 -0.7710
Pedestrian -1 -1 2.8554 778.9157 157.8932 797.8653 193.0175 1.7518 0.6534 0.7723 8.9402 1.0060 36.3263 3.0967 -0.6064
Car -1 -1 -1.5733 578.9427 175.7309 604.8921 200.3310 1.5180 1.6180 3.8494 -1.2144 1.7132 46.9227 -1.5992 4.3540
Car -1 -1 2.1168 87.9543 164.9305 143.3471 186.1474 1.4624 1.5371 3.7718 -35.3473 0.9166 51.6557 1.5167 1.8350
Car -1 -1 1.7788 410.4912 179.5879 463.2088 215.1022 1.4693 1.5826 3.6443 -7.7461 1.7892 32.3900 1.5440 1.1996
Car -1 -1 1.5743 639.7290 173.5633 663.7311 196.1565 1.5352 1.6341 4.0310 2.9377 1.5880 51.2170 1.6316 0.4487
Car -1 -1 2.0866 137.3736 162.3428 190.4214 183.3615 1.5400 1.6394 4.0741 -33.9130 0.7702 54.9293 1.5335 -0.6623
Car -1 -1 1.8214 375.5327 182.9819 441.3690 225.3754 1.4488 1.5722 3.5187 -7.5827 1.8570 27.2784 1.5503 -0.8315
