Car -1 -1 2.1488 87.1976 189.4051 238.4650 257.3888 1.6090 1.6300 4.0390 -12.3035 2.1175 20.1106 1.5997 13.8140
Cyclist -1 -1 2.2327 268.8438 177.4915 304.9318 215.8334 1.7143 0.5827 1.7346 -14.9742 1.9352 33.3910 1.8111 1.7300
Pedestrian -1 -1 2.6382 275.7282 180.3987 300.5535 218.8944 1.7442 0.6411 0.8462 -14.9496 2.0997 33.4281 2.2177 0.7258
Car -1 -1 1.8381 436.2308 181.5498 475.1431 204.4561 1.4649 1.6067 4.0812 -10.6281 2.0906 49.8056 1.6278 9.1290
Pedestrian -1 -1 -1.6814 732.6944 169.7728 751.5905 213.0600 1.7606 0.6814 0.7972 5.4046 1.6357 29.7657 -1.5018 -0.0659
Car -1 -1 2.2990 0.0000 200.1065 120.8788 329.1042 1.4786 1.5592 3.8781 -9.6436 1.9694 11.0368 1.5809 8.8337
Car -1 -1 1.8038 386.7194 177.4466 456.6844 222.5284 1.5223 1.6334 3.9808 -6.9349 1.7059 26.7770 1.5504 3.0705
Car -1 -1 1.7860 429.5098 179.5285 483.6100 215.9414 1.4763 1.5814 3.6745 -6.7280 1.7876 31.7681 1.5773 2.4172
Car -1 -1 -1.4971 1203.9872 158.6983 1241.0000 191.2513 1.4782 1.6010 4.0257 29.8509 0.8358 34.7526 -0.7874 1.3867
Car -1 -1 2.2180 37.1875 133.7687 186.0016 191.3547 1.6249 1.6709 4.0905 -15.3413 0.5224 22.4390 1.6184 0.4217
Car -1 -1 1.8634 329.7299 177.2381 426.2798 234.4412 1.5308 1.6461 4.0704 -6.8771 1.6753 21.6670 1.5560 0.1572
Car -1 -1 -2.0391 898.1031 163.9840 1012.0084 220.3747 1.5334 1.5587 3.6467 10.0764 1.2925 21.4625 -1.6002 0.0387
Car -1 -1 -0.0655 604.3404 174.6421 669.2879 200.7346 1.5931 1.6393 3.9508 1.6078 1.7073 45.0513 -0.0299 -0.0055
