Car -1 -1 -1.5620 587.2041 174.0882 619.1975 206.2968 1.7207 1.7164 4.2587 -0.4032 1.7945 40.8370 -1.5718 6.6376
Cyclist -1 -1 1.2878 773.6149 151.7327 794.9108 186.8903 1.8663 0.6186 1.8961 9.4331 0.7455 39.2606 1.5236 -0.0372
Pedestrian -1 -1 1.9560 728.7127 168.9678 741.7665 193.8461 1.6624 0.6235 0.7741 8.4256 1.4031 48.7043 2.1273 -0.0594
Car -1 -1 -2.7335 1028.9367 147.2032 1092.4586 169.0354 1.4690 1.5249 3.4943 31.8292 -0.2798 51.0703 -2.1762 5.5471
Car -1 -1 1.7509 442.7727 176.0854 487.6060 209.2869 1.5503 1.5750 3.5357 -7.1714 1.7190 35.8164 1.5533 2.0733
Car -1 -1 1.7867 397.5644 176.8872 462.4965 219.8153 1.5537 1.6536 4.0876 -7.0748 1.7252 28.5645 1.5439 0.7709
Car -1 -1 2.2236 0.0000 191.3065 212.1624 359.3748 1.4748 1.6297 4.0298 -6.8181 1.7518 8.7929 1.5640 0.3206
Car -1 -1 1.6172 563.8498 181.7606 586.2594 202.1833 1.4698 1.5466 3.9213 -2.6883 2.1807 55.5995 1.5689 0.3103
Car -1 -1 -1.7862 774.4338 181.7079 826.0036 215.6619 1.4802 1.6055 3.7048 8.9416 1.9248 34.3174 -1.5313 -0.6355
Car -1 -1 -1.4740 837.1598 162.1386 859.6435 178.9289 1.4886 1.5930 3.8298 21.8244 0.5390 66.0419 -1.1549 -0.7132
