Car -1 -1 1.9577 291.6920 188.7794 382.2076 241.6619 1.4668 1.5207 3.3177 -8.5349 2.0053 22.7007 1.5981 11.4985
Cyclist -1 -1 -3.2358 596.0116 173.8564 626.0190 203.0092 1.7521 0.5385 1.7757 0.0246 1.8137 43.7364 -3.2352 -0.0938
Pedestrian -1 -1 1.2864 973.6060 155.7500 1019.1537 237.9962 1.7241 0.6422 0.8927 8.3024 1.3659 15.6249 1.7748 3.4634
Car -1 -1 2.0260 228.4823 189.7782 328.3266 238.7178 1.5158 1.6189 4.0619 -11.7714 2.1700 25.8177 1.5983 9.0157
Car -1 -1 -1.5596 598.7389 177.6282 625.8466 204.3510 1.5911 1.6399 3.7545 0.1318 1.9052 45.5216 -1.5567 5.1723
Car -1 -1 1.7560 456.8116 181.9064 495.8686 208.0826 1.5771 1.7121 4.5381 -8.7341 2.1995 47.3108 1.5734 5.1173
Car -1 -1 1.7833 408.3742 179.5536 472.3375 223.9181 1.5812 1.6404 3.9700 -6.6121 1.8631 28.3159 1.5539 4.5358
Car -1 -1 1.7531 441.6170 181.1867 492.2051 218.3917 1.5754 1.6259 3.8238 -6.5831 1.9830 33.3336 1.5581 2.3234
Car -1 -1 1.7293 472.0109 179.5922 512.5569 210.2119 1.6009 1.6487 3.9453 -6.5983 1.9986 40.5664 1.5680 2.1639
Car -1 -1 2.2480 0.0000 190.3982 124.5613 253.8596 1.4952 1.6299 3.9679 -15.7357 2.0328 20.0947 1.5837 1.3052
Car -1 -1 1.6052 620.4536 184.3733 643.1243 205.6732 1.4746 1.5685 3.8038 1.6331 2.3684 54.0072 1.6354 0.3184
Car -1 -1 1.3876 743.0898 176.9852 779.5676 202.2573 1.4766 1.5703 3.5848 9.2671 1.7425 44.5567 1.5926 -0.3298
