Car -1 -1 -1.5648 586.5677 172.1763 618.4817 202.0948 1.5875 1.6935 4.2421 -0.4437 1.5519 40.4078 -1.5758 6.2178
Cyclist -1 -1 1.2061 858.5975 142.2408 891.1499 189.4835 1.6719 0.5388 1.7124 9.6267 0.5889 26.3927 1.5559 1.8307
Pedestrian -1 -1 0.3008 365.2693 178.4107 380.9087 203.9356 1.6556 0.6093 0.8303 -15.5409 2.0222 47.2446 -0.0170 -0.6946
Car -1 -1 1.7904 395.4225 177.4121 459.6791 220.6501 1.5540 1.6308 3.9060 -7.1163 1.7457 28.3194 1.5442 1.5612
Car -1 -1 0.9917 1052.6906 144.2477 1133.7094 176.7914 1.6175 1.6652 3.8843 25.1745 0.1961 37.8074 1.5791 1.1996
Car -1 -1 1.7407 449.6698 174.3637 493.6891 206.1330 1.5704 1.6376 3.8487 -7.2222 1.6539 37.7880 1.5518 0.8370
Car -1 -1 1.8261 350.4200 175.5975 434.6011 229.3036 1.5719 1.6425 4.0085 -6.9675 1.6688 23.3544 1.5362 0.7999
Car -1 -1 -2.3110 836.1891 163.8616 886.8011 182.8003 1.5896 1.6416 4.3731 21.8414 0.8352 62.8912 -1.9768 0.7113
Car -1 -1 1.9435 258.7081 182.8756 385.9515 251.3939 1.4714 1.6079 3.9676 -7.0741 1.7502 18.0571 1.5701 -0.5341
Car -1 -1 -3.2136 1135.3758 140.3425 1234.3755 171.3101 1.5375 1.6320 3.9425 29.9458 -0.0843 37.7827 -2.5434 -0.5800
Car -1 -1 0.1180 11.0285 187.4821 88.4652 210.7407 1.4847 1.6395 4.0757 -38.7702 2.5345 50.0119 -0.5414 -0.7891
