Car -1 -1 1.8804 370.7402 184.4009 428.6137 216.4771 1.5142 1.6758 4.3106 -10.9715 2.1544 37.8033 1.5979 10.8861
Cyclist -1 -1 -0.9887 198.3737 175.8718 240.1837 223.3532 1.7565 0.5219 1.7787 -15.0264 1.8766 27.7133 -1.4856 1.2794
Pedestrian -1 -1 -2.0131 971.0347 160.4108 1011.8549 221.1987 1.5666 0.7169 0.6989 9.9644 1.2463 18.9566 -1.5291 3.7876
Car -1 -1 1.8274 381.0832 178.6020 454.7547 223.8331 1.4585 1.6137 3.8074 -6.7766 1.6784 25.6525 1.5692 3.6445
Cyclist -1 -1 1.0419 779.2824 163.3646 809.1817 199.9308 1.7514 0.6087 1.7779 9.0098 1.2973 35.4959 1.2905 -0.2393
Pedestrian -1 -1 0.0751 281.2789 182.4470 301.2570 219.0331 1.6908 0.6082 0.8186 -15.0489 2.1488 33.9893 -0.3417 0.0868
Car -1 -1 -1.6426 597.8941 177.3331 628.0319 203.8891 1.6009 1.6429 3.9446 0.1182 1.9006 46.2017 -1.6401 3.3839
Car -1 -1 1.7915 423.5675 179.5670 479.7976 216.9435 1.4665 1.5835 3.6461 -6.7271 1.7704 30.7920 1.5764 2.0471
Car -1 -1 1.9030 310.8241 189.9251 358.8655 216.6908 1.4788 1.5786 3.8837 -16.8759 2.5747 44.3365 1.5393 -0.4960
Car -1 -1 1.2489 981.2945 156.9583 1038.1194 185.8341 1.4693 1.5714 3.6799 21.3062 0.6608 38.6626 1.7525 -0.5316
