Car -1 -1 1.9452 288.0293 186.5493 371.6575 229.0191 1.4841 1.6589 4.2455 -11.0687 2.0698 28.7114 1.5773 9.8344
Cyclist -1 -1 -1.0751 226.8178 180.7703 260.7225 223.6942 1.6936 0.4741 1.7403 -15.0796 2.0290 29.6645 -1.5454 0.4178
Pedestrian -1 -1 -2.2498 1075.6176 160.3174 1136.7830 237.1589 1.5178 0.7170 0.7397 10.0092 1.2706 14.6468 -1.6503 2.2669
Car -1 -1 1.8008 390.5276 177.8189 459.3475 224.0091 1.5484 1.6125 3.8575 -6.7605 1.7448 26.5471 1.5514 2.9033
Cyclist -1 -1 -1.6470 710.1311 168.3171 722.5793 197.4937 1.7219 0.6082 1.7462 6.3673 1.4545 43.4726 -1.5016 -0.1107
Pedestrian -1 -1 0.4608 231.0540 180.7940 259.0279 223.7375 1.7479 0.6307 0.8387 -15.1108 2.0797 29.8018 -0.0085 1.0220
Car -1 -1 1.8739 329.9065 176.7051 425.3753 232.6626 1.5080 1.6308 3.8978 -6.8948 1.6344 21.6640 1.5658 1.6465
Pedestrian -1 -1 -1.6761 785.7833 162.9754 814.7805 222.9497 1.6798 0.7197 0.8070 5.3927 1.4035 20.6596 -1.4208 0.4592
Car -1 -1 1.7436 488.4908 178.1485 522.1570 203.6217 1.5165 1.5429 3.3509 -6.5739 1.8622 45.3555 1.5996 1.1390
Pedestrian -1 -1 3.5141 129.7223 179.7752 170.5418 236.1744 1.7915 0.6625 0.9424 -14.9720 2.0207 23.4356 2.9456 0.3968
Car -1 -1 -1.5825 601.6249 177.2016 628.1147 203.0966 1.5521 1.6114 3.7849 0.2516 1.8397 45.7783 -1.5770 0.5333
Car -1 -1 1.7900 426.2149 178.2105 482.2555 215.3676 1.4927 1.6023 3.7758 -6.7519 1.7404 31.4237 1.5783 0.0629
Car -1 -1 1.4756 666.4428 176.3423 696.9326 200.2703 1.4910 1.6144 4.0542 4.6538 1.7312 47.5794 1.5731 -0.7470
