Car -1 -1 2.2436 0.0000 198.2190 152.1486 326.3625 1.4582 1.5578 3.3699 -8.5979 1.8898 10.5709 1.5607 10.0797
Car -1 -1 1.8102 406.3920 181.1634 457.7300 215.8573 1.5567 1.5895 3.7211 -8.6351 1.9830 35.1253 1.5691 9.9238
Car -1 -1 -1.5684 597.8982 174.2109 625.5182 201.6414 1.6394 1.6582 3.8507 0.0769 1.7285 45.2407 -1.5667 5.1389
Car -1 -1 1.8176 374.2847 175.9856 451.4361 226.8513 1.5837 1.6363 3.9006 -6.6806 1.6997 24.6689 1.5531 1.0768
Car -1 -1 2.2023 109.1213 192.7601 173.5122 217.2840 1.4749 1.5861 4.0139 -31.6195 2.8771 48.7637 1.6270 0.7047
Car -1 -1 -0.1375 804.8591 167.4397 891.7322 202.3698 1.5045 1.5581 3.4912 10.5144 1.2717 32.1521 0.1785 0.0842
Car -1 -1 1.8632 310.1806 185.2295 414.7548 249.1814 1.4532 1.5876 3.7354 -6.4366 1.8122 19.0189 1.5369 0.0136
Car -1 -1 -1.8136 976.4603 156.8951 1009.5416 175.0592 1.4903 1.5878 3.8903 32.4582 0.1813 61.2775 -1.3265 -0.0600
Car -1 -1 1.7505 477.4501 176.1179 516.4815 204.7308 1.5728 1.6115 3.6762 -6.5557 1.7713 41.9399 1.5955 -0.0715
Car -1 -1 2.1961 0.0000 198.2734 226.1310 368.6607 1.4691 1.6260 3.9602 -6.5807 1.8500 8.8065 1.5544 -0.2734
Car -1 -1 1.7775 431.1715 179.0912 485.6052 216.3562 1.5168 1.6129 3.7768 -6.6700 1.8092 31.8872 1.5713 -0.3991
Car -1 -1 -2.1992 986.3386 150.2526 1053.1091 175.8380 1.5219 1.6081 3.9310 25.4133 0.1779 44.9597 -1.6847 -0.4667
Car -1 -1 2.2681 0.0000 195.1351 144.4905 286.5078 1.5490 1.6100 3.8318 -11.8863 2.0761 15.1152 1.6017 -0.5068
