Car -1 -1 -1.6211 594.0466 170.8409 626.6712 200.7666 1.6532 1.6835 4.0792 -0.0584 1.5423 41.9373 -1.6225 4.0454
Cyclist -1 -1 -0.9537 138.5601 177.6649 186.2195 227.7643 1.7554 0.5449 1.7922 -16.3725 1.9377 26.3655 -1.5094 -0.6706
Pedestrian -1 -1 -1.9393 958.3194 129.6039 991.3087 183.7193 1.4930 0.6165 0.6972 10.1995 0.3001 20.2810 -1.4733 0.0719
Car -1 -1 1.8037 381.4458 173.4764 454.3611 222.3982 1.5876 1.6302 3.8622 -6.7121 1.6115 25.4127 1.5455 0.9857
Car -1 -1 -0.9905 755.5113 161.0003 815.6045 187.3929 1.5292 1.6312 3.9726 10.6455 0.8428 43.7560 -0.7519 0.8865
Car -1 -1 1.7678 444.1745 177.2899 491.0251 209.6329 1.4561 1.5597 3.4850 -6.8318 1.6806 34.7043 1.5734 0.1693
Car -1 -1 1.7697 417.6921 172.9415 477.3669 214.4435 1.6112 1.6529 4.0652 -6.7277 1.6155 30.0676 1.5496 0.0131
Car -1 -1 1.9585 764.5300 153.5114 805.3471 175.8084 1.4594 1.4789 3.5200 11.8993 0.1937 49.0835 2.1963 -0.1247
Car -1 -1 1.9628 217.8999 175.7589 371.5693 258.5139 1.5439 1.6336 3.9467 -6.6481 1.6150 15.5805 1.5595 -0.3337
Car -1 -1 2.1471 91.0119 177.3087 203.8944 224.9614 1.6236 1.6554 3.9550 -17.1590 1.8025 26.9366 1.5799 -0.7447
