Car -1 -1 2.2185 0.0000 198.8629 185.6069 324.1425 1.4819 1.6224 3.9470 -8.6815 1.9622 11.3320 1.5648 11.8630
Pedestrian -1 -1 2.8169 136.3778 203.6485 197.5788 290.5143 1.4600 0.6885 0.7587 -8.0319 2.0371 12.9991 2.2635 -0.1292
Car -1 -1 -1.5609 599.2798 175.9883 627.3969 203.7932 1.6223 1.6580 3.8427 0.1899 1.8242 44.4639 -1.5567 5.2217
Car -1 -1 -2.8989 449.1116 185.5659 518.1360 212.0017 1.4542 1.5688 3.6385 -7.2672 2.2013 41.4710 -3.0724 2.4561
Car -1 -1 1.7793 419.2229 181.9899 479.4696 223.6382 1.5485 1.6364 3.9370 -6.5653 1.9495 29.6668 1.5615 2.0602
Car -1 -1 1.2093 900.9331 173.1367 939.5664 191.8255 1.4795 1.6092 3.9609 25.3756 1.5039 59.1928 1.6143 1.2775
Car -1 -1 1.7490 447.5318 183.0158 497.0484 218.0958 1.5140 1.6315 3.9821 -6.5160 2.0255 34.2939 1.5612 1.2303
Car -1 -1 1.8566 343.9086 186.1681 435.1511 243.0090 1.4950 1.6148 3.8267 -6.5853 1.9330 21.7939 1.5632 0.7482
Car -1 -1 -2.3149 1102.1123 155.4592 1167.4600 177.4298 1.4735 1.5876 3.7120 36.4955 0.3072 50.3246 -1.6874 -0.2916
Car -1 -1 1.8615 374.8558 181.7389 411.2463 203.3102 1.5684 1.6342 3.9949 -16.8446 2.2842 56.1022 1.5698 -0.4646
