Car -1 -1 -1.5465 585.7613 173.0161 617.6994 203.7301 1.6296 1.6883 4.3018 -0.4516 1.6396 40.4658 -1.5576 5.1912
Cyclist -1 -1 -0.1115 356.4362 181.1807 386.4418 208.6260 1.7219 0.5718 1.7747 -15.3313 2.2636 46.2790 -0.4314 1.2812
Pedestrian -1 -1 2.6372 976.7006 143.7662 1002.8207 183.6048 1.6860 0.6220 0.7851 16.1931 0.4553 30.8521 3.1205 -0.8332
Car -1 -1 1.8239 409.1063 177.8488 470.9880 218.2684 1.5854 1.6455 3.8803 -7.2003 1.8122 30.7414 1.5938 1.1962
Cyclist -1 -1 1.9964 254.6650 184.3222 273.5961 205.3425 1.7230 0.7804 1.7778 -29.2601 2.7074 61.0159 1.5493 -0.3589
Car -1 -1 1.8205 376.2979 173.6122 451.1621 221.9596 1.6173 1.6688 4.0688 -7.0770 1.6473 26.2431 1.5571 0.5209
Car -1 -1 0.9413 1100.9132 145.8952 1160.6747 167.8305 1.4656 1.5729 3.6354 36.6103 -0.3665 50.8631 1.5652 -0.1833
Car -1 -1 2.0355 154.9078 189.1016 338.1697 280.3171 1.4795 1.6231 3.9974 -7.0639 1.8498 14.4211 1.5800 -0.2053
Car -1 -1 1.2214 1089.5254 152.2657 1153.4254 184.1118 1.7601 1.6875 4.2350 29.7391 0.6226 42.1397 1.8359 -0.3788
Car -1 -1 -2.0589 1004.7828 167.8523 1047.6320 185.4316 1.4786 1.5888 3.8701 36.0589 1.0583 62.6473 -1.5366 -0.5969
Car -1 -1 -0.7196 1172.9690 154.7109 1241.0000 191.8523 1.5976 1.6625 4.1703 27.5631 0.8175 31.8781 -0.0066 -0.8198
