Car -1 -1 1.8904 347.2112 191.0438 418.6767 230.4394 1.4430 1.6378 4.2119 -9.5372 2.2658 30.5027 1.5874 8.4908
Cyclist -1 -1 -2.8698 974.4764 89.9672 1241.0000 374.0000 1.6822 0.5493 1.6922 2.8282 1.3473 3.7546 -2.2242 6.0481
Pedestrian -1 -1 2.2475 791.6487 180.7683 902.5403 354.1443 1.6124 0.7272 0.7938 2.3303 1.6983 7.2773 2.5574 2.6375
Car -1 -1 -1.5583 602.5040 181.4642 629.3698 206.5297 1.4941 1.6543 4.0528 0.3743 2.0731 46.4518 -1.5502 6.5423
Cyclist -1 -1 -3.0254 845.3975 138.5917 1081.1200 358.7247 1.6982 0.6669 1.7811 3.0002 1.4343 6.3188 -2.5821 4.9272
Pedestrian -1 -1 -3.5691 913.2237 146.0409 1027.4664 374.0000 1.7025 0.6469 0.5439 2.6247 1.5136 5.4182 -3.1180 1.5389
Car -1 -1 1.6900 494.4983 185.0023 517.0343 201.3616 1.4887 1.6900 4.4060 -10.2650 2.7250 71.1814 1.5468 5.8762
Cyclist -1 -1 1.9717 348.1165 181.8891 369.8504 212.3559 1.7608 0.5784 1.7850 -15.0318 2.3129 43.1471 1.6365 1.7498
Pedestrian -1 -1 3.4438 350.3276 180.7833 367.4452 210.1318 1.7299 0.6218 0.8167 -15.0052 2.2067 43.0270 3.1082 -0.5081
Car -1 -1 1.7608 452.0288 182.9146 498.8856 216.4578 1.5440 1.6236 3.8211 -6.7402 2.0769 36.2739 1.5771 2.0002
Car -1 -1 1.7296 475.3227 185.5657 511.4824 213.1852 1.4552 1.5289 3.3676 -6.6585 2.2120 41.2484 1.5696 1.0937
Car -1 -1 0.9459 1092.2776 154.5019 1181.0107 185.6241 1.5640 1.6303 4.2412 27.8476 0.6421 38.3791 1.5736 0.6006
Car -1 -1 0.0127 706.2732 169.5370 783.1425 198.2957 1.5115 1.6109 4.0122 7.2525 1.3375 39.1004 0.1961 -0.2670
Car -1 -1 1.8135 385.7497 186.8838 454.7905 232.0379 1.4572 1.5864 3.7117 -6.8729 2.0054 26.3077 1.5579 -0.2951
Car -1 -1 -1.5075 1201.0024 148.7515 1241.0000 178.5423 1.5440 1.6311 4.0072 33.5011 0.2952 39.4016 -0.8029 -0.5333
Car -1 -1 2.1302 277.8884 189.0440 349.4760 220.5408 1.5015 1.6229 4.1140 -15.8719 2.4208 38.7856 1.7418 -0.6245
Car -1 -1 1.9038 326.3259 181.0084 422.3347 237.1213 1.4924 1.5968 3.7241 -6.9834 1.7582 21.6111 1.5913 -0.8073
