Car -1 -1 1.8995 329.7840 187.4537 409.4966 234.0883 1.4920 1.6004 3.7965 -8.6615 2.0607 26.1802 1.5800 12.3244
Car -1 -1 -1.5408 599.3667 176.0729 627.2480 203.5035 1.6239 1.6317 3.7000 0.2092 1.8335 45.0305 -1.5361 2.9342
Car -1 -1 2.2600 0.0000 194.1522 100.2388 260.2822 1.4610 1.6146 3.8658 -15.7289 2.0828 19.1170 1.5715 2.4149
Car -1 -1 1.8635 322.6245 182.1269 420.6783 244.6330 1.5469 1.6047 3.7199 -6.6230 1.8322 20.2892 1.5480 1.1101
Car -1 -1 1.7617 448.8259 176.6902 496.9641 212.1982 1.6033 1.6086 3.7113 -6.5971 1.7988 34.8378 1.5746 0.6900
Car -1 -1 2.1246 136.3104 187.9067 241.8514 232.7344 1.4810 1.6220 3.8840 -15.7247 2.0882 27.1187 1.5992 -0.0287
Car -1 -1 -3.5582 927.2180 144.1596 1009.4738 171.1401 1.4902 1.5897 3.8557 20.1986 -0.0987 40.8385 -3.0989 -0.0584
Car -1 -1 1.8886 791.8568 168.2682 854.6924 203.7556 1.5769 1.6529 4.1223 10.1311 1.3735 34.2235 2.1764 -0.5385
Car -1 -1 1.0073 1000.0984 156.5493 1059.4567 181.8078 1.6746 1.6478 4.0203 28.9074 0.5940 49.8752 1.5325 -0.5932
Car -1 -1 2.1982 89.1012 195.6098 145.2005 216.9144 1.4661 1.6077 3.8892 -38.0807 3.2890 55.8195 1.5995 -0.7593
