Car -1 -1 2.2883 0.0000 188.5701 100.9788 289.3283 1.6470 1.6371 3.9144 -12.3930 2.0030 14.3652 1.5765 9.4266
Cyclist -1 -1 2.3840 235.4774 177.5039 277.4813 218.0171 1.6500 0.5660 1.6584 -14.9470 1.8523 30.4602 1.9278 3.0226
Pedestrian -1 -1 2.6639 1086.8611 182.7917 1134.2554 262.6361 1.7396 0.6688 0.6361 11.1658 1.9680 16.1820 3.2679 -0.2425
Car -1 -1 1.8603 406.8472 179.5866 454.0832 208.0262 1.6058 1.6715 4.1457 -10.8772 2.0350 43.8465 1.6172 8.8577
Pedestrian -1 -1 -1.9838 948.8980 159.6788 980.0516 210.6178 1.4480 0.5943 0.6542 10.1889 1.0739 20.8476 -1.5292 -0.2475
Car -1 -1 -1.5920 599.2475 173.4392 626.3233 200.1355 1.6335 1.6437 3.7928 0.1112 1.6728 46.1414 -1.5896 3.8200
Pedestrian -1 -1 -1.9101 929.1746 158.7726 958.9534 215.0833 1.6769 0.6068 0.7390 10.0771 1.2580 21.8807 -1.4785 -0.3913
Car -1 -1 1.8370 383.7171 173.4487 456.6290 219.1056 1.5361 1.6181 3.7965 -6.8497 1.5597 26.2296 1.5816 3.1124
Car -1 -1 1.7579 462.7843 173.4342 505.3743 204.3649 1.5700 1.5972 3.6039 -6.7034 1.6028 38.5028 1.5856 2.4185
Car -1 -1 1.7511 329.4588 185.8255 368.2112 211.2441 1.4866 1.6424 4.1075 -16.8278 2.3629 46.5622 1.4043 1.6956
Car -1 -1 -1.7244 757.8686 169.6141 794.0914 195.5002 1.5043 1.5924 3.6736 9.9997 1.3164 43.8171 -1.5000 1.4263
Car -1 -1 1.3575 918.1832 153.2670 961.6804 179.3482 1.5053 1.6039 3.8750 19.8908 0.3752 43.7055 1.7846 1.2981
Car -1 -1 -1.4327 1090.2576 157.5273 1140.9126 188.9559 1.5324 1.6156 3.9038 26.0313 0.7854 37.1564 -0.8216 1.1214
Car -1 -1 1.9705 304.7818 181.4766 359.5981 209.6057 1.4774 1.5936 3.6809 -15.7159 1.9889 40.9034 1.6036 0.0485
Car -1 -1 1.9988 216.9583 176.6965 373.1860 255.9771 1.5328 1.6454 4.0874 -6.9079 1.6305 16.2112 1.5960 -0.2582
Car -1 -1 -1.7401 665.7053 177.7310 700.4519 202.2173 1.4556 1.5793 3.6600 4.5358 1.7763 45.5184 -1.6408 -0.4642
Car -1 -1 2.0572 193.2875 187.1600 231.6394 203.6615 1.4669 1.6001 3.8987 -38.2599 2.8842 69.5030 1.5540 -0.6271
