Car -1 -1 -1.5644 598.4140 178.7118 625.5729 205.3588 1.5843 1.6495 4.1541 0.1059 1.9742 45.8959 -1.5621 5.2596
Pedestrian -1 -1 1.2636 796.8189 164.7366 821.0765 213.2305 1.8194 0.6448 0.9138 7.5433 1.5152 27.5380 1.5309 2.3568
Car -1 -1 1.8648 406.5187 185.7301 449.8341 211.5415 1.5342 1.6470 3.9936 -11.8038 2.4087 46.9479 1.6185 2.2477
Pedestrian -1 -1 -1.7127 916.7457 152.6503 943.7528 210.8988 1.8699 0.6920 0.8691 10.4527 1.2216 23.6715 -1.2969 1.1060
Car -1 -1 1.8300 372.3009 186.5501 448.6956 236.0319 1.4924 1.6117 3.7271 -6.7663 1.9965 24.6649 1.5622 1.8625
Pedestrian -1 -1 -0.5089 995.8609 162.2467 1043.2066 233.4620 1.6392 0.6878 0.7229 9.5617 1.3954 16.9507 0.0047 1.0599
Car -1 -1 2.1677 68.1436 192.6841 191.7283 243.6312 1.4537 1.5997 3.6997 -15.7868 2.1619 23.8935 1.5838 1.2948
Pedestrian -1 -1 -1.7161 738.7232 173.9920 749.2206 198.4041 1.6678 0.6176 0.6817 9.1920 1.7470 49.6755 -1.5331 -0.0947
Car -1 -1 -1.7206 693.2459 184.2368 745.4310 222.0196 1.4761 1.6366 4.1482 4.6605 2.0065 31.5150 -1.5738 0.9017
Pedestrian -1 -1 2.5391 764.2251 178.8760 781.3045 209.0261 1.6728 0.6640 0.6819 9.1307 2.0160 40.6385 2.7601 -0.3860
Car -1 -1 1.8819 851.7406 173.3427 929.1672 216.7536 1.4650 1.5706 3.7204 10.2425 1.4845 26.3302 2.2529 0.0373
Car -1 -1 2.0756 154.5816 189.7299 246.2577 231.9893 1.4462 1.5756 3.5094 -15.7470 2.1395 27.8598 1.5611 -0.3140
Car -1 -1 1.3825 714.9687 177.7456 743.4121 197.7903 1.5074 1.5837 3.4791 9.3369 1.9053 56.8768 1.5452 -0.5194
