Car -1 -1 -1.5757 591.5651 178.2446 621.7324 207.4863 1.5564 1.6366 3.9454 -0.2388 1.8787 41.1129 -1.5816 3.4087
Cyclist -1 -1 -0.5491 1207.1684 164.8600 1241.0000 194.0767 1.7291 0.5930 1.7476 36.8370 1.2564 43.1298 0.1578 0.2274
Pedestrian -1 -1 -2.0051 1024.5857 168.6371 1069.9515 243.6072 1.7706 0.6696 0.7847 10.5226 1.6713 17.4638 -1.4628 0.8559
Car -1 -1 1.8463 352.3842 182.9726 435.9890 234.6801 1.4974 1.6226 3.8685 -6.9916 1.8560 23.5974 1.5582 2.8388
Cyclist -1 -1 -0.0101 587.0220 178.9379 619.7550 210.9362 1.7237 0.5111 1.7688 -0.3981 2.0573 39.2423 -0.0202 -0.5173
Pedestrian -1 -1 -2.0587 1071.3522 164.2958 1114.1124 236.8748 1.7292 0.6531 0.6091 11.6662 1.5256 17.5230 -1.4713 0.2622
Car -1 -1 2.1946 0.0000 184.2394 221.8390 356.7246 1.5542 1.6518 4.1005 -6.7000 1.7268 8.8420 1.5461 1.9123
Pedestrian -1 -1 -2.0803 1100.0502 162.9447 1143.9510 233.5824 1.6677 0.6448 0.6116 12.2685 1.4341 17.3706 -1.4654 -0.5830
Car -1 -1 0.9471 1150.0470 125.4495 1241.0000 165.9872 1.4694 1.5605 3.6795 23.4972 -0.2905 28.6747 1.6336 1.0391
Car -1 -1 -2.3449 1188.6828 174.5975 1241.0000 339.7866 1.5127 1.6383 4.2083 9.4350 1.5394 8.7897 -1.5241 0.4456
Car -1 -1 1.6325 408.7978 186.3444 433.3691 207.0343 1.4914 1.6322 4.0166 -14.8905 2.5957 56.9117 1.3766 -0.0214
Car -1 -1 1.9050 285.3915 179.7106 403.1702 250.0538 1.5926 1.6505 3.9347 -6.7734 1.7894 18.6968 1.5574 -0.2539
Car -1 -1 -2.0077 921.2235 155.8327 964.1223 175.8561 1.4603 1.5638 3.5832 25.0109 0.2193 54.4165 -1.5769 -0.3184
Car -1 -1 1.7592 431.2356 177.7098 484.1802 214.5947 1.5693 1.6517 4.0959 -6.9932 1.8076 33.3012 1.5522 -0.5012
