Car -1 -1 1.7744 432.3759 180.8815 486.2489 219.1775 1.5441 1.6049 3.6866 -6.5941 1.9178 31.7075 1.5693 3.0501
Cyclist -1 -1 2.1468 234.7675 178.7918 268.7476 218.0323 1.7295 0.5093 1.7731 -16.3975 2.0088 32.9840 1.6855 0.0951
Pedestrian -1 -1 -1.5614 995.8041 135.4230 1021.3960 196.1176 1.7420 0.6477 0.8771 11.6928 0.6680 21.2467 -1.0583 0.5592
Car -1 -1 -1.5860 596.7560 175.1076 625.3932 203.6431 1.5869 1.6050 3.7164 -0.0031 1.7252 42.2892 -1.5861 3.0274
Car -1 -1 1.8070 396.8484 180.3992 465.6195 225.8118 1.5223 1.6214 3.8197 -6.5767 1.8223 26.7346 1.5658 2.8027
Car -1 -1 2.3419 0.0000 190.4448 161.1727 374.0000 1.4961 1.6337 3.9507 -6.6273 1.7210 7.2110 1.5987 2.2671
Car -1 -1 1.7722 456.1531 180.3109 501.4527 212.0369 1.4854 1.5705 3.5584 -6.6052 1.8808 36.4206 1.5928 1.6812
Car -1 -1 2.1125 123.1806 150.0336 179.0989 171.4483 1.4877 1.6061 3.9775 -33.2713 -0.1056 52.3934 1.5467 0.3363
Car -1 -1 2.3302 828.4180 171.7322 929.1589 211.7666 1.4655 1.5971 3.6274 10.3664 1.4247 27.9245 2.6857 0.1302
Car -1 -1 1.9445 196.9291 181.9002 363.3264 273.6163 1.5454 1.6526 4.1240 -6.5149 1.7559 14.6648 1.5264 0.1054
Car -1 -1 1.8535 345.9579 180.0660 435.5747 234.5181 1.4998 1.6187 3.9270 -6.7195 1.7434 22.3632 1.5616 0.0503
Car -1 -1 1.7493 476.4892 180.3311 514.7084 207.6494 1.4552 1.5614 3.4787 -6.5139 1.9002 41.1499 1.5923 -0.1144
