Car -1 -1 -1.6131 585.0757 173.8346 617.8411 203.2411 1.5619 1.6584 4.1397 -0.5613 1.6203 40.5762 -1.6269 4.7545
Cyclist -1 -1 -0.1927 407.1349 176.0177 431.3373 197.9149 1.7560 0.5865 1.8256 -15.5453 2.0167 58.7131 -0.4516 0.6749
Pedestrian -1 -1 2.0510 196.0577 175.2313 221.2952 216.2347 1.6049 0.6125 0.7218 -15.9737 1.7009 28.6518 1.5424 0.0820
Car -1 -1 1.7944 412.1130 176.6185 470.8702 215.7570 1.5630 1.6410 3.9184 -7.2370 1.7362 31.1530 1.5661 2.1762
Cyclist -1 -1 0.8628 1175.5209 130.5489 1240.1788 187.5398 1.6712 0.5690 1.6651 18.1420 0.4310 21.9933 1.5526 -0.1025
Pedestrian -1 -1 1.2773 856.1984 163.7964 878.4656 207.7959 1.7654 0.6636 0.7482 10.4162 1.4024 29.3378 1.6185 -0.3838
Car -1 -1 1.8200 354.8211 174.9749 435.0552 225.4464 1.5123 1.6222 3.8611 -7.0135 1.5882 23.7410 1.5328 1.8269
Car -1 -1 1.2099 802.1238 177.5768 884.2731 219.7319 1.4829 1.6542 4.1436 8.8814 1.6802 27.9660 1.5174 1.3290
Car -1 -1 1.7538 451.4480 172.8219 495.6068 204.6363 1.6089 1.6414 3.8231 -7.2417 1.6077 38.4016 1.5674 0.9244
Car -1 -1 0.5538 878.3573 137.4393 979.2801 173.5092 1.4614 1.5781 3.7154 13.6744 0.0269 31.2080 0.9668 0.8083
Car -1 -1 1.5941 561.7388 180.9390 585.3898 203.0572 1.4811 1.6051 3.9107 -2.6085 2.0833 51.7350 1.5437 -0.1185
Car -1 -1 0.9129 1156.2793 136.9580 1241.0000 166.9838 1.5289 1.6353 3.8288 32.0525 -0.3362 39.4273 1.5955 -0.1220
Car -1 -1 -1.7069 682.6836 176.6041 717.6155 202.0048 1.4539 1.5989 3.7497 5.3870 1.6914 43.7403 -1.5844 -0.1946
