Car -1 -1 -1.5285 591.8761 174.6982 624.8529 204.9247 1.6254 1.7064 4.2887 -0.0800 1.7367 41.2393 -1.5305 7.0219
Cyclist -1 -1 0.0417 177.3704 183.2127 235.3921 233.4426 1.7734 0.6501 1.8331 -14.8221 2.1639 26.4668 -0.4688 4.2514
Pedestrian -1 -1 0.5335 124.5733 187.4865 165.0386 241.7533 1.6815 0.6307 0.8800 -14.7811 2.1524 22.8667 -0.0404 2.0224
Car -1 -1 -3.1866 1172.7175 129.0614 1241.0000 172.3707 1.4820 1.5398 3.6484 22.9153 -0.0185 26.4616 -2.4729 1.7696
Cyclist -1 -1 2.1348 94.2128 187.9728 127.1768 221.4169 1.8257 0.6164 1.9265 -28.5540 2.7107 41.2422 1.5293 0.6216
Pedestrian -1 -1 2.4518 832.4143 163.2164 859.9721 208.7505 1.6901 0.6610 0.7353 8.8648 1.3327 27.2202 2.7666 1.5419
Car -1 -1 -1.8913 812.6597 163.3838 887.2709 206.0266 1.5798 1.6354 3.9632 9.4055 1.2293 28.7129 -1.5747 -0.4519
Cyclist -1 -1 -0.3666 113.1429 185.4973 179.0798 241.5159 1.6890 0.5553 1.6793 -14.7943 2.1067 22.9737 -0.9387 -0.6157
Pedestrian -1 -1 2.0466 191.6992 184.6389 219.9259 231.7482 1.6959 0.6280 0.7622 -14.9160 2.1365 26.5604 1.5349 -0.5760
Car -1 -1 -1.2727 322.1952 178.3971 419.7284 238.6575 1.5504 1.6015 3.8755 -6.8309 1.7261 20.8725 -1.5890 -0.4752
Car -1 -1 1.6561 695.7583 182.1708 715.5249 198.4102 1.4940 1.5905 4.0484 9.4185 2.4388 70.9902 1.7880 -0.7501
