Car -1 -1 -1.4902 536.1900 178.3687 570.5019 208.0669 1.5047 1.5693 3.5584 -3.0559 1.8167 38.9965 -1.5685 7.8928
Cyclist -1 -1 -1.2965 386.6043 175.5573 418.2879 228.5203 1.6886 0.5819 1.6687 -6.9092 1.7817 23.9230 -1.5777 -0.4092
Pedestrian -1 -1 0.4767 383.3089 174.3605 417.6244 227.1704 1.7123 0.6610 0.8841 -6.9591 1.7633 23.8248 0.1925 3.2679
Car -1 -1 -1.5570 586.2247 179.8327 624.7820 214.9159 1.4371 1.6202 3.7888 -0.2172 1.7674 32.2096 -1.5638 7.3553
Pedestrian -1 -1 2.0948 213.9309 174.1430 270.9906 265.9587 1.7400 0.6454 0.8774 -7.2377 1.7664 14.1381 1.6216 2.4696
Car -1 -1 1.7321 537.9732 169.3223 563.7872 187.0215 1.4983 1.5927 4.2700 -5.1686 1.1997 63.2699 1.6506 1.4324
Pedestrian -1 -1 -0.2603 775.6920 173.6125 822.1642 275.4269 1.7225 0.6291 0.6378 3.2184 1.7364 12.5265 -0.0088 1.9019
Car -1 -1 2.0244 188.8316 181.8857 290.4798 226.7530 1.4944 1.6630 4.3164 -13.7892 1.8609 27.0764 1.5533 0.5420
Pedestrian -1 -1 0.1731 462.6097 172.5887 482.6333 210.4893 1.7388 0.6338 0.8152 -6.3993 1.7270 33.4240 -0.0161 1.8264
Car -1 -1 1.7384 471.1727 178.8765 494.4237 195.3081 1.4868 1.5582 3.8569 -12.0870 2.0762 68.6345 1.5641 0.1622
Pedestrian -1 -1 2.8427 789.0353 171.3535 883.0565 343.4229 1.6855 0.5840 0.7744 2.2319 1.6711 7.3586 3.1372 1.5654
Car -1 -1 1.1419 1163.9722 194.5635 1241.0000 236.8710 1.5533 1.6141 3.7736 25.3091 2.5356 30.6039 1.8329 0.0576
Pedestrian -1 -1 -3.4403 815.6201 176.4523 858.9348 261.7248 1.6902 0.5975 0.6906 4.5474 1.7650 14.6240 -3.1388 1.2131
Car -1 -1 0.9374 1045.0258 194.3087 1123.4810 227.1084 1.4956 1.5708 3.5426 24.2423 2.6525 37.0793 1.5164 -0.1582
Pedestrian -1 -1 2.2010 895.5981 185.7667 907.9654 211.9859 1.8224 0.6523 0.4793 20.5747 2.7418 50.9500 2.5848 0.2806
Car -1 -1 1.8769 336.8899 179.2522 388.1813 207.4386 1.4836 1.6220 3.9952 -13.9939 1.8646 40.9070 1.5473 -0.1597
Car -1 -1 1.8179 452.3508 185.1275 488.7483 208.4540 1.4802 1.5673 3.8885 -9.6183 2.3625 49.8592 1.6273 -0.6439
Car -1 -1 2.0324 416.9767 181.9091 454.8609 200.1845 1.4754 1.5992 3.9420 -15.0384 2.2856 62.4286 1.7960 -0.8299
