Car -1 -1 -1.5555 580.2481 178.7459 612.2441 207.7782 1.4346 1.6152 3.7799 -0.7395 1.7633 38.3137 -1.5748 6.7927
Cyclist -1 -1 -1.3468 334.9741 175.9282 368.9704 238.5898 1.7480 0.5640 1.7557 -7.5789 1.8422 21.1189 -1.6914 3.8267
Pedestrian -1 -1 -0.1080 671.4067 176.2183 691.5970 216.8076 1.6727 0.5971 0.7769 2.9361 1.8148 30.0856 -0.0107 2.6898
Car -1 -1 -1.5300 541.4822 178.0993 568.6415 201.7012 1.4269 1.5907 3.7423 -3.5259 1.7781 46.3602 -1.6059 6.3885
Cyclist -1 -1 -1.1780 214.1018 183.0202 254.4702 237.1886 1.6119 0.5484 1.6128 -11.7954 1.9424 22.6058 -1.6590 0.9336
Pedestrian -1 -1 -0.2649 653.1787 177.0654 681.9608 225.7923 1.6521 0.6472 0.8504 1.9397 1.8003 24.9276 -0.1873 2.1898
Car -1 -1 -0.8968 0.0000 187.3937 150.2528 257.4928 1.4610 1.5911 3.8686 -13.4575 1.8595 17.8013 -1.5441 2.7115
Cyclist -1 -1 -1.5887 675.8822 178.5800 690.3402 218.8078 1.6249 0.5698 1.6187 3.0114 1.8716 30.2078 -1.4893 0.3264
Pedestrian -1 -1 -2.2551 0.0000 182.8925 100.6885 372.4027 1.6815 0.6542 0.8748 -5.5523 1.7830 6.8523 -2.9361 1.9617
Car -1 -1 1.8950 347.3178 180.3243 396.3960 207.1241 1.4816 1.6190 3.8872 -14.1352 1.9466 42.9227 1.5768 -0.0026
Cyclist -1 -1 -1.6226 698.3322 176.9251 712.9288 214.5460 1.6273 0.5593 1.6309 4.2225 1.8142 32.2232 -1.4923 0.2362
Pedestrian -1 -1 1.3939 697.1861 176.6054 713.2843 214.4018 1.6679 0.6030 0.6754 4.2144 1.8378 32.2584 1.5238 1.1457
Car -1 -1 1.9672 284.8585 182.6257 350.6202 216.2670 1.4524 1.5814 3.6730 -13.7558 1.9391 34.0668 1.5835 -0.3333
Cyclist -1 -1 -1.4456 517.0432 177.1090 527.0420 199.4785 1.6709 0.5554 1.6628 -6.7304 2.0007 55.0406 -1.5672 -0.0930
Pedestrian -1 -1 0.3454 333.3307 178.0623 371.1506 237.6326 1.7008 0.6704 0.8611 -7.5383 1.8551 20.9918 0.0007 0.5413
Car -1 -1 -1.1932 742.8958 185.5818 782.2511 208.1147 1.6012 1.6506 3.9049 11.7864 2.6211 55.7079 -0.9847 -0.3870
Pedestrian -1 -1 -3.3059 721.1242 176.5426 775.3415 282.5187 1.6498 0.6440 0.7567 2.1542 1.7110 11.5819 -3.1220 -0.0098
Car -1 -1 2.1105 139.0590 187.3026 251.5493 237.5083 1.4523 1.5829 3.5892 -13.5428 1.9641 23.7228 1.5918 -0.5352
Pedestrian -1 -1 2.0396 223.6394 181.0921 281.0673 274.9832 1.6596 0.6382 0.8339 -6.6012 1.8160 13.2439 1.5772 -0.0654
Pedestrian -1 -1 2.1205 120.7044 184.4861 168.2866 255.2005 1.6847 0.6385 0.8436 -11.4933 1.9783 17.7580 1.5461 -0.1488
Pedestrian -1 -1 -1.8039 813.1585 158.8072 852.8235 237.4736 1.8686 0.7143 0.9925 5.3937 1.5353 17.6545 -1.5074 -0.2493
Pedestrian -1 -1 0.8441 885.9260 192.1228 1067.1350 374.0000 1.6651 0.6458 0.8622 2.3051 1.8052 4.7281 1.2977 -0.3835
