Car -1 -1 -1.5075 540.9453 170.3849 568.8171 192.7839 1.4326 1.6185 3.7338 -3.6629 1.2750 48.0214 -1.5836 7.6402
Cyclist -1 -1 -1.3415 375.4010 167.4755 403.8839 216.1228 1.6189 0.5871 1.6220 -7.6146 1.4403 24.8378 -1.6390 2.3342
Pedestrian -1 -1 -0.3013 685.7188 164.3513 733.5148 246.9395 1.7201 0.6477 0.8565 2.0700 1.5433 15.4155 -0.1678 3.4241
Car -1 -1 -1.5527 578.0779 170.6933 609.2819 198.3593 1.4517 1.6374 4.0545 -0.9023 1.3387 39.8893 -1.5754 6.6291
Cyclist -1 -1 1.8952 265.5535 168.7260 298.1318 215.6549 1.6480 0.5781 1.6657 -11.9388 1.5034 26.1940 1.4675 2.0586
Pedestrian -1 -1 1.0963 768.3565 166.1067 850.7570 318.0059 1.7016 0.6240 0.8381 2.2927 1.6264 8.5555 1.3581 3.3519
Car -1 -1 -1.0929 168.8466 181.1357 241.8090 214.2161 1.5167 1.6119 3.7808 -20.1073 1.9518 35.9541 -1.6028 1.0185
Cyclist -1 -1 1.4752 662.2304 169.8268 679.0428 204.8910 1.6114 0.6329 1.6313 2.8069 1.4726 33.9751 1.5576 1.8796
Pedestrian -1 -1 -0.2910 304.5945 166.4067 354.1503 241.9892 1.7302 0.6731 0.9381 -6.6880 1.5829 17.0682 -0.6644 2.7914
Car -1 -1 1.9174 334.9048 170.6909 385.6749 197.6585 1.4551 1.5779 3.6084 -14.0740 1.3388 40.7452 1.5848 0.0178
Cyclist -1 -1 -3.1948 574.9021 163.5632 608.6811 195.8517 1.6867 0.6421 1.7497 -1.0035 1.2017 38.0791 -3.2211 1.1743
Pedestrian -1 -1 0.3160 371.1406 165.3718 402.5411 216.1038 1.7205 0.6206 0.8822 -7.7042 1.4671 24.7840 0.0146 2.6105
Car -1 -1 -2.6391 721.4815 168.9215 771.7896 190.0503 1.6652 1.6289 3.6897 11.0665 1.3556 58.6637 -2.4526 -0.1800
Cyclist -1 -1 1.4578 686.5199 167.3235 701.7183 201.3267 1.6632 0.5707 1.6465 4.1640 1.3930 36.1130 1.5726 0.4341
Pedestrian -1 -1 2.1855 192.2925 176.7867 269.7515 295.6047 1.6659 0.6294 0.8598 -5.6075 1.7267 10.6113 1.6994 2.5763
Car -1 -1 2.1159 80.6657 173.9673 220.9783 229.0145 1.4842 1.6364 4.1172 -13.5980 1.5211 21.6079 1.5542 -0.5644
Cyclist -1 -1 1.7293 513.7932 167.9828 524.7288 189.9886 1.6459 0.5692 1.6713 -6.9129 1.2819 54.8075 1.6038 -0.3122
Pedestrian -1 -1 -0.0643 645.7216 165.5938 669.4369 209.3838 1.7249 0.6294 0.9026 1.8474 1.4393 28.7336 -0.0000 1.6052
Pedestrian -1 -1 1.2595 662.4505 168.0729 680.6058 204.8181 1.7044 0.6236 0.8368 2.8514 1.4830 33.9437 1.3433 0.2938
Pedestrian -1 -1 1.6289 541.2285 172.3370 551.3850 196.9905 1.5679 0.6112 0.6706 -4.1102 1.5353 46.2284 1.5402 -0.2836
