Car -1 -1 -1.5872 578.7374 172.0135 610.0466 199.5821 1.4277 1.6228 3.8303 -0.9217 1.3845 39.3099 -1.6107 6.7583
Cyclist -1 -1 -1.6685 665.8257 168.3466 681.8407 205.0706 1.6289 0.5645 1.6468 2.8556 1.4293 32.8279 -1.5818 1.4507
Pedestrian -1 -1 0.3898 280.8947 166.9776 332.6283 246.9273 1.7161 0.6249 0.8736 -6.6808 1.5903 15.8014 -0.0102 3.1010
Car -1 -1 -1.4766 542.3903 171.5098 572.6851 195.2912 1.5034 1.6343 3.9034 -3.4500 1.4188 47.5810 -1.5490 4.2914
Cyclist -1 -1 -1.1348 178.5416 172.4973 227.4512 232.7242 1.6366 0.5703 1.6387 -11.5520 1.6272 20.4432 -1.6492 -0.2632
Pedestrian -1 -1 -1.9393 803.5588 166.8707 891.9747 343.4887 1.6820 0.6046 0.7698 2.3190 1.6253 7.2709 -1.6305 3.0440
Car -1 -1 -0.9636 230.4822 174.3721 293.8718 200.9465 1.5033 1.5895 3.6739 -20.6775 1.5982 42.9756 -1.4121 0.0908
Cyclist -1 -1 -2.9459 491.4176 168.4486 517.3670 193.3617 1.6734 0.5602 1.6592 -7.1662 1.3778 48.7823 -3.0918 -0.3163
Pedestrian -1 -1 2.4331 57.0530 169.2684 121.0525 255.5251 1.7524 0.6278 0.8994 -10.9868 1.6799 15.1669 1.8061 2.6862
Cyclist -1 -1 -1.6543 651.3832 167.7575 669.5719 212.2848 1.6524 0.5549 1.6441 1.8777 1.4636 27.5999 -1.5863 -0.5681
Pedestrian -1 -1 -1.5717 651.3517 166.4145 669.1040 211.2647 1.6831 0.6651 0.7990 1.8696 1.4418 27.4955 -1.5038 2.0548
Pedestrian -1 -1 1.6798 482.8147 169.0661 494.4702 197.1633 1.6961 0.6307 0.6750 -7.4158 1.4678 43.9089 1.5124 1.9337
Pedestrian -1 -1 1.8536 365.0145 171.9591 390.3766 223.6843 1.6596 0.5994 0.7647 -7.6182 1.6313 23.5395 1.5406 1.6271
Pedestrian -1 -1 2.2852 134.5885 173.6269 227.0656 308.1510 1.6679 0.6298 0.8607 -5.6395 1.6789 9.4274 1.7461 0.5124
Pedestrian -1 -1 -2.9882 496.3486 168.9051 509.2869 194.3363 1.7026 0.6357 0.7752 -7.2507 1.4386 48.6241 -3.1363 -0.6527
Pedestrian -1 -1 1.1291 788.2297 154.6257 822.3969 221.5310 1.8430 0.7156 0.6505 5.4306 1.3412 20.2570 1.3910 -0.7681
