Car -1 -1 -1.5557 576.0481 177.1507 603.0296 201.5835 1.4196 1.5921 3.7019 -1.2662 1.6957 44.4370 -1.5842 6.5968
Cyclist -1 -1 -1.2563 262.6794 174.4441 298.5574 227.1002 1.6672 0.5900 1.6677 -10.8700 1.7218 23.7566 -1.6854 3.4018
Pedestrian -1 -1 2.0634 412.8261 170.5749 446.5754 225.8133 1.7288 0.6885 0.9384 -5.8147 1.6579 23.1187 1.8170 3.6925
Car -1 -1 -1.4567 543.8419 173.4131 570.9235 194.5880 1.5200 1.6017 3.7240 -3.9152 1.5635 53.7863 -1.5293 3.1731
Cyclist -1 -1 -1.1765 190.0725 174.3485 241.2201 239.1196 1.6369 0.6103 1.6337 -10.4673 1.6786 19.1156 -1.6774 2.3024
Pedestrian -1 -1 1.4632 651.3364 174.9018 669.1469 218.5241 1.6741 0.6248 0.6360 1.9068 1.7550 28.0486 1.5311 2.1880
Car -1 -1 -0.9829 82.3465 176.3794 225.2351 231.4321 1.4846 1.6342 4.1091 -13.6300 1.6017 21.7987 -1.5417 1.1780
Cyclist -1 -1 -1.2384 344.7956 174.0988 369.7168 210.4579 1.6618 0.5888 1.6847 -11.8918 1.7220 33.8761 -1.5760 0.4529
Pedestrian -1 -1 1.7862 431.8556 171.8079 450.4515 213.5119 1.6898 0.5842 0.8168 -6.9744 1.6477 29.6454 1.5551 2.1216
Car -1 -1 1.9965 245.8681 174.4968 326.1591 211.7753 1.4943 1.6321 4.0443 -13.9060 1.5702 31.1258 1.5763 -0.2019
Cyclist -1 -1 1.5841 644.0173 176.1856 653.1215 202.6147 1.6666 0.5664 1.6726 2.4630 1.8859 46.5652 1.6370 0.2628
Pedestrian -1 -1 2.0300 265.1295 171.1116 297.1377 224.2173 1.7103 0.6498 0.8437 -10.8240 1.6545 23.6658 1.6011 2.0139
Car -1 -1 1.8892 943.2291 210.6815 1055.9446 278.0001 1.4925 1.6144 3.9279 10.8684 2.6484 20.1041 2.3849 -0.4269
Cyclist -1 -1 -1.3520 412.6797 173.5037 441.9843 228.3535 1.6954 0.5663 1.6681 -5.8932 1.7174 23.1622 -1.6011 -0.5155
Pedestrian -1 -1 1.8799 318.8973 172.6327 341.6980 214.7792 1.6636 0.6486 0.7701 -11.2327 1.6552 28.8815 1.5090 1.6048
Cyclist -1 -1 -2.4065 419.1464 172.4229 460.3416 214.2845 1.6811 0.5906 1.6848 -7.0398 1.6641 29.6371 -2.6397 -0.7549
Pedestrian -1 -1 2.2425 196.0272 169.5973 241.3021 237.6517 1.7466 0.6478 0.8707 -10.3429 1.6634 19.0000 1.7440 1.3785
Pedestrian -1 -1 -3.1729 631.0491 176.3012 644.5881 205.3688 1.6507 0.6170 0.7556 1.5571 1.8501 41.3562 -3.1353 0.1328
Pedestrian -1 -1 -3.1826 642.2876 179.0598 654.6227 205.9642 1.7149 0.6169 0.7675 2.4414 2.1175 46.4462 -3.1300 -0.6670
