Car -1 -1 -1.5632 577.8577 172.6936 607.6351 199.1113 1.4137 1.5936 3.5612 -0.9897 1.4054 40.4022 -1.5877 6.8951
Cyclist -1 -1 -1.6874 398.6434 171.1294 419.8659 216.3344 1.6639 0.5842 1.6647 -7.6870 1.6008 27.4369 -1.9606 1.1258
Pedestrian -1 -1 2.4102 26.9950 173.0560 96.9437 265.1680 1.7090 0.6490 0.8571 -10.5695 1.7134 13.8685 1.7590 3.9935
Car -1 -1 -1.5004 542.1700 171.0688 569.7865 193.4959 1.4675 1.6175 3.7140 -3.6684 1.3510 49.0705 -1.5750 4.6393
Cyclist -1 -1 1.6105 525.5593 169.0430 534.0307 189.1512 1.6895 0.6506 1.7440 -6.8551 1.3696 61.5139 1.4996 0.5514
Pedestrian -1 -1 -2.7386 273.1043 171.4024 336.8854 266.4222 1.6898 0.6736 0.8796 -5.6035 1.6644 13.1660 -3.1410 2.4715
Car -1 -1 2.0580 142.4120 178.1209 254.9572 226.9396 1.4793 1.6173 3.9655 -13.7411 1.6716 24.2973 1.5433 1.1069
Cyclist -1 -1 -1.4112 517.1207 167.3222 527.5037 188.6103 1.6703 0.5658 1.6591 -7.0009 1.2366 57.4487 -1.5325 0.4474
Pedestrian -1 -1 1.4984 644.1639 168.7201 659.5633 208.1632 1.6957 0.6095 0.8346 1.7792 1.5183 31.4382 1.5549 1.3797
Cyclist -1 -1 -1.1104 164.9228 173.4355 219.2189 237.7711 1.6188 0.5769 1.6253 -11.0222 1.6351 18.9973 -1.6362 0.1379
Pedestrian -1 -1 -0.0726 657.2118 167.6520 673.5622 201.8826 1.7197 0.6121 0.7826 2.7651 1.4587 36.5532 0.0029 1.1266
Cyclist -1 -1 -1.5821 685.5261 169.1249 709.6497 236.3672 1.6227 0.5790 1.6222 2.1536 1.5331 18.2467 -1.4646 0.1231
Pedestrian -1 -1 -2.9963 502.8428 168.5259 515.0497 191.8678 1.6895 0.6107 0.8008 -7.3826 1.3766 52.5299 -3.1360 0.9370
Cyclist -1 -1 -0.0605 579.0409 167.9950 611.5764 198.9227 1.6582 0.4623 1.7323 -0.8335 1.3981 38.9846 -0.0819 -0.0620
Pedestrian -1 -1 -1.7988 756.6326 156.8541 783.7167 214.8557 1.9004 0.6875 0.9369 5.2991 1.3765 24.1105 -1.5824 0.4166
Cyclist -1 -1 1.6620 458.6248 169.1624 472.7370 201.8619 1.6856 0.5810 1.6863 -7.6412 1.4956 38.0598 1.4639 -0.2075
Pedestrian -1 -1 -0.1666 738.0257 169.5103 786.8475 278.3787 1.6426 0.6362 0.6427 2.3055 1.5925 11.2135 0.0362 0.2503
Cyclist -1 -1 1.4547 643.6362 168.8509 661.2362 207.9609 1.6520 0.5707 1.6605 1.7916 1.4833 31.3211 1.5118 -0.2194
Pedestrian -1 -1 0.1363 345.8270 174.9891 383.2502 238.1156 1.6841 0.7241 0.8795 -6.7446 1.7441 19.7161 -0.1933 -0.4797
Cyclist -1 -1 1.5296 680.3378 168.2938 692.1029 200.0418 1.6665 0.5565 1.6803 4.0483 1.4275 38.7288 1.6338 -0.3065
Cyclist -1 -1 -1.1712 242.7940 173.0462 282.7848 224.4602 1.6646 0.6065 1.6779 -11.6765 1.6717 24.2177 -1.6204 -0.5320
