Car -1 -1 -1.4504 519.5919 177.8877 561.1874 210.6271 1.4664 1.5751 3.5499 -3.3323 1.7211 34.6609 -1.5462 10.0553
Pedestrian -1 -1 2.4117 15.1433 174.7907 124.7157 317.0602 1.7236 0.6829 0.9009 -6.9595 1.7502 9.2609 1.7673 4.0289
Car -1 -1 -1.5699 579.1840 179.1466 624.4868 220.3817 1.4468 1.6271 3.8436 -0.3602 1.7068 27.8354 -1.5829 9.3142
Pedestrian -1 -1 1.8390 392.5104 175.6974 417.6320 228.1210 1.6298 0.6004 0.7051 -6.5229 1.7215 22.8239 1.5606 3.1941
Car -1 -1 1.8240 365.2472 178.6963 412.1780 208.6228 1.5185 1.5680 3.6755 -12.0009 1.8515 39.2090 1.5270 7.9503
Pedestrian -1 -1 2.0450 229.6682 175.8492 281.5628 267.0421 1.7147 0.6136 0.7854 -6.9087 1.7748 13.9876 1.5863 3.0446
Car -1 -1 2.0686 150.7598 180.7648 254.4042 226.3932 1.4581 1.5904 3.7723 -14.3698 1.7601 25.6091 1.5573 1.4559
Pedestrian -1 -1 0.3520 333.5216 173.7302 377.1341 241.9620 1.7376 0.6405 0.9017 -6.6421 1.7611 18.7055 0.0108 3.0321
Car -1 -1 0.2214 913.5987 181.3636 1073.9941 240.9524 1.6418 1.6762 4.1363 11.8035 1.9299 22.4218 0.7060 0.1253
Pedestrian -1 -1 1.7636 441.8950 173.1823 461.1050 216.2164 1.6965 0.6188 0.7494 -6.3708 1.7101 28.8298 1.5461 1.5150
Car -1 -1 -1.5681 603.4713 162.4083 630.0702 193.8466 2.2834 1.9322 5.2558 0.4946 1.5251 55.0419 -1.5591 -0.2597
Car -1 -1 1.8924 339.4305 171.5980 368.7470 187.1355 1.4825 1.5890 3.8076 -25.0764 1.3631 70.7627 1.5519 -0.4977
Car -1 -1 1.7763 451.1283 177.8402 477.3576 195.1924 1.4716 1.5489 3.7831 -12.9507 1.9285 64.1744 1.5772 -0.7394
