Car -1 -1 -1.5093 540.1567 175.4924 570.6242 201.2538 1.4776 1.6170 3.6290 -3.2935 1.6441 43.5833 -1.5847 7.8561
Cyclist -1 -1 -1.2361 221.0969 175.0685 279.0121 260.7228 1.6646 0.5591 1.6633 -7.4627 1.7134 14.9244 -1.6998 3.0132
Pedestrian -1 -1 2.1832 63.6652 173.3873 120.7441 253.3174 1.7458 0.6400 0.9043 -11.6729 1.7585 16.2188 1.5594 3.2652
Car -1 -1 -1.5647 582.5883 176.7093 616.8938 208.5487 1.4936 1.6314 3.8011 -0.5435 1.6976 36.2136 -1.5797 6.7151
Cyclist -1 -1 -1.3246 455.6294 173.3412 476.0355 208.7893 1.6887 0.5865 1.6862 -7.0705 1.7135 35.2511 -1.5225 2.8562
Pedestrian -1 -1 -0.1108 676.6567 171.2643 707.6486 237.5587 1.6821 0.6352 0.7271 2.0653 1.6421 18.6223 -0.0003 3.1280
Car -1 -1 2.0133 256.6742 181.0354 331.1727 217.5130 1.4499 1.5797 3.5765 -13.6625 1.8257 31.3007 1.6018 0.5052
Cyclist -1 -1 2.1869 46.2993 175.7297 125.1823 254.3710 1.6648 0.5744 1.6659 -11.7547 1.7329 16.1694 1.5583 1.9244
Pedestrian -1 -1 1.4191 694.4318 169.8384 716.9186 223.5534 1.7370 0.6121 0.8400 3.0987 1.6398 23.7565 1.5488 2.8877
Cyclist -1 -1 -1.4241 390.1057 172.8456 414.5186 222.7454 1.6950 0.5846 1.7119 -7.3394 1.6950 25.3935 -1.7055 1.2152
Pedestrian -1 -1 -0.0816 863.2795 156.5080 1009.5903 374.0000 1.7239 0.6630 0.9067 2.2664 1.6160 5.2350 0.3270 2.7759
Cyclist -1 -1 -0.0444 607.4428 168.7319 628.3535 189.1782 1.7968 0.5912 1.8220 0.6729 1.4349 63.7325 -0.0339 0.6154
Pedestrian -1 -1 1.6948 498.6577 173.2605 510.1367 200.8135 1.6903 0.6235 0.6836 -6.5606 1.7159 44.6193 1.5488 1.9470
Pedestrian -1 -1 0.1223 385.4101 171.7105 413.2436 222.5093 1.7491 0.6041 0.8675 -7.3987 1.7101 25.2092 -0.1632 1.7149
Pedestrian -1 -1 1.0532 223.8975 180.7656 276.9160 265.5963 1.6644 0.6438 0.8271 -7.3987 1.8319 14.7439 0.5881 0.3467
Pedestrian -1 -1 -0.4547 930.5792 154.1830 996.4094 271.9799 1.8019 0.6808 0.7029 5.5063 1.5166 11.3760 -0.0039 -0.4523
