Car -1 -1 -1.5691 576.6568 172.8970 600.8013 194.4671 1.4334 1.6048 3.6710 -1.4966 1.4368 49.8109 -1.5992 5.2753
Cyclist -1 -1 1.8543 399.2393 172.2609 417.4128 201.6418 1.6477 0.5665 1.6425 -11.5645 1.6148 41.2849 1.5812 1.8415
Pedestrian -1 -1 0.6239 265.6356 175.4330 306.0665 232.8450 1.6797 0.6502 0.8897 -9.7230 1.7585 21.5505 0.2000 1.7449
Car -1 -1 1.6905 546.1539 170.3858 572.0072 189.0630 1.5053 1.6711 4.1597 -4.2399 1.3067 60.2674 1.6203 3.0055
Cyclist -1 -1 -1.1979 377.1029 172.9104 400.1940 206.1357 1.6209 0.5573 1.6057 -11.0768 1.6241 36.0215 -1.4963 1.6316
Pedestrian -1 -1 1.8302 357.0020 174.0749 376.5381 213.2924 1.6857 0.6438 0.7208 -10.6267 1.7398 31.4157 1.5040 1.6958
Car -1 -1 1.9499 271.1400 177.3267 339.2914 211.6903 1.4543 1.5937 3.7318 -13.8512 1.6703 32.9043 1.5515 1.6051
Cyclist -1 -1 -1.2779 266.1086 173.6979 304.5542 232.4833 1.6904 0.5948 1.6782 -9.7626 1.7171 21.6414 -1.7017 1.3628
Pedestrian -1 -1 0.2967 379.5866 171.5813 398.3556 205.7629 1.6944 0.6098 0.7525 -11.0840 1.6317 36.0699 -0.0014 0.9349
Car -1 -1 -1.5895 659.4050 159.0092 680.1120 178.8791 1.5917 1.6312 4.0279 4.9050 0.4830 59.8594 -1.5077 1.3496
Cyclist -1 -1 1.5534 622.3554 170.4883 630.2363 193.3626 1.6820 0.5573 1.6969 1.1859 1.5084 53.9036 1.5754 0.5998
Pedestrian -1 -1 0.1744 476.4066 169.4950 495.4167 204.3830 1.7042 0.6079 0.8310 -6.1481 1.5405 35.5483 0.0031 -0.4587
Cyclist -1 -1 1.7401 426.5058 171.7489 438.5297 195.6612 1.6688 0.5574 1.6670 -12.6172 1.5920 51.2041 1.4985 0.0411
Pedestrian -1 -1 -0.0457 643.6485 168.3797 658.6501 205.8242 1.7322 0.6347 0.6700 1.8793 1.5256 33.6967 0.0100 -0.5569
Cyclist -1 -1 1.7869 413.3468 171.9160 428.3933 198.1202 1.6584 0.5956 1.6701 -12.2139 1.5994 46.5076 1.5301 -0.2651
Cyclist -1 -1 -1.3335 477.6001 170.9424 497.3286 206.1225 1.6911 0.5798 1.6881 -6.0636 1.5996 35.5437 -1.5025 -0.4305
