Car -1 -1 -1.4917 538.6400 177.9955 571.1142 205.3612 1.4594 1.5653 3.4993 -3.1195 1.7637 40.8881 -1.5679 8.4689
Cyclist -1 -1 -0.0073 583.2944 174.0451 621.4934 211.6206 1.6662 0.5779 1.6957 -0.3830 1.7204 32.3159 -0.0191 1.8725
Pedestrian -1 -1 -3.3144 712.8904 170.3757 764.6985 273.0054 1.7179 0.5878 0.7826 2.1456 1.6768 12.3692 -3.1426 3.8689
Car -1 -1 -1.5519 585.4263 178.5190 621.6102 212.0054 1.4598 1.6096 3.7121 -0.3107 1.7413 33.9460 -1.5611 6.2992
Cyclist -1 -1 -1.2914 318.3142 176.4211 358.2659 240.8584 1.6295 0.5674 1.6353 -7.2465 1.7288 19.1744 -1.6527 0.8513
Pedestrian -1 -1 -0.2450 759.2941 174.6671 797.8753 238.5217 1.7059 0.5902 0.9029 4.5230 1.7562 19.5934 -0.0182 2.7677
Car -1 -1 1.9598 264.4978 180.2885 336.0108 216.3197 1.4619 1.5967 3.7734 -13.6648 1.8111 31.9540 1.5557 0.4285
Pedestrian -1 -1 0.2574 425.3773 173.0670 450.2405 216.9126 1.7336 0.5943 0.8439 -6.9195 1.7426 28.8359 0.0219 2.4370
Car -1 -1 -1.1035 191.1749 181.1812 286.6094 225.4291 1.4627 1.5908 3.7396 -13.5145 1.7898 26.4292 -1.5762 -0.3732
Pedestrian -1 -1 1.9413 318.8511 176.9297 356.6819 243.4823 1.7127 0.6562 0.8994 -7.2337 1.8233 19.0731 1.5788 2.4335
