Car -1 -1 -1.5766 577.7597 169.7940 607.8548 197.4716 1.5097 1.6422 3.8976 -1.0337 1.3431 41.3264 -1.6016 6.3700
Cyclist -1 -1 -1.3385 460.9787 168.2178 478.1409 199.7891 1.6870 0.5498 1.6810 -7.6957 1.4396 39.4021 -1.5314 0.8445
Pedestrian -1 -1 2.3640 77.0639 170.5755 141.7528 256.4870 1.7472 0.6522 0.9291 -10.5720 1.7012 15.1881 1.7559 3.7781
Car -1 -1 -1.4971 542.8037 170.5819 569.5904 192.2013 1.4375 1.5820 3.6375 -3.7088 1.2868 49.7937 -1.5715 6.1665
Cyclist -1 -1 1.6636 518.3993 169.2886 527.7343 189.8887 1.6511 0.6032 1.6679 -7.0879 1.3657 58.6722 1.5434 0.6410
Pedestrian -1 -1 -0.3142 300.2547 170.0278 357.4059 257.8082 1.7012 0.6645 0.9105 -5.7116 1.6468 14.5269 -0.6888 3.6783
Car -1 -1 0.9001 1153.6325 186.3528 1221.8686 210.8481 1.4668 1.5695 3.5956 37.5096 2.3799 46.9872 1.5738 -0.2737
Cyclist -1 -1 1.8266 312.3659 167.3782 338.5604 209.0952 1.6977 0.6077 1.7237 -11.9563 1.4752 30.2527 1.4502 0.3424
Pedestrian -1 -1 2.0657 199.5129 171.0454 238.8728 232.5421 1.7004 0.6397 0.8763 -11.0792 1.6508 20.3871 1.5679 3.2319
Car -1 -1 0.9891 992.6725 181.6733 1241.0000 374.0000 1.4852 1.6207 3.9919 5.4638 1.5975 7.1052 1.6446 -0.3152
Cyclist -1 -1 1.6196 535.0418 170.1750 542.0693 187.9255 1.6696 0.5859 1.6846 -6.8184 1.4180 68.7198 1.5207 0.2364
Pedestrian -1 -1 -0.1578 717.9402 163.3826 773.6369 267.3743 1.7613 0.6582 0.8570 2.2983 1.6012 12.5567 0.0233 2.4765
Cyclist -1 -1 1.7227 407.0887 169.6052 429.2744 212.5640 1.6626 0.6101 1.6864 -7.6845 1.5373 28.7945 1.4619 -0.2947
Pedestrian -1 -1 0.3421 358.5690 164.6536 398.7775 227.4325 1.7992 0.6532 0.9524 -6.7773 1.5645 21.0169 0.0301 1.9241
Pedestrian -1 -1 -0.0800 672.8366 169.4111 702.2940 232.2904 1.6659 0.6010 0.7410 2.0339 1.5750 19.4226 0.0244 1.0081
Pedestrian -1 -1 -0.1241 676.0226 167.9201 690.7207 197.9111 1.6518 0.6238 0.7395 4.0352 1.3804 40.0578 -0.0237 0.0574
Pedestrian -1 -1 -2.9868 492.7617 168.9141 506.3989 194.3850 1.7211 0.6330 0.8298 -7.5368 1.4553 49.0705 -3.1392 -0.3676
Pedestrian -1 -1 1.6727 518.8650 169.5953 527.3497 190.7275 1.7073 0.6223 0.6483 -7.0818 1.4443 58.6196 1.5525 -0.6708
