Car -1 -1 -1.3952 576.7478 173.8091 606.8991 195.4812 1.4574 1.5250 3.4966 -1.2681 1.5271 50.5257 -1.4203 3.8647
Cyclist -1 -1 -1.6019 639.1301 173.5164 650.6152 204.2915 1.6893 0.5889 1.6832 1.9151 1.7276 40.4871 -1.5546 2.5133
Pedestrian -1 -1 2.0999 207.0227 170.2305 249.7935 242.9814 1.7174 0.6151 0.7590 -9.2534 1.6558 17.4217 1.6116 4.2625
Car -1 -1 -1.5163 553.0883 171.3116 573.4964 188.2454 1.4408 1.5906 3.6359 -4.0878 1.3099 63.2157 -1.5809 3.5242
Cyclist -1 -1 -1.3260 348.6589 173.6710 375.0623 217.8111 1.6690 0.5924 1.6599 -9.7136 1.7022 28.1636 -1.6581 2.0174
Pedestrian -1 -1 0.1499 498.5711 171.0155 514.2445 200.4447 1.7082 0.5848 0.8295 -6.0862 1.6018 42.1731 0.0065 1.4328
Car -1 -1 1.9655 272.8918 177.5513 344.7623 212.3597 1.4724 1.6269 3.9904 -13.7380 1.7010 33.0531 1.5716 0.2483
Cyclist -1 -1 -1.2749 202.0273 176.0564 249.3161 247.0207 1.6343 0.5652 1.6358 -9.3701 1.7164 17.5491 -1.7653 0.4282
Pedestrian -1 -1 -3.1775 636.2321 172.9366 652.7191 203.7978 1.7095 0.6357 0.8965 1.8863 1.7145 40.2910 -3.1307 0.4417
Car -1 -1 -1.6900 701.7262 180.2309 772.4953 235.2873 1.4728 1.6232 3.9982 3.7088 1.7177 21.8809 -1.5220 0.1391
Cyclist -1 -1 -1.6409 630.5098 174.4628 640.8328 201.0273 1.7073 0.5551 1.7279 1.6477 1.8152 47.3501 -1.6061 -0.7179
Pedestrian -1 -1 0.3661 348.2774 172.2489 374.6879 216.2160 1.6905 0.6547 0.7907 -9.7095 1.6676 28.0802 0.0332 0.4349
Car -1 -1 -1.6566 635.8242 172.9386 669.9254 201.9452 1.6078 1.6403 3.9387 2.4154 1.6133 41.9952 -1.5992 -0.4968
