Car -1 -1 -1.5176 547.2437 170.8715 569.3861 189.2419 1.4624 1.6109 4.0164 -4.2517 1.3049 59.4569 -1.5890 4.9357
Cyclist -1 -1 1.9790 234.5681 175.6287 283.2354 240.3749 1.6988 0.5798 1.7001 -9.6864 1.7789 19.8653 1.5253 2.4971
Pedestrian -1 -1 2.2070 238.8830 178.3798 279.9377 241.5642 1.6950 0.6259 0.8706 -9.7189 1.8517 19.9231 1.7531 3.5450
Car -1 -1 -1.5457 574.3819 171.3123 599.2733 193.8607 1.4672 1.5922 3.7555 -1.5658 1.3672 48.8297 -1.5778 2.0312
Cyclist -1 -1 -1.3619 472.1181 172.7947 492.1254 208.1232 1.6206 0.6039 1.6274 -6.0398 1.6182 33.9183 -1.5381 1.6505
Pedestrian -1 -1 2.0871 342.3596 173.4222 367.2393 213.8089 1.6444 0.6454 0.8308 -10.5957 1.6687 29.8545 1.7461 1.4985
Car -1 -1 -1.6181 634.9970 177.0414 666.4066 204.6371 1.4521 1.5749 3.6243 2.2007 1.6971 40.3349 -1.5636 -0.7057
Cyclist -1 -1 -1.2957 391.7343 172.2920 410.7091 202.9979 1.6578 0.5759 1.6669 -11.5382 1.6278 39.7883 -1.5780 1.6255
Pedestrian -1 -1 1.8077 393.7984 169.7800 408.3674 201.2946 1.7146 0.6208 0.7069 -11.5048 1.5477 39.6211 1.5251 1.2758
Cyclist -1 -1 -1.2070 340.2924 173.8704 369.5099 215.1007 1.6522 0.6001 1.6237 -10.5515 1.6956 29.7699 -1.5476 1.5550
Pedestrian -1 -1 -0.0558 643.4145 172.0319 661.3602 210.1340 1.6744 0.6045 0.7611 1.8364 1.6386 32.0074 0.0015 0.8200
Cyclist -1 -1 -1.2598 367.7123 171.5649 391.7702 207.8814 1.6985 0.6141 1.6862 -11.0629 1.6386 34.5864 -1.5694 0.7310
Pedestrian -1 -1 1.4268 681.1766 165.4769 693.5067 193.5533 1.7389 0.6725 0.6894 4.7933 1.2824 45.0429 1.5328 -0.6633
Cyclist -1 -1 1.6192 622.4430 170.2506 631.6636 193.7614 1.6789 0.5905 1.6765 1.2154 1.4934 52.3809 1.6424 0.4368
Cyclist -1 -1 -1.6156 648.4438 173.7753 662.0761 210.7447 1.6003 0.5303 1.6022 1.9643 1.6426 32.0756 -1.5545 0.0898
Cyclist -1 -1 1.8535 420.0911 172.6401 435.2345 197.3555 1.6706 0.5712 1.6580 -12.5576 1.6565 49.6068 1.6055 0.0563
Cyclist -1 -1 1.6902 502.5574 170.3860 512.4350 191.5444 1.6976 0.5964 1.7282 -8.3658 1.4999 58.7583 1.5488 -0.0337
Cyclist -1 -1 1.7743 406.6327 170.3932 422.1987 197.6015 1.6613 0.6044 1.7082 -12.2014 1.5114 44.9249 1.5091 -0.3674
