Car -1 -1 -1.4300 548.6363 170.8710 574.1282 189.0904 1.5117 1.6359 4.0268 -4.1609 1.3475 61.9327 -1.4971 4.8097
Cyclist -1 -1 -1.2173 310.4928 175.0321 345.2504 224.5834 1.6471 0.5759 1.6724 -9.7603 1.7251 24.8966 -1.5909 1.5522
Pedestrian -1 -1 2.5345 102.1954 175.7931 170.3551 267.3160 1.7167 0.6505 0.9051 -9.3010 1.7768 14.1072 1.9516 3.8556
Car -1 -1 2.0537 242.3505 170.5993 293.2181 194.9645 1.5885 1.5850 3.6881 -23.1662 1.4419 48.9129 1.6114 0.8713
Cyclist -1 -1 1.7986 397.0727 172.3632 415.0270 203.7633 1.6797 0.5823 1.6792 -11.1759 1.6538 39.4467 1.5226 1.2187
Pedestrian -1 -1 0.1876 312.6120 170.4926 343.0319 222.2504 1.7508 0.6122 0.8755 -9.7310 1.6712 24.7860 -0.1865 3.3724
Car -1 -1 -1.6530 637.9987 172.9022 674.2520 203.6575 1.5609 1.6088 3.9156 2.3825 1.5639 38.5963 -1.5913 -0.1858
Cyclist -1 -1 -2.9772 504.1241 169.9877 524.0438 189.0441 1.6716 0.5762 1.6693 -8.4726 1.4205 63.6026 -3.1097 -0.3322
Pedestrian -1 -1 0.3016 378.9058 170.6594 400.1125 206.3706 1.7017 0.6049 0.8336 -10.6340 1.5975 34.6840 0.0041 1.5394
Car -1 -1 -1.5933 577.2646 168.4014 601.1373 190.5770 1.5163 1.6051 3.6762 -1.5346 1.2122 51.2130 -1.6233 -0.6306
Cyclist -1 -1 1.4687 619.3043 169.6459 628.3655 191.1051 1.6735 0.5460 1.6918 1.0654 1.4237 57.1316 1.4874 -0.5341
Pedestrian -1 -1 1.8456 398.8926 170.6091 414.1924 201.1897 1.6526 0.6130 0.7914 -11.1384 1.5317 39.3861 1.5700 1.2189
Cyclist -1 -1 -1.1456 413.3672 173.2549 433.2974 201.1480 1.6943 0.5460 1.6984 -11.5956 1.7200 44.7350 -1.3992 -0.8235
Pedestrian -1 -1 -0.0516 638.0941 170.8635 654.2733 203.8112 1.6706 0.6000 0.7952 1.8091 1.5701 36.8845 -0.0026 0.4893
Pedestrian -1 -1 1.7967 416.6828 172.2758 429.2968 198.9663 1.6343 0.6162 0.6869 -11.5721 1.5993 44.5314 1.5425 -0.4072
