Car -1 -1 1.9891 252.0573 174.4190 333.4617 210.9515 1.4782 1.6627 4.2611 -13.7763 1.5515 31.5107 1.5770 2.9405
Cyclist -1 -1 -1.2457 331.0567 173.6995 362.3679 221.5126 1.7033 0.5757 1.6925 -9.7269 1.7358 26.5849 -1.5965 2.2847
Pedestrian -1 -1 1.8939 161.5004 168.3193 208.6322 250.1797 1.7293 0.6499 0.8519 -9.2965 1.6339 15.7243 1.3599 2.1216
Car -1 -1 -1.5852 551.7663 172.6692 571.1235 190.4519 1.4893 1.6101 3.9356 -4.2502 1.4742 62.4552 -1.6531 1.4164
Cyclist -1 -1 1.7614 389.9959 172.1446 409.0753 206.7513 1.6929 0.6093 1.6995 -10.5766 1.6585 36.1672 1.4769 1.3695
Pedestrian -1 -1 1.8586 334.5589 175.3385 357.7695 220.5915 1.6327 0.6107 0.7590 -9.7180 1.7256 26.4721 1.5067 1.2393
Car -1 -1 -1.5705 577.5961 170.2123 601.1347 191.5355 1.4699 1.6228 3.9614 -1.5093 1.2882 51.7407 -1.5996 1.0747
Cyclist -1 -1 -1.4398 408.7630 172.4779 422.5244 202.2355 1.6564 0.5464 1.6509 -11.0752 1.6358 41.0143 -1.7035 1.2493
Pedestrian -1 -1 1.8505 392.3481 173.1730 408.3561 206.2235 1.6501 0.6240 0.6354 -10.5958 1.6667 36.3472 1.5668 1.1095
Car -1 -1 2.0440 197.7136 176.3278 296.7907 219.0030 1.4803 1.6423 4.1716 -13.7075 1.6230 27.4607 1.5811 0.7290
Cyclist -1 -1 -1.6529 638.3499 171.0935 651.6452 203.5542 1.7070 0.5751 1.6827 1.8379 1.6148 38.7914 -1.6056 -0.7466
Pedestrian -1 -1 1.7089 495.9016 170.3655 508.6444 200.6085 1.6794 0.6071 0.7730 -6.0721 1.5416 40.4552 1.5599 0.5550
Car -1 -1 -1.6148 636.1705 173.8354 668.4124 203.7883 1.5875 1.6206 3.8382 2.2837 1.6453 40.2955 -1.5582 0.1842
Pedestrian -1 -1 -0.0630 636.8070 172.1648 652.6664 203.9721 1.6917 0.6213 0.8110 1.8232 1.6554 38.6890 -0.0159 0.2273
Car -1 -1 1.4228 726.7523 177.3022 829.3277 254.7443 1.4752 1.6085 3.9275 3.5309 1.5866 15.9885 1.6402 0.0336
Pedestrian -1 -1 1.8014 409.6023 173.1977 423.4088 202.5646 1.6559 0.6114 0.7198 -11.0434 1.6760 41.0615 1.5387 0.0240
