Car -1 -1 -1.5498 582.1982 176.3697 623.1743 214.1797 1.4681 1.6114 3.6897 -0.3106 1.6248 30.2123 -1.5601 10.1303
Cyclist -1 -1 -1.2740 305.9075 174.8339 352.9102 245.6152 1.6634 0.6263 1.6686 -6.9665 1.7151 17.8575 -1.6460 4.8616
Pedestrian -1 -1 -0.4667 929.8084 173.2098 1047.0524 373.7703 1.6713 0.5848 0.7194 3.2287 1.6749 6.3056 0.0066 3.1705
Car -1 -1 -1.5132 530.0716 177.3034 565.1964 207.3644 1.4424 1.5919 3.5466 -3.1872 1.6817 36.9457 -1.5992 9.2269
Cyclist -1 -1 -1.2927 428.3058 173.8361 455.7929 219.1218 1.6649 0.5879 1.6528 -6.4063 1.7037 27.4008 -1.5224 0.9931
Pedestrian -1 -1 0.1028 376.0930 170.0138 408.1877 227.4802 1.7620 0.6180 0.9013 -6.8348 1.6753 22.5098 -0.1920 2.7633
Car -1 -1 1.9082 308.7184 176.3492 366.9422 207.2014 1.5127 1.6370 3.9586 -14.2248 1.7060 37.8243 1.5485 0.9516
Cyclist -1 -1 -1.3770 484.8891 173.6077 501.7222 206.0774 1.6444 0.5577 1.6428 -6.0780 1.6847 37.4085 -1.5380 0.4643
Pedestrian -1 -1 0.0263 453.7306 172.3876 474.9832 212.4240 1.7191 0.6331 0.8906 -6.3673 1.6995 31.3684 -0.1740 1.6932
Car -1 -1 1.7697 440.3630 176.9965 471.1124 196.8518 1.4834 1.6157 3.9538 -12.1100 1.8209 56.7200 1.5594 0.2434
Pedestrian -1 -1 0.0534 426.1079 169.3769 450.7101 216.6366 1.7638 0.6262 0.8752 -6.5326 1.6344 27.3129 -0.1814 1.0204
Pedestrian -1 -1 -2.9619 484.0905 172.7897 501.3095 205.7778 1.6896 0.6020 0.7836 -6.0916 1.6867 37.2615 -3.1240 1.0035
