Car -1 -1 -1.5626 548.3989 182.7792 594.1349 226.3535 1.4568 1.5813 3.5356 -1.4667 1.8499 26.7444 -1.6174 10.4497
Pedestrian -1 -1 -3.6662 1030.5983 191.2942 1122.0147 333.9236 1.6143 0.5973 0.7054 5.4581 1.8414 8.5581 -3.0985 0.3686
Car -1 -1 -1.4819 493.6230 183.5902 530.8419 213.9193 1.4603 1.6210 3.6675 -5.1283 2.0529 37.9298 -1.6163 7.9399
Pedestrian -1 -1 1.8259 390.2063 179.9313 415.2744 226.3452 1.6052 0.6692 0.8129 -7.3607 1.8597 25.4932 1.5448 -0.1396
Car -1 -1 -0.8750 888.7419 193.5659 958.3061 221.0559 1.4981 1.6462 4.0211 18.8445 2.7920 43.4237 -0.4656 4.8380
Pedestrian -1 -1 1.0425 958.2172 201.6277 987.2479 250.4683 1.5812 0.6044 0.6846 12.0868 2.5588 24.1426 1.5066 -0.1457
Car -1 -1 -1.6067 550.9823 170.2275 579.3828 200.4236 2.0496 1.8405 4.8094 -3.2701 1.8717 51.4573 -1.6702 1.0509
Car -1 -1 2.4878 774.5886 191.4590 846.0663 219.6701 1.4593 1.5646 3.6849 11.2367 2.5431 40.6021 2.7578 0.8340
Car -1 -1 1.5884 581.9650 184.4858 598.7931 201.0304 1.4667 1.5345 3.8665 -1.8616 2.6047 68.6298 1.5613 -0.2405
Car -1 -1 2.1098 67.3341 187.8809 170.9215 229.0415 1.4755 1.6329 4.0751 -19.9371 2.1328 29.4610 1.5148 -0.6304
