Car -1 -1 -1.5576 545.3876 183.5556 592.5307 227.1640 1.3828 1.5514 3.4636 -1.4739 1.7877 25.5079 -1.6153 10.8144
Cyclist -1 -1 -1.2589 836.8510 182.7495 888.2997 262.3714 1.5759 0.5722 1.5883 5.3173 1.7969 15.2845 -0.9241 4.4501
Pedestrian -1 -1 -0.3106 844.3606 184.3722 880.2560 264.0742 1.6352 0.6148 0.5509 5.2595 1.8834 15.2051 0.0224 1.5681
Car -1 -1 -1.5151 489.5326 180.0226 525.2516 212.1978 1.4984 1.5836 3.5425 -5.1473 1.8771 36.2471 -1.6562 8.8440
Cyclist -1 -1 -2.6594 724.2164 161.5516 746.1182 181.3370 1.7525 0.6849 1.8264 11.2058 0.7518 64.7358 -2.4880 0.2941
Car -1 -1 2.3112 847.8635 188.6493 911.7092 212.0401 1.5128 1.6682 4.4141 18.9674 2.6629 50.7711 2.6687 3.4791
Car -1 -1 -0.9834 845.3405 192.3557 926.9726 228.8862 1.4554 1.6007 3.7660 12.3667 2.3773 32.3486 -0.6182 2.8917
Car -1 -1 2.3027 0.0000 190.8866 36.8019 275.8312 1.5193 1.5879 3.7948 -14.7394 1.9583 15.6318 1.5466 2.7121
Car -1 -1 2.1353 6.1725 186.7061 126.9227 234.0053 1.4791 1.6059 3.8838 -19.2589 2.0119 25.7305 1.4928 0.6656
Car -1 -1 1.5862 592.3497 177.2479 625.4751 209.7027 1.5664 1.6229 3.7541 -0.0662 1.8049 37.2201 1.5844 -0.8190
