Car -1 -1 2.1349 0.0000 180.4416 130.7565 260.4991 1.6405 1.6659 4.3548 -13.7474 1.8482 17.4608 1.4679 11.7339
Cyclist -1 -1 -1.2853 385.6235 173.3922 417.6775 224.2600 1.6227 0.5823 1.6403 -6.9156 1.6415 23.8531 -1.5675 3.9572
Pedestrian -1 -1 3.0753 762.8480 171.5330 788.5419 221.8645 1.6459 0.6354 0.7900 5.4527 1.6030 23.9677 3.2990 2.4448
Car -1 -1 -1.5849 556.2008 175.9078 608.2465 224.2102 1.4735 1.6069 3.6148 -1.0033 1.5837 24.0918 -1.6265 11.3005
Cyclist -1 -1 -1.7360 760.9997 174.4277 788.2547 225.9132 1.6441 0.6135 1.6518 5.3997 1.6985 23.9315 -1.5141 3.8838
Pedestrian -1 -1 0.2772 389.1170 174.2762 414.1652 224.0031 1.6149 0.6180 0.6492 -6.9014 1.6627 23.7581 -0.0055 0.2402
Car -1 -1 -1.4889 502.1820 177.4640 541.0004 210.0832 1.4502 1.5614 3.3661 -4.1925 1.6805 34.2720 -1.6106 9.8627
Car -1 -1 1.8671 253.7044 182.2829 311.7690 216.0800 1.4821 1.5598 3.5612 -15.6339 1.9583 34.5464 1.4421 6.4078
Car -1 -1 -0.9392 798.2534 183.5387 860.2298 211.2076 1.4492 1.5435 3.5689 12.3770 2.0785 40.7812 -0.6445 1.8436
Car -1 -1 -1.6215 563.4020 161.0785 592.1915 189.0123 1.8331 1.7488 4.3885 -2.2860 1.0607 49.6159 -1.6676 1.2863
Car -1 -1 2.1977 151.9101 197.1893 207.3518 220.5649 1.4524 1.5375 3.5606 -30.0902 3.2184 50.5063 1.6604 0.9080
Car -1 -1 -1.7198 838.6482 141.6264 881.6789 171.0857 1.4625 1.5888 3.7986 13.1040 -0.0979 38.0713 -1.3883 0.3857
Car -1 -1 2.3057 838.0053 181.1572 887.8163 199.8130 1.4762 1.6419 4.0414 21.1157 2.1897 60.2805 2.6427 -0.2791
Car -1 -1 0.1663 445.3782 185.6196 494.9830 203.5251 1.4841 1.5982 3.9664 -11.9807 2.5940 61.8603 -0.0250 -0.7570
