Car -1 -1 2.0060 151.8115 181.7056 275.1688 237.7841 1.4765 1.6362 4.2076 -11.8576 1.7710 21.8246 1.5084 12.0916
Cyclist -1 -1 -1.3624 364.2361 176.0550 396.4697 235.7069 1.6161 0.5499 1.6269 -6.5452 1.7110 20.4719 -1.6719 -0.0512
Pedestrian -1 -1 0.6843 356.1175 175.0370 396.6270 237.7291 1.7323 0.6309 0.8932 -6.6570 1.7958 20.4219 0.3692 3.0805
Car -1 -1 -1.5547 574.3206 182.2501 622.6561 227.0069 1.4356 1.6041 3.8213 -0.4281 1.7976 25.8542 -1.5712 10.0342
Cyclist -1 -1 -2.3766 472.3905 173.9715 503.1669 206.5126 1.6860 0.5608 1.6833 -6.5015 1.7465 38.1332 -2.5454 -0.7523
Pedestrian -1 -1 1.9863 113.2993 178.2693 193.4136 301.2542 1.6920 0.6777 0.9006 -6.6500 1.7747 10.4639 1.4202 2.7828
Car -1 -1 -1.4609 509.2689 179.4248 551.8736 214.3801 1.4928 1.5748 3.5246 -3.6466 1.8119 33.2367 -1.5702 9.3480
Pedestrian -1 -1 -0.0778 250.4767 174.5506 303.7060 264.1922 1.7202 0.6537 0.9129 -6.6852 1.7555 14.3711 -0.5132 2.3084
Car -1 -1 1.9064 463.4431 166.9593 516.2639 198.4631 1.6444 1.6249 4.0677 -6.5952 1.3371 39.8012 1.7422 1.0907
Car -1 -1 1.8143 389.1450 182.1762 427.1734 206.0168 1.4664 1.5803 3.6868 -13.3264 2.1072 47.7024 1.5418 0.6253
