Car -1 -1 -1.5620 565.3172 175.5579 617.6406 222.3307 1.3962 1.5773 3.5030 -0.6365 1.4913 23.5052 -1.5891 11.0402
Cyclist -1 -1 -1.5576 727.5803 171.7260 740.8083 207.9063 1.6009 0.5733 1.6219 5.6086 1.5514 32.7734 -1.3881 1.5509
Pedestrian -1 -1 1.3465 726.6382 170.8153 744.1133 206.6589 1.6056 0.6234 0.7725 5.6418 1.5147 32.7212 1.5172 0.7452
Car -1 -1 -1.4758 509.3738 175.1233 550.8708 209.0371 1.4638 1.5671 3.5532 -3.6603 1.5741 33.1677 -1.5857 8.6129
Cyclist -1 -1 1.7606 453.2143 171.5965 472.9181 208.7979 1.6419 0.5750 1.6536 -6.6827 1.5868 32.6732 1.5589 0.2359
Pedestrian -1 -1 0.1814 453.6820 173.9145 472.5592 210.3955 1.6333 0.5994 0.7414 -6.6782 1.6821 32.6270 -0.0205 -0.3217
Car -1 -1 1.8813 291.3075 175.4098 350.8104 211.4130 1.6866 1.6514 3.8911 -14.4046 1.8218 36.0795 1.5014 7.2408
Cyclist -1 -1 -2.1709 246.0138 173.5608 318.9631 255.8580 1.6420 0.5539 1.6402 -6.8991 1.6577 15.0644 -2.6004 -0.0323
Car -1 -1 -1.6294 578.4044 157.0635 610.8276 193.3671 2.3782 1.9360 5.0596 -1.1475 1.3441 49.8645 -1.6524 3.1210
Car -1 -1 1.5249 611.6313 174.8475 631.5534 191.6749 1.4921 1.6421 4.2097 1.0224 1.6824 66.6113 1.5402 2.0268
Car -1 -1 1.9027 371.9240 177.4465 411.2530 198.5921 1.4791 1.5891 3.9309 -16.1179 1.8316 53.3278 1.6092 1.0154
Car -1 -1 1.8722 283.2853 158.6358 319.2346 177.6646 1.4775 1.5953 3.8227 -24.7963 0.3739 58.0055 1.4683 -0.1340
