Car -1 -1 -1.5658 569.2819 177.4059 621.0833 226.0108 1.4931 1.6166 3.6407 -0.5394 1.6586 24.3395 -1.5880 10.5064
Cyclist -1 -1 -2.3291 427.8006 170.2739 467.0725 212.0134 1.6835 0.5629 1.7051 -6.7646 1.5798 29.8081 -2.5523 1.1417
Pedestrian -1 -1 2.0794 186.4527 173.5016 251.8978 278.0665 1.7025 0.6469 0.8366 -6.6282 1.7142 12.1721 1.5807 2.1127
Car -1 -1 -1.4337 506.3082 176.4581 552.6986 211.0758 1.4565 1.5891 3.7477 -3.6224 1.6294 32.6433 -1.5443 10.2177
Cyclist -1 -1 -1.7234 692.7587 175.0296 705.0630 200.8457 1.6649 0.5538 1.6754 5.8180 1.8111 47.5194 -1.6016 0.0906
Pedestrian -1 -1 -2.9105 436.5017 171.0975 459.3039 211.9127 1.6671 0.6153 0.7995 -6.7278 1.5958 29.7805 -3.1327 0.6044
Car -1 -1 1.9181 279.3420 179.9005 350.2075 216.5709 1.4673 1.6424 3.8980 -12.8779 1.7957 31.6097 1.5312 5.1664
Cyclist -1 -1 2.2104 85.9893 165.7837 116.9113 194.9847 1.6649 0.5773 1.6902 -29.6117 1.2621 41.9878 1.5962 -0.5506
Pedestrian -1 -1 -3.1000 573.5104 174.4429 595.7827 225.1797 1.6811 0.6027 0.7243 -0.8918 1.7355 24.2269 -3.1368 0.0562
Car -1 -1 1.9960 217.4581 178.6527 292.1062 213.2776 1.4548 1.6148 3.8333 -16.1394 1.7352 32.9036 1.5400 2.2025
Car -1 -1 -1.4896 626.2733 178.8779 645.4479 194.6097 1.4862 1.5866 4.0679 2.5864 2.1044 71.8915 -1.4537 1.6874
Car -1 -1 1.7153 368.0415 154.3521 390.7723 169.8551 1.4841 1.6131 3.9174 -22.9735 -0.3072 71.9346 1.4062 0.3590
Car -1 -1 2.1085 74.5538 157.2917 144.1775 182.9789 1.4780 1.6184 4.0310 -30.1721 0.5829 43.5784 1.5029 0.1095
Car -1 -1 -1.5117 438.0014 170.1038 480.5780 208.3748 1.5650 1.6005 3.7325 -6.5555 1.4529 31.4650 -1.7171 -0.3182
