Car -1 -1 -1.5776 551.2285 185.8390 596.0364 228.9901 1.4599 1.5837 3.4810 -1.4329 1.9832 27.2674 -1.6301 7.9049
Pedestrian -1 -1 0.1825 449.2521 177.2743 464.1705 211.5100 1.7938 0.6634 0.6648 -8.1558 2.0305 38.2316 -0.0277 0.6191
Car -1 -1 -1.4972 497.1017 184.0311 532.5315 213.5494 1.4495 1.6161 3.8433 -5.1174 2.0827 38.8817 -1.6281 6.9375
Pedestrian -1 -1 1.7181 494.7776 183.4259 508.5869 214.5170 1.5776 0.6141 0.6599 -5.6137 2.1274 37.1654 1.5682 0.0167
Car -1 -1 2.5208 802.1680 192.8170 877.7298 223.1834 1.4347 1.4879 3.4714 11.7347 2.4922 36.9641 2.8282 5.6531
Pedestrian -1 -1 -0.4391 925.6891 189.7617 950.7088 229.2744 1.6884 0.6255 0.8013 14.2468 2.4326 31.4197 -0.0134 -0.2670
Car -1 -1 2.2774 915.7390 193.9929 994.9906 225.9177 1.5923 1.6632 4.1111 18.9690 2.8024 39.6932 2.7232 5.0397
Pedestrian -1 -1 1.8682 365.0637 176.8298 392.7169 234.6354 1.7461 0.6355 0.6949 -7.1487 1.8707 22.1924 1.5566 -0.3746
Car -1 -1 2.4165 1162.6542 202.0852 1241.0000 242.3176 1.5945 1.6446 4.0865 26.1404 2.8740 30.7088 3.1217 -0.1402
Pedestrian -1 -1 -3.1454 1053.9062 196.6033 1085.0494 254.6766 1.6647 0.6371 0.7745 13.6688 2.3900 21.5459 -2.5801 -0.6034
Car -1 -1 1.6609 529.8374 191.8304 560.7403 218.1461 1.4870 1.5970 3.9665 -4.0807 2.7393 45.6147 1.5717 -0.6007
