Car -1 -1 1.9352 213.0841 181.6710 298.3489 226.5912 1.6267 1.6874 4.2451 -14.2394 2.0103 29.1752 1.4811 11.3100
Cyclist -1 -1 -1.7434 735.4140 175.0550 757.0022 217.0821 1.6657 0.5843 1.6819 5.5200 1.7587 29.5271 -1.5586 4.4654
Pedestrian -1 -1 1.3702 735.4148 175.0748 755.6271 215.0490 1.6068 0.6590 0.8227 5.4867 1.6991 29.4626 1.5543 1.2848
Car -1 -1 -1.5528 564.2497 177.5371 617.5176 228.1289 1.5092 1.6141 3.6134 -0.6420 1.6750 23.6717 -1.5799 10.9201
Cyclist -1 -1 -1.3890 431.6799 176.5641 454.3400 219.0131 1.6672 0.6085 1.6674 -6.8175 1.8227 29.3308 -1.6173 3.0743
Pedestrian -1 -1 -1.4993 529.9853 179.2598 545.9630 215.3107 1.5738 0.6500 0.8393 -3.2378 1.8628 32.0772 -1.5999 0.5822
Car -1 -1 -1.4652 508.6874 179.7438 551.1917 213.9666 1.4704 1.5950 3.5779 -3.7053 1.8079 33.5123 -1.5754 9.4392
Cyclist -1 -1 1.7335 486.7105 175.7299 500.6978 202.9650 1.7050 0.6120 1.7454 -7.4742 1.8931 46.2257 1.5732 -0.2209
Pedestrian -1 -1 0.2199 431.4758 180.2173 456.5628 224.4523 1.7716 0.6298 0.8781 -6.7812 2.0744 29.3178 -0.0074 -0.0976
Car -1 -1 1.8389 337.3955 182.2150 379.1711 206.9956 1.4739 1.5982 3.7354 -16.1215 2.0995 46.2776 1.5037 3.6421
Cyclist -1 -1 1.3947 759.5361 184.8188 769.5388 204.3156 1.6920 0.5818 1.7154 13.7988 2.7772 64.5473 1.6053 -0.6859
Pedestrian -1 -1 2.1032 162.2896 173.6575 225.1068 284.1593 1.7414 0.6518 0.6327 -6.7860 1.7551 11.6911 1.5773 -0.4334
