Car -1 -1 2.1272 2.1398 188.3366 178.2480 259.8640 1.4314 1.5886 3.9018 -12.2678 1.8457 17.2956 1.5102 9.4089
Cyclist -1 -1 -1.7251 706.3132 175.2625 721.5339 205.3649 1.6573 0.5991 1.6586 5.8171 1.7963 40.6885 -1.5831 1.7581
Pedestrian -1 -1 -1.2413 384.2977 171.6478 415.4229 224.2271 1.6398 0.7288 0.8068 -6.7132 1.6025 22.9191 -1.5263 2.9826
Car -1 -1 -1.4369 509.4055 176.7159 555.3800 212.1197 1.4878 1.5810 3.7502 -3.4908 1.6730 32.6295 -1.5434 8.9068
Cyclist -1 -1 2.2648 0.0000 216.0425 40.0322 271.8028 1.6993 0.5899 1.7401 -20.1485 3.2007 24.2042 1.5706 -0.0218
Pedestrian -1 -1 -0.1463 706.4401 174.5300 722.4546 204.6878 1.6847 0.6160 0.8109 5.8459 1.7802 40.6471 -0.0035 1.1173
Car -1 -1 -1.5390 568.4337 179.2250 621.3859 228.6908 1.4691 1.6080 3.5997 -0.4845 1.6947 23.7012 -1.5595 6.8371
Cyclist -1 -1 -1.4528 487.7386 170.8912 501.2638 200.8330 1.6579 0.5661 1.6552 -6.5565 1.5496 40.7878 -1.6122 -0.3147
Pedestrian -1 -1 -1.5324 487.4056 171.8617 499.7774 201.4786 1.6507 0.6608 0.7386 -6.5851 1.5957 40.6182 -1.6932 0.2565
Car -1 -1 1.8189 382.7722 172.1898 420.7668 193.8103 1.4993 1.6728 4.1414 -15.0180 1.4536 52.1303 1.5384 2.6720
Pedestrian -1 -1 3.3290 141.5208 203.1046 180.0701 276.0995 1.8179 0.6423 0.7456 -11.7185 2.6231 18.7610 2.7707 0.1098
Car -1 -1 -1.6171 585.1743 162.5541 614.8671 192.9095 2.0251 1.8500 4.8565 -0.7777 1.3383 50.6134 -1.6324 1.1584
