Car -1 -1 -1.5294 551.8418 178.2388 604.2520 226.7197 1.4860 1.6162 3.6067 -1.0565 1.6813 24.3191 -1.5728 11.0403
Cyclist -1 -1 -1.4943 774.0475 171.7238 797.6645 230.5779 1.7073 0.5659 1.7544 5.2916 1.6748 21.8495 -1.2567 3.4682
Pedestrian -1 -1 -0.2260 771.8674 175.3942 798.4030 231.0498 1.6510 0.6717 0.6424 5.2322 1.7292 21.7710 0.0099 1.1241
Car -1 -1 -1.4745 499.3611 177.8594 539.2730 211.0543 1.4912 1.5793 3.4714 -4.3513 1.7445 34.6983 -1.5993 9.5694
Cyclist -1 -1 -1.7356 364.0683 176.0551 393.1205 230.3273 1.5567 0.5753 1.5682 -6.9927 1.6567 21.6201 -2.0484 0.4857
Pedestrian -1 -1 0.2868 365.1904 176.7743 393.4878 233.0287 1.6528 0.6064 0.6617 -6.9308 1.7719 21.5508 -0.0244 -0.1084
Car -1 -1 1.9559 196.8382 186.2183 274.1126 224.6597 1.4130 1.5698 3.6401 -15.3652 1.9986 29.7130 1.4787 8.8264
Car -1 -1 -0.8562 844.6113 183.8839 897.1505 203.5541 1.4908 1.6585 4.1906 21.0973 2.4104 58.3846 -0.5094 1.4176
Car -1 -1 -1.6121 558.0409 162.1272 586.4691 191.8991 1.9605 1.7687 4.4478 -2.6771 1.2545 49.8077 -1.6658 1.3096
Car -1 -1 2.0785 118.2631 184.7146 210.8241 223.1603 1.4792 1.6304 4.0409 -19.0988 2.0243 31.0801 1.5275 1.2299
Car -1 -1 -0.5406 792.1701 186.4016 837.1652 203.5331 1.4653 1.5763 3.5942 18.3776 2.7072 64.8892 -0.2646 1.1250
Car -1 -1 -1.9266 880.3699 183.1819 938.2100 215.4046 1.5642 1.5906 3.8105 15.7293 2.1389 38.1927 -1.5359 0.2981
Car -1 -1 0.1921 386.7480 184.5731 445.7575 204.4267 1.5024 1.6411 4.2451 -15.2138 2.4396 56.7086 -0.0700 0.2108
Car -1 -1 -0.9580 809.1275 182.1868 876.6573 211.7232 1.4738 1.6026 3.7448 12.5386 2.0000 38.8851 -0.6461 -0.1622
Car -1 -1 2.0802 69.9311 185.4071 173.4846 228.7421 1.4716 1.6028 3.8599 -18.6083 1.9875 27.6418 1.4877 -0.3575
