Car -1 -1 -1.5483 548.6499 181.5276 597.3193 227.1247 1.4094 1.5477 3.3446 -1.2720 1.7263 24.6385 -1.5999 10.5310
Cyclist -1 -1 1.7496 444.6456 177.1853 461.9620 210.9428 1.6523 0.5722 1.6408 -7.9238 1.8759 36.3564 1.5350 0.3939
Pedestrian -1 -1 -0.2128 785.3419 174.2808 820.1752 238.3118 1.7107 0.6173 0.8012 5.1854 1.7505 19.6160 0.0456 1.0211
Car -1 -1 2.0272 120.1970 186.9781 220.6300 233.8755 1.4308 1.5552 3.5553 -15.1235 1.9558 24.9579 1.4824 7.5635
Cyclist -1 -1 -1.7976 788.2124 182.1448 822.1289 243.9370 1.5864 0.5361 1.6035 5.2289 1.8493 19.5757 -1.5366 0.0035
Pedestrian -1 -1 0.3249 331.3998 170.2174 370.4342 234.3353 1.6953 0.6372 0.8290 -7.0068 1.6259 19.4020 -0.0216 0.5971
Car -1 -1 -1.4994 495.3725 181.1459 533.0279 213.8546 1.4744 1.5772 3.5260 -4.6710 1.9005 35.2444 -1.6311 6.9910
Car -1 -1 2.1190 0.0000 188.1237 120.6588 238.2588 1.4652 1.6186 3.9265 -18.5506 2.0242 24.3597 1.4681 3.5396
Car -1 -1 1.7513 475.0397 183.7589 505.7554 204.0282 1.4878 1.6796 4.2266 -9.4910 2.3875 57.3747 1.5873 1.0482
Car -1 -1 1.9474 55.4532 191.1132 163.0561 241.8027 1.4793 1.6523 4.0548 -17.0775 2.1613 24.7724 1.3438 -0.4984
