Car -1 -1 2.0081 135.3347 181.0556 248.8442 235.9688 1.6481 1.6956 4.2189 -14.0509 1.9513 24.4743 1.4869 12.2037
Cyclist -1 -1 -1.7383 744.0638 175.7400 767.4906 220.7604 1.6451 0.5987 1.6478 5.4599 1.7580 27.3020 -1.5409 1.8094
Pedestrian -1 -1 1.3496 744.0605 173.3675 765.2030 217.2818 1.6352 0.6350 0.7388 5.4145 1.6552 27.2510 1.5457 1.9521
Car -1 -1 -1.4631 505.2137 178.5143 547.7017 213.8121 1.5365 1.5954 3.6639 -3.9027 1.8167 33.8332 -1.5779 9.6962
Cyclist -1 -1 1.7764 477.4467 175.7442 492.8045 203.5408 1.6569 0.6022 1.6424 -7.6414 1.8368 44.0094 1.6045 0.9304
Pedestrian -1 -1 0.2357 418.2573 177.3968 441.4174 221.3337 1.6272 0.5812 0.7285 -6.7994 1.7998 27.0738 -0.0104 1.7216
Car -1 -1 -1.5828 563.4597 179.5201 615.6000 229.0342 1.4720 1.5879 3.6080 -0.7470 1.7090 23.7787 -1.6142 9.2754
Cyclist -1 -1 -1.3949 415.7040 176.1302 439.0243 220.8732 1.6202 0.5747 1.6313 -6.8855 1.7473 27.0820 -1.6439 0.4117
Pedestrian -1 -1 -0.3457 847.8691 179.0540 862.8030 206.6095 1.7743 0.6362 0.7477 15.9235 2.1808 46.9296 -0.0186 -0.0180
Car -1 -1 -1.5871 569.7518 162.2409 599.2050 196.6363 2.2540 1.9314 5.3037 -1.8452 1.5589 49.9804 -1.6240 3.5384
Car -1 -1 1.9024 307.7466 181.4000 359.6170 209.2620 1.4883 1.6219 3.8939 -15.9429 2.0063 41.7238 1.5374 3.3383
Car -1 -1 2.1124 15.0168 187.9343 145.7913 239.2121 1.4729 1.6412 4.0764 -17.5173 2.0201 24.0613 1.4832 1.9173
Car -1 -1 -0.9179 788.7270 185.4192 848.6507 211.6016 1.4808 1.5935 3.7273 12.7804 2.2819 44.2317 -0.6366 1.0575
Car -1 -1 -1.6347 834.6118 184.0851 855.9524 201.8227 1.4653 1.5693 3.5705 20.8087 2.4912 63.9621 -1.3201 -0.6115
