Car -1 -1 -1.5386 568.0264 176.1532 621.3483 227.0835 1.5185 1.6081 3.5494 -0.4883 1.6346 23.5251 -1.5594 10.4271
Cyclist -1 -1 -1.5700 481.8100 170.8930 492.9496 202.4205 1.6458 0.5741 1.6559 -6.5844 1.5438 38.5270 -1.7392 1.9624
Pedestrian -1 -1 -0.8949 475.7074 170.4489 495.4312 201.9823 1.6530 0.6451 0.8478 -6.6472 1.5273 38.3483 -1.0666 0.1211
Car -1 -1 -1.4336 508.9811 174.9863 554.0093 208.9612 1.4432 1.5588 3.5319 -3.5392 1.5454 32.6593 -1.5416 10.3368
Pedestrian -1 -1 0.0495 709.8312 173.6349 727.2912 206.6462 1.7363 0.6595 0.8877 5.7410 1.7786 38.3772 0.1980 -0.8088
Car -1 -1 2.2805 0.0000 191.4163 54.1213 301.3312 1.4819 1.6574 4.2527 -12.1602 1.8631 12.6283 1.5140 2.6998
Car -1 -1 -1.6764 611.0786 178.3472 630.7636 193.8526 1.4706 1.5658 3.7553 1.0454 2.0319 71.7460 -1.6618 1.6298
Car -1 -1 -1.9281 693.6278 175.4912 746.3899 204.5223 1.5162 1.6112 3.9582 6.0242 1.6710 40.1653 -1.7793 1.4318
Car -1 -1 1.7313 489.3649 178.1913 519.0614 199.7081 1.4696 1.5334 3.8302 -7.6367 1.8701 52.1609 1.5859 0.2573
Car -1 -1 1.9039 287.1026 176.7290 336.5452 202.6916 1.4752 1.5956 3.8212 -17.9576 1.7199 43.5332 1.5127 -0.5963
