Car -1 -1 2.1086 1077.9110 193.1410 1197.1520 242.2082 1.5862 1.6435 4.0626 19.0858 2.3657 26.1576 2.7389 7.7883
Pedestrian -1 -1 0.2320 396.3814 167.8182 425.8926 218.5584 1.7902 0.5799 0.9077 -7.1385 1.6128 25.7607 -0.0383 1.8600
Car -1 -1 -1.5930 557.7885 176.4366 600.4838 217.3676 1.5436 1.6321 3.6898 -1.3471 1.6995 29.4357 -1.6387 7.0690
Pedestrian -1 -1 2.6452 979.2565 184.5500 1011.4631 234.2682 1.6092 0.6097 0.7350 12.6620 2.0004 23.8028 3.1341 0.6755
Car -1 -1 -1.4999 506.7533 178.0658 539.3158 204.9113 1.4464 1.6014 3.7342 -4.9958 1.7604 41.5165 -1.6197 6.7679
Pedestrian -1 -1 -3.9962 1185.8626 187.1721 1236.4226 255.5612 1.6792 0.6206 0.7829 15.1396 2.0489 18.2376 -3.3034 0.2419
Car -1 -1 2.3797 924.1789 190.5754 1052.5125 240.1854 1.5036 1.5928 3.7237 12.5522 2.1266 24.0636 2.8605 5.6940
Pedestrian -1 -1 2.1688 91.4944 177.7987 167.1038 300.2618 1.6147 0.6187 0.6190 -6.6004 1.6847 9.8480 1.5783 -0.6349
Car -1 -1 1.5970 596.3592 181.0794 614.6283 198.3620 1.4830 1.5653 3.9082 -0.4058 2.2555 65.7576 1.5908 0.8919
Car -1 -1 -1.5897 564.4116 160.3382 590.9589 191.2604 2.2147 1.8894 5.0412 -2.5017 1.3187 54.2521 -1.6358 -0.8312
