Car -1 -1 -1.4972 528.1973 180.5064 558.2293 204.9911 1.4439 1.6206 3.7623 -4.2161 1.9482 45.6267 -1.5893 7.2495
Cyclist -1 -1 0.0679 919.6488 169.3337 956.2494 200.6484 1.7673 0.6486 1.8748 18.8020 1.5690 41.4492 0.4937 2.9646
Pedestrian -1 -1 2.0566 223.0804 173.3073 263.5960 238.8900 1.6640 0.6272 0.8226 -9.5541 1.6764 18.7256 1.5848 2.6176
Car -1 -1 -1.5584 585.3537 182.2062 616.4257 210.7047 1.4330 1.6175 3.8962 -0.5122 1.9707 39.5056 -1.5713 7.1511
Cyclist -1 -1 -1.6713 664.1356 182.9715 683.9293 231.1531 1.6378 0.5346 1.6557 2.2259 2.0102 25.7042 -1.5849 -0.1126
Pedestrian -1 -1 -1.1223 233.1520 174.8236 278.0334 246.8671 1.6277 0.6639 0.7752 -8.2473 1.6748 16.7116 -1.5808 2.4226
Pedestrian -1 -1 -0.0885 659.1542 183.3845 685.2523 231.3542 1.6689 0.6384 0.8668 2.1540 2.0471 25.5627 -0.0044 1.6129
Pedestrian -1 -1 1.7811 444.3927 178.7137 456.3272 203.9578 1.6518 0.6183 0.8060 -10.6047 2.0437 47.8047 1.5629 0.0552
Pedestrian -1 -1 2.0456 233.1609 171.9191 266.5787 231.2604 1.7194 0.6307 0.7020 -10.6502 1.6927 21.2577 1.5812 -0.2126
Pedestrian -1 -1 -1.4353 525.2857 184.6218 536.6985 213.6107 1.7415 0.6067 0.6737 -4.8451 2.4646 43.9679 -1.5451 -0.5171
