Car -1 -1 -1.1516 116.6875 181.5583 406.7316 349.0148 1.4640 1.5711 3.7006 -3.7141 1.5874 8.3484 -1.5702 13.0711
Pedestrian -1 -1 2.2971 0.0000 162.2432 53.6809 256.0456 1.6422 0.6174 0.8308 -10.7549 1.4568 13.0555 1.6081 1.7105
Car -1 -1 -1.5733 574.2470 174.7706 601.6454 201.0283 1.5043 1.5802 3.6508 -1.3684 1.6250 43.4549 -1.6047 7.2704
Pedestrian -1 -1 -1.4250 507.5083 180.1456 520.2625 213.2522 1.8238 0.6125 0.6893 -5.3941 2.2345 40.2487 -1.5583 0.6879
Car -1 -1 -1.4698 490.2329 174.2306 524.3580 201.3469 1.4931 1.6003 3.6141 -5.9342 1.5766 41.7514 -1.6110 6.5498
Pedestrian -1 -1 -1.3792 487.1391 178.1963 501.2921 210.5859 1.7809 0.6576 0.6976 -6.4748 2.0812 40.1472 -1.5391 0.6274
Car -1 -1 1.8023 436.4976 172.8715 463.9482 189.9356 1.4766 1.5405 3.8975 -14.2446 1.4786 64.3981 1.5846 0.1657
Car -1 -1 -0.4895 168.7419 153.7894 251.4886 186.4630 2.0977 1.8341 4.5631 -26.9590 0.8741 48.7331 -0.9948 -0.4039
Car -1 -1 -0.9584 54.5222 171.4761 156.1526 211.2749 1.4435 1.5491 3.3874 -19.4151 1.3939 27.8648 -1.5669 -0.4626
Car -1 -1 -0.8237 0.0000 174.5502 24.3608 230.1982 1.4785 1.5530 3.7082 -19.4876 1.5329 21.1364 -1.5685 -0.7108
Car -1 -1 -1.0666 159.0198 172.9579 236.9302 205.8595 1.4691 1.5976 3.7201 -19.4104 1.4746 34.0972 -1.5841 -0.7889
