Car -1 -1 -1.1456 81.1232 183.0403 405.6831 365.9916 1.4785 1.6233 3.9584 -3.6916 1.6204 8.0330 -1.5763 14.0379
Pedestrian -1 -1 2.4346 52.3817 166.1426 116.9096 251.4271 1.6678 0.6233 0.8563 -10.6650 1.5369 14.5961 1.8036 0.5188
Car -1 -1 -1.4550 493.0555 175.2421 527.7279 201.2205 1.4392 1.5979 3.6389 -5.8083 1.5851 42.1439 -1.5919 6.7354
Pedestrian -1 -1 3.6083 178.2867 129.0592 243.2208 237.3100 1.8422 0.6121 0.8036 -7.0103 1.0973 12.5986 3.1005 -0.2054
Car -1 -1 -1.5800 575.9178 175.7962 603.8469 201.3158 1.4452 1.5991 3.7053 -1.2572 1.6293 43.1742 -1.6091 6.1917
Pedestrian -1 -1 -1.5319 591.8233 177.2017 603.1972 207.9264 1.7517 0.6300 0.6917 -0.7517 2.0048 41.5861 -1.5500 -0.3277
Car -1 -1 1.8727 447.1527 170.9526 477.7815 187.5008 1.5120 1.6754 4.1455 -13.8947 1.3386 68.0679 1.6713 1.1242
Car -1 -1 -0.5505 209.6202 166.7422 271.5858 187.9486 1.4479 1.5846 3.6232 -26.2044 1.0310 51.2213 -1.0234 0.2599
Car -1 -1 -1.0097 126.5481 171.0366 211.3779 206.1814 1.4558 1.5549 3.4887 -19.2798 1.3808 31.6394 -1.5569 0.0221
Car -1 -1 2.2737 0.0000 168.6404 89.2508 217.2729 1.4694 1.6169 3.9018 -19.4361 1.3425 23.7628 1.5882 -0.1278
