Car -1 -1 -1.2737 308.1235 188.0578 464.7560 289.6068 1.4574 1.5871 3.7916 -3.8210 1.7681 12.8236 -1.5633 13.9448
Cyclist -1 -1 3.2962 452.9741 164.8955 478.4341 188.2440 1.6853 0.6416 1.7369 -10.5084 1.1112 52.4359 3.0985 1.1901
Car -1 -1 2.0493 150.1771 184.9529 261.8186 240.4017 1.6162 1.6202 3.8478 -13.2354 2.0487 23.8233 1.5422 13.6162
Car -1 -1 -1.4469 459.4569 184.8482 497.9264 215.6779 1.4561 1.5400 3.4367 -6.7611 2.1042 37.2029 -1.6267 9.6442
Car -1 -1 1.9842 248.3929 188.1870 317.5550 220.7570 1.4618 1.6468 4.1598 -16.4531 2.2809 36.4366 1.5601 8.6905
Car -1 -1 -1.5975 552.2532 181.1547 578.9748 206.2965 1.5009 1.6042 3.5810 -2.9026 2.0536 46.1522 -1.6603 3.8992
Car -1 -1 1.1847 876.1409 193.0613 915.3106 213.6601 1.4686 1.5753 3.7536 22.5064 3.1188 57.0235 1.5606 1.5578
Car -1 -1 -1.6001 572.3984 171.7319 596.5396 198.5848 2.2147 1.9192 5.1599 -2.2629 2.1225 62.1424 -1.6365 1.3584
Car -1 -1 1.8619 405.6728 183.2245 434.3174 200.1345 1.4690 1.5556 3.7658 -17.6070 2.4587 66.9269 1.6046 0.5962
Car -1 -1 -2.0087 960.0097 172.0187 1047.4723 211.2297 1.4863 1.6031 3.9068 15.8517 1.4550 29.3444 -1.5134 -0.4519
