Car -1 -1 -1.1911 257.5120 177.7343 391.0700 251.4773 1.4817 1.5844 3.6945 -6.4516 1.6069 16.5949 -1.5619 12.7654
Pedestrian -1 -1 -2.0608 819.1641 162.7409 888.4356 285.1766 1.7127 0.6436 0.8271 3.4962 1.5716 10.5525 -1.7409 1.6255
Car -1 -1 -1.4261 475.9786 176.5256 545.4912 226.4139 1.4538 1.6451 4.1742 -3.1688 1.5840 23.4274 -1.5605 10.6270
Pedestrian -1 -1 -1.9134 845.3180 151.7675 915.6215 293.9287 1.8086 0.7019 0.6004 3.4859 1.5407 9.4803 -1.5610 0.0112
Car -1 -1 -1.4949 519.8428 171.0287 542.0497 188.6435 1.4539 1.6031 3.7386 -6.7256 1.3036 61.4453 -1.6039 3.5475
Pedestrian -1 -1 2.0978 141.6906 168.1939 160.6205 203.1006 1.9236 0.6213 0.6995 -25.5462 1.6672 40.1208 1.5308 -0.1760
Car -1 -1 -1.1923 360.9626 182.5751 411.3489 208.9149 1.4840 1.5800 4.0113 -13.6883 2.1081 44.2322 -1.4924 2.5356
Car -1 -1 -1.5246 547.7915 173.8481 572.1985 194.7508 1.4710 1.6074 3.9812 -3.6651 1.5471 52.9750 -1.5936 2.2183
Car -1 -1 -1.5787 590.7605 163.2561 614.2933 190.5200 2.2595 1.9509 5.3958 -0.6939 1.4645 62.5121 -1.5898 1.5744
Car -1 -1 1.2484 933.3662 189.2346 988.5681 218.7517 1.5055 1.6270 4.0602 19.9583 2.4908 41.2664 1.6989 -0.3503
Car -1 -1 0.9663 1008.8092 194.6601 1241.0000 374.0000 1.4805 1.6162 3.9908 4.8861 1.7177 5.7706 1.6689 -0.3623
