Car -1 -1 -1.3090 344.1610 185.5434 477.0754 274.4831 1.4639 1.5981 3.7467 -3.8258 1.7484 14.2816 -1.5708 13.1236
Cyclist -1 -1 -3.1089 619.8923 167.6200 644.6081 191.0087 1.7758 0.6947 1.8684 1.6806 1.3788 55.1856 -3.0785 -0.3273
Car -1 -1 2.1495 20.1163 183.8202 168.4743 236.9751 1.4663 1.6826 4.4662 -16.3229 1.8521 23.0965 1.5343 10.5984
Car -1 -1 -1.4037 443.1661 179.2448 488.1653 212.2976 1.4993 1.5658 3.7103 -7.0475 1.8292 35.3298 -1.6006 9.5533
Car -1 -1 1.9341 349.8304 178.1988 391.3677 199.3493 1.4740 1.6380 3.8823 -17.6436 1.8835 53.2565 1.6142 2.0600
Car -1 -1 -1.5777 569.8620 167.1419 592.8667 193.4831 2.1755 1.9000 5.1288 -2.5107 1.7041 62.1960 -1.6181 2.0311
Car -1 -1 -1.5792 543.1932 176.8012 568.7307 200.5053 1.4632 1.5977 3.8304 -3.5820 1.7325 47.1704 -1.6550 1.1394
Car -1 -1 1.0668 932.4771 196.6620 995.3749 224.0462 1.4859 1.6519 4.3037 22.0233 3.0484 45.1486 1.5206 0.5875
Car -1 -1 0.9344 1142.3987 198.9867 1210.1752 224.1972 1.4726 1.5516 3.8811 37.6854 3.2887 48.1704 1.5983 -0.7292
Car -1 -1 -1.0430 753.9921 187.2617 814.0458 214.9243 1.5025 1.6424 4.1589 10.4763 2.4111 43.4127 -0.8062 -0.8044
