Car -1 -1 -1.4667 530.8072 178.9991 562.5311 203.6012 1.4669 1.6309 3.7274 -4.0144 1.8737 45.8345 -1.5541 6.9059
Cyclist -1 -1 -1.2423 328.8321 171.8101 364.7564 225.6472 1.6209 0.5633 1.6230 -8.2486 1.5899 22.5391 -1.5932 1.8991
Pedestrian -1 -1 1.9801 316.8139 174.0763 344.2107 223.1644 1.6428 0.6375 0.7157 -9.5419 1.6853 24.5322 1.6092 2.0231
Car -1 -1 -1.5396 587.8302 179.4954 619.5063 209.5299 1.5031 1.5906 3.6728 -0.3366 1.8775 38.7801 -1.5483 5.7932
Cyclist -1 -1 -1.4677 653.2377 179.3477 671.5707 219.9129 1.6998 0.6262 1.7074 2.2510 1.9910 31.4135 -1.3961 0.3276
Pedestrian -1 -1 1.6885 654.1822 180.4776 671.0416 219.8164 1.6700 0.6338 0.8633 2.2459 2.0062 31.2985 1.7601 1.4216
Car -1 -1 -1.6071 601.0992 167.9197 626.3547 195.1715 2.1753 1.9111 5.2147 0.2430 1.7818 60.2285 -1.6031 1.1426
Cyclist -1 -1 -1.4513 464.7122 178.0352 475.2761 201.4999 1.7005 0.5690 1.7331 -10.4143 2.0918 53.5620 -1.6433 -0.7331
Pedestrian -1 -1 1.8912 334.2957 173.2328 360.9894 226.2869 1.6330 0.6221 0.6158 -8.2326 1.6454 22.5280 1.5408 1.3748
Car -1 -1 1.6074 557.5308 183.6521 577.6276 202.5998 1.4769 1.5415 3.8519 -3.5468 2.4102 60.3949 1.5487 -0.7420
Pedestrian -1 -1 1.7335 449.4703 175.8878 466.0172 212.6037 1.5869 0.6102 0.6649 -6.7023 1.7215 31.5860 1.5245 -0.5065
