Car -1 -1 -1.5518 587.0894 185.0208 617.8331 213.5237 1.4235 1.6039 3.7300 -0.4144 2.1215 39.5012 -1.5623 6.6741
Cyclist -1 -1 -1.5334 666.8811 182.7724 685.3643 234.0394 1.6347 0.5593 1.6375 2.1810 1.9791 24.1797 -1.4434 1.8129
Pedestrian -1 -1 -1.0516 196.7182 171.8573 244.6276 251.6784 1.6461 0.6314 0.6910 -8.2583 1.6259 15.2294 -1.5484 2.8232
Car -1 -1 -1.4742 527.4533 181.1409 559.2724 206.3425 1.4857 1.6369 4.0055 -4.2235 2.0359 45.8614 -1.5661 5.7042
Cyclist -1 -1 1.7799 438.1040 181.4204 453.0141 208.4372 1.6813 0.5988 1.6788 -10.5705 2.2411 46.2785 1.5553 1.0371
Pedestrian -1 -1 2.0822 187.1405 174.4854 231.0234 247.3329 1.6939 0.6061 0.7896 -9.5893 1.7340 17.1880 1.5733 2.2539
Car -1 -1 -1.5379 599.8528 173.0028 624.0466 199.7304 2.1473 1.8675 5.0151 0.1822 2.1607 60.5343 -1.5349 0.8199
Cyclist -1 -1 -3.0713 583.0741 183.1011 615.3673 214.8139 1.6446 0.6049 1.6624 -0.5985 2.1895 37.9882 -3.0870 0.3005
Pedestrian -1 -1 3.0374 663.6582 186.0047 688.5252 235.2688 1.6079 0.6679 0.7591 2.1540 2.0531 24.0678 3.1267 1.4660
Cyclist -1 -1 -1.1585 359.8902 176.8975 387.8039 215.8292 1.6940 0.5640 1.6922 -10.6433 1.8810 32.4423 -1.4755 0.0502
Pedestrian -1 -1 1.8930 362.0982 176.5386 381.9482 215.2250 1.7030 0.6219 0.8004 -10.6678 1.8700 32.2367 1.5734 0.3938
