Car -1 -1 -1.4947 533.0361 182.1043 563.1329 206.1860 1.4276 1.6289 3.9591 -3.9621 2.0469 46.2851 -1.5801 8.5640
Cyclist -1 -1 -1.3200 424.3770 176.2124 444.7010 211.9094 1.6387 0.5452 1.6409 -8.3203 1.8017 34.0994 -1.5593 0.2233
Pedestrian -1 -1 0.2502 401.1304 174.8860 418.7538 206.9550 1.6992 0.6114 0.7818 -10.7305 1.8091 38.5814 -0.0211 0.4885
Car -1 -1 -1.5464 585.0047 182.2148 617.6704 212.2386 1.4432 1.6198 3.7887 -0.4476 1.9583 37.7720 -1.5583 8.2620
Cyclist -1 -1 -1.2931 400.5938 174.8102 420.2324 207.1863 1.6968 0.5725 1.7089 -10.7501 1.8046 38.7717 -1.5636 0.1864
Pedestrian -1 -1 0.1227 488.4958 175.9282 503.5278 204.7377 1.7067 0.6200 0.8187 -6.8448 1.8922 43.1338 -0.0347 0.1198
Car -1 -1 1.9648 270.0992 180.7587 330.3521 210.6578 1.4436 1.5718 3.7584 -16.1535 1.8779 37.7203 1.5602 5.3990
Pedestrian -1 -1 -1.4947 548.0760 188.9253 558.9365 216.0603 1.6440 0.6174 0.6915 -3.5120 2.6426 44.4681 -1.5736 -0.5896
Pedestrian -1 -1 0.2392 423.9874 175.7189 442.9915 210.5876 1.6246 0.6146 0.7456 -8.3466 1.7611 33.9731 -0.0017 -0.6544
Pedestrian -1 -1 1.7743 454.1112 176.3218 464.6593 200.0521 1.6656 0.6144 0.6413 -10.6844 1.9129 51.0561 1.5681 -0.8458
