Car -1 -1 2.0869 154.7925 179.7630 245.8567 221.0130 1.4850 1.5498 3.5713 -16.0329 1.7741 28.3584 1.5723 9.8261
Cyclist -1 -1 -1.4271 643.8734 178.4542 659.7282 210.7109 1.6747 0.6141 1.6929 2.2119 1.9820 38.6576 -1.3700 0.7469
Pedestrian -1 -1 -1.5591 604.6132 182.8906 618.0430 219.9666 1.8442 0.6712 0.7373 0.0329 2.3569 36.4614 -1.5582 1.5629
Car -1 -1 -1.5821 586.9094 179.9093 618.9349 208.9045 1.4232 1.6138 3.7558 -0.4366 1.8159 38.2309 -1.5935 7.3740
Pedestrian -1 -1 -1.5860 645.6291 177.6735 657.9059 208.9004 1.6461 0.6420 0.7804 2.1925 1.9067 38.5595 -1.5292 1.4877
Car -1 -1 -1.4672 533.1322 179.3675 563.2361 203.0773 1.4215 1.5611 3.4868 -3.9351 1.8528 45.9798 -1.5526 5.2267
Pedestrian -1 -1 3.4124 399.0859 172.7682 422.4883 213.4262 1.6597 0.5814 0.8045 -8.2492 1.6565 29.7415 3.1419 1.3522
Car -1 -1 -1.5615 598.7022 166.3747 622.3977 193.4127 2.1469 1.8819 5.0047 0.0438 1.6328 59.8017 -1.5608 2.6773
Pedestrian -1 -1 -1.5253 584.2594 183.0317 597.8019 218.1393 1.7478 0.6533 0.7392 -0.9941 2.2685 36.5111 -1.5526 0.6543
Pedestrian -1 -1 -2.8349 376.6687 170.9205 397.0781 206.9058 1.6927 0.6218 0.7748 -10.6268 1.6021 34.2501 -3.1357 -0.3840
Pedestrian -1 -1 1.7173 599.7368 168.5416 608.9062 190.4720 1.7317 0.6472 0.6075 -0.4743 1.3915 57.3165 1.7090 -0.4932
