Car -1 -1 2.0391 201.9290 180.7459 279.5121 216.5519 1.4322 1.5373 3.6329 -16.0545 1.7967 31.4780 1.5675 8.4463
Cyclist -1 -1 0.2109 399.0311 178.5996 439.5211 216.4400 1.6173 0.5041 1.6247 -8.2847 1.8686 31.2161 -0.0485 -0.7554
Pedestrian -1 -1 0.2038 443.9597 177.5479 458.5264 203.1993 1.6967 0.6205 0.8419 -10.6231 2.0124 48.1545 -0.0133 1.0579
Car -1 -1 -1.4921 533.4300 182.2394 562.6824 205.8495 1.4008 1.5840 3.5981 -3.9484 2.0236 46.0462 -1.5777 7.8291
Pedestrian -1 -1 0.2806 384.9333 177.8448 404.9571 212.1635 1.6778 0.6200 0.8096 -10.6683 1.9271 35.6778 -0.0100 0.0710
Car -1 -1 -1.5628 584.9852 182.5834 617.2011 212.3264 1.4388 1.6151 3.8682 -0.4939 1.9792 38.1068 -1.5758 7.3209
Pedestrian -1 -1 0.2397 407.3738 173.8034 429.0403 212.7363 1.6643 0.6105 0.7829 -8.3222 1.7061 31.1700 -0.0212 -0.1689
Car -1 -1 2.1383 117.4325 177.1469 207.2774 214.3250 1.5068 1.5828 3.7238 -19.4984 1.7060 31.5461 1.5847 2.5309
Car -1 -1 -1.6673 639.1280 178.3093 673.4966 208.1715 1.6212 1.6149 3.8662 2.6063 1.9527 41.8443 -1.6051 0.1729
Car -1 -1 2.0113 344.1765 183.4524 381.5258 201.3755 1.4691 1.6143 3.8761 -21.7389 2.4325 63.5400 1.6816 -0.4763
Car -1 -1 -2.9375 425.2768 174.3125 498.4338 202.4527 1.5547 1.6235 3.7991 -8.3633 1.6391 40.7600 -3.1398 -0.8179
