Car -1 -1 -1.3269 292.7872 175.3485 471.4118 308.7422 1.6307 1.6335 3.8303 -3.2371 1.6753 10.8419 -1.6170 14.4943
Pedestrian -1 -1 1.5423 625.2582 170.4021 634.4287 195.9275 1.6970 0.5951 0.6226 1.2955 1.5344 48.2796 1.5691 -0.2285
Car -1 -1 -1.9945 819.3856 161.5187 1164.5162 374.0000 1.6326 1.5774 3.3966 3.2449 1.5497 7.0031 -1.5606 13.5394
Pedestrian -1 -1 -0.5843 1089.8863 169.7678 1132.4041 236.4266 1.7952 0.6374 0.7242 13.6654 1.7124 19.7550 0.0209 -0.6005
Car -1 -1 -1.8547 722.8977 174.4980 883.6485 288.6248 1.5723 1.5701 3.4383 2.9045 1.6034 11.7381 -1.6121 13.1838
Car -1 -1 -1.6620 662.4332 174.9561 719.6760 221.7080 1.4785 1.6158 3.5973 2.6686 1.5564 24.7901 -1.5547 12.0483
Car -1 -1 -1.6130 623.6240 169.2283 651.9298 196.3964 1.8128 1.7765 4.5673 1.8678 1.5712 50.4302 -1.5760 6.8927
Car -1 -1 1.7393 427.1785 136.8251 540.7099 242.7730 2.5512 2.1081 6.2596 -3.3846 1.6840 20.5069 1.5758 6.1587
Car -1 -1 0.8093 1075.9385 123.1145 1241.0000 332.8442 1.6200 1.6767 4.1461 7.0903 1.2362 7.6555 1.5564 0.6269
Car -1 -1 -0.1396 675.1227 162.8555 734.2497 183.3016 1.5633 1.6652 4.3604 7.2928 0.7992 56.0191 -0.0102 -0.4400
