Car -1 -1 -1.7819 717.1758 182.7125 857.4055 287.9794 1.5453 1.6197 3.6908 2.9116 1.7458 12.7924 -1.5581 13.7291
Pedestrian -1 -1 -0.7214 1176.2614 127.3383 1241.0000 261.8155 1.7979 0.6752 0.8960 8.5004 1.1897 9.9887 -0.0164 3.8025
Car -1 -1 -1.4479 451.7375 181.4418 520.3267 239.6072 1.6105 1.6359 3.9850 -3.8332 1.9040 22.6008 -1.6159 11.9147
Pedestrian -1 -1 -0.1198 701.6324 148.9213 717.1988 182.9224 1.6941 0.6235 0.7047 4.9559 0.5020 36.2643 0.0160 0.5473
Car -1 -1 -1.7545 649.3564 181.6473 719.0085 232.8177 1.4970 1.5823 3.8696 2.3109 1.8116 23.7877 -1.6577 10.7346
Pedestrian -1 -1 1.4113 674.9996 182.5754 703.0434 243.0561 1.5936 0.6461 0.7157 2.0817 1.8618 19.5035 1.5177 -0.2772
Car -1 -1 -1.7456 680.2772 178.8027 762.6592 248.4983 1.6470 1.5870 3.1712 2.7875 1.8167 18.9306 -1.5994 9.4411
Pedestrian -1 -1 -1.0771 1083.7483 150.7819 1143.2369 250.3902 1.6354 0.5880 0.6580 8.4967 1.2734 12.2553 -0.4709 -0.7648
Car -1 -1 -1.5984 631.0805 180.0206 664.7876 212.5675 1.5404 1.6068 3.6180 1.8536 1.9242 36.7771 -1.5480 7.0701
Car -1 -1 -1.5477 604.7600 173.8207 625.1478 194.5988 1.7228 1.6643 3.8093 0.4297 1.8087 61.9295 -1.5407 2.7625
Car -1 -1 -0.3269 775.7935 135.9244 864.3843 165.2474 1.4850 1.6509 4.1612 10.9647 -0.4093 37.9347 -0.0455 0.6731
Car -1 -1 -0.1875 706.1243 149.4306 793.8878 183.4419 1.5115 1.5954 3.6886 6.2890 0.4709 32.8641 0.0016 0.6647
