Car -1 -1 -1.7670 656.9498 181.3083 769.0749 264.9862 1.5052 1.6168 3.6878 1.9887 1.7065 15.2528 -1.6373 13.3736
Pedestrian -1 -1 -1.9863 1029.9207 140.7747 1088.5758 240.0760 1.6988 0.6688 0.6535 7.8483 1.1503 12.7103 -1.4332 1.1669
Car -1 -1 -1.4513 421.7743 180.7276 484.7629 234.9426 1.6544 1.6399 3.9510 -5.3110 1.9461 24.6515 -1.6635 9.4879
Pedestrian -1 -1 1.0524 854.0627 163.5682 890.3851 225.0659 1.6028 0.6502 0.6916 6.9229 1.3611 19.1986 1.3985 0.5653
Car -1 -1 -1.7289 604.2832 179.9030 665.6318 227.2260 1.5446 1.6181 3.8559 0.7843 1.8203 26.1644 -1.6989 8.7905
Pedestrian -1 -1 -1.1300 608.0637 177.8724 633.5479 227.3085 1.6641 0.6143 0.7579 0.3313 1.8406 24.8568 -1.1167 0.4267
Car -1 -1 -1.7167 630.1905 177.4257 700.9776 238.1572 1.6357 1.5954 3.4517 1.5267 1.7834 21.4795 -1.6458 8.7182
Pedestrian -1 -1 1.2226 635.8387 179.6755 667.1590 242.1375 1.6857 0.6249 0.8209 1.0997 1.8803 20.0591 1.2773 -0.0889
Car -1 -1 1.9653 0.0000 107.0465 370.9892 374.0000 2.0468 1.8288 4.7228 -3.4418 1.7287 5.9493 1.4408 7.9055
Car -1 -1 -1.5975 584.8074 179.3506 616.5718 209.5518 1.5223 1.6118 3.6399 -0.5788 1.8906 39.0147 -1.6123 5.6251
Car -1 -1 -1.5912 562.2975 176.2939 582.0351 197.9528 1.8467 1.6690 3.7583 -3.4050 2.1617 64.0663 -1.6443 2.2306
