Car -1 -1 1.8320 253.2001 189.5229 516.4991 374.0000 1.5053 1.6407 4.2773 -2.1959 1.7426 8.1106 1.5676 13.7143
Cyclist -1 -1 -2.1510 1039.8603 142.8568 1119.6216 226.3015 1.7490 0.5635 1.8403 10.3453 1.1206 16.0428 -1.5783 6.8366
Pedestrian -1 -1 0.2765 435.3757 163.1798 459.3085 208.4448 1.7036 0.6437 0.7432 -6.2369 1.3399 27.4948 0.0534 0.7780
Car -1 -1 -1.7790 751.5574 160.5003 804.8895 194.7569 1.4957 1.6144 3.9577 7.6964 0.9567 33.4931 -1.5531 1.3554
Cyclist -1 -1 1.3578 688.3015 159.1115 701.1609 182.3672 1.6690 0.5888 1.6769 6.1473 0.6831 52.6422 1.4741 -0.6655
Pedestrian -1 -1 1.1801 884.7498 157.4604 914.8803 209.3632 1.5693 0.6442 0.6879 8.8490 1.1043 22.1612 1.5600 0.4768
Car -1 -1 0.3407 150.7692 178.9540 323.2776 236.3316 1.4954 1.6276 3.9532 -10.3105 1.6747 20.0987 -0.1333 -0.0620
Cyclist -1 -1 1.7282 501.8714 173.5996 516.0690 203.0717 1.7054 0.5764 1.6821 -5.9962 1.7507 42.6380 1.5885 -0.7440
Pedestrian -1 -1 -1.6735 703.2260 154.9127 715.4260 183.3776 1.7368 0.6531 0.9212 6.0888 0.6425 44.4946 -1.5375 0.2983
Pedestrian -1 -1 -1.7018 1067.9902 147.2267 1111.3265 227.1851 1.6847 0.6835 0.8115 10.3827 1.1451 15.7144 -1.1179 -0.7629
