Car -1 -1 1.7600 398.6418 185.3332 549.2984 303.6469 1.5347 1.6451 4.1021 -2.0755 1.7758 11.8556 1.5867 13.0562
Cyclist -1 -1 -2.1970 1093.8703 139.5172 1189.5844 233.5048 1.7412 0.5572 1.8201 10.4108 1.1240 14.2758 -1.5669 6.1925
Pedestrian -1 -1 -0.8646 1120.7846 143.1925 1190.7616 233.7785 1.6944 0.6711 0.8729 10.4660 1.1400 13.9165 -0.2198 0.5606
Car -1 -1 -1.6587 665.6177 184.7218 725.7069 234.7294 1.4800 1.6400 4.1359 2.7688 1.9165 24.4297 -1.5459 -0.1037
Cyclist -1 -1 -2.4717 784.3242 148.8676 849.6300 214.0111 1.7060 0.6214 1.6985 5.5995 1.0782 19.7640 -2.1956 -0.5490
Pedestrian -1 -1 -1.8627 702.6850 156.6183 717.0200 183.8835 1.6694 0.6574 0.8629 6.1436 0.6757 44.6535 -1.7259 0.3666
Car -1 -1 -2.4032 1059.5011 150.4955 1241.0000 236.1566 1.4846 1.6196 4.0002 11.3367 1.0975 14.6117 -1.7433 -0.5717
Pedestrian -1 -1 0.7439 436.4767 163.8324 462.8898 210.9255 1.7763 0.6252 0.7689 -6.1915 1.4364 27.6764 0.5238 -0.4088
Car -1 -1 -1.2096 453.2519 162.8828 492.9330 185.8020 1.6095 1.6259 3.7496 -9.9723 0.9096 52.6551 -1.3967 -0.7499
Pedestrian -1 -1 2.3517 780.5627 158.7656 795.4088 183.8184 1.7220 0.6218 0.7935 12.3207 0.7540 50.0654 2.5930 -0.8217
Car -1 -1 1.9998 231.1322 178.3637 342.2069 236.6785 1.5400 1.5789 3.7136 -9.4370 1.7170 21.2695 1.5822 -0.8195
