Car -1 -1 1.7557 605.8166 182.1508 644.5760 208.8022 1.4738 1.6176 4.0856 0.9338 2.0635 43.5734 1.7771 1.1657
Cyclist -1 -1 -2.0762 1093.2443 149.4455 1151.0447 212.9102 1.7217 0.5510 1.7584 14.4518 1.0870 20.4755 -1.4616 3.3322
Pedestrian -1 -1 0.8971 1109.0529 141.3872 1166.3483 219.7215 1.7367 0.6662 0.8525 11.9555 1.0394 16.4347 1.5260 1.9320
Car -1 -1 -2.6050 233.6310 188.3823 418.7980 250.5451 1.5288 1.6764 4.4288 -7.6661 1.9748 19.5198 -2.9792 0.0845
Cyclist -1 -1 -1.3805 620.0780 173.2418 635.6377 203.8663 1.6970 0.5728 1.6976 0.9856 1.7198 40.8928 -1.3564 0.2903
Pedestrian -1 -1 1.0686 1144.5223 156.6045 1196.3278 232.0384 1.6719 0.6263 0.7925 12.6977 1.3121 16.4297 1.7266 0.8894
Car -1 -1 -2.2908 0.0000 187.9633 184.7193 256.7344 1.4861 1.5889 4.0490 -12.6185 1.8753 17.3460 -2.9197 -0.6224
Cyclist -1 -1 1.2689 820.9385 158.6645 837.6383 184.5729 1.7164 0.5865 1.7346 14.7513 0.7767 48.6664 1.5632 -0.6449
Pedestrian -1 -1 0.6450 546.4103 169.1090 574.4276 219.8785 1.7714 0.6825 0.7308 -1.8058 1.6411 25.6577 0.5748 0.5632
Pedestrian -1 -1 -0.8186 1099.2624 149.8475 1142.9762 212.7868 1.7406 0.6514 0.7764 14.3621 1.1047 20.3493 -0.2041 0.5118
Pedestrian -1 -1 0.1818 618.6764 172.3695 636.8239 204.9693 1.8271 0.6679 0.9225 0.9732 1.8003 40.8580 0.2056 -0.7337
