Car -1 -1 -1.7368 548.7277 180.1105 635.8199 250.6931 1.5500 1.5976 3.5321 -0.5890 1.7517 18.1201 -1.7693 13.1189
Pedestrian -1 -1 -1.7243 610.5710 155.3890 625.7993 190.4867 1.7238 0.6480 0.7538 0.3654 0.8664 35.8545 -1.7141 0.4724
Car -1 -1 -1.5261 330.2970 181.1429 385.1063 233.0157 1.6809 1.7007 4.2855 -9.1915 2.0110 26.4080 -1.8611 9.2264
Pedestrian -1 -1 2.7109 540.5739 154.0659 556.1509 182.6398 1.6506 0.6654 0.6914 -3.6353 0.5657 42.1385 2.6248 -0.0600
Car -1 -1 1.8053 0.0000 132.2078 313.9371 374.0000 2.0770 1.8373 4.7494 -4.6105 1.7667 8.0491 1.2851 8.3812
Pedestrian -1 -1 -1.7235 591.8935 155.8792 606.3691 192.1846 1.7731 0.6152 0.6952 -0.5777 0.9444 35.6299 -1.7397 -0.7489
Car -1 -1 -1.6878 526.7554 177.2717 585.6639 232.1526 1.6825 1.5735 3.3709 -1.9117 1.8422 24.2146 -1.7665 7.4602
Pedestrian -1 -1 -1.6121 624.3739 159.3052 637.7619 193.9150 1.7124 0.6378 0.7385 1.0121 1.0424 36.0700 -1.5841 -0.8269
Car -1 -1 -1.6930 503.2975 181.0832 554.4259 223.3912 1.5203 1.5754 3.5893 -3.3147 1.8690 28.6057 -1.8084 6.8007
Car -1 -1 -1.5728 483.5655 178.8103 512.7877 206.2912 1.4783 1.5912 3.5613 -6.4720 1.8369 41.5107 -1.7275 6.0320
Car -1 -1 -1.6563 455.1188 177.1745 476.5127 195.8661 1.6244 1.6052 3.5322 -13.1328 2.0285 65.5091 -1.8541 1.4083
Car -1 -1 -1.6640 554.1106 151.8189 589.6452 181.2615 1.5233 1.5889 3.6500 -2.1514 0.4354 39.2510 -1.7187 0.3117
