Car -1 -1 -1.8677 752.1364 179.1757 951.7251 311.6810 1.4966 1.5899 3.5960 3.0907 1.6013 10.1165 -1.5712 14.1697
Pedestrian -1 -1 -0.2182 644.3417 173.0801 664.7650 209.4476 1.6266 0.6555 0.7989 1.9733 1.6373 32.6603 -0.1579 0.2465
Car -1 -1 -1.4417 445.9570 176.1122 523.8078 243.6873 1.6714 1.6292 3.9311 -3.4141 1.7712 20.0326 -1.6105 12.0307
Pedestrian -1 -1 2.9447 722.9877 157.7862 741.7162 198.3163 1.8492 0.6405 0.7390 5.5951 1.1621 33.2494 3.1115 -0.6828
Car -1 -1 -1.7552 706.1953 173.4184 803.2049 250.8369 1.5774 1.5615 3.2172 3.1179 1.5917 16.3335 -1.5666 11.2189
Car -1 -1 -1.7464 670.2225 176.4286 748.6287 235.4092 1.5503 1.6033 3.8527 2.7668 1.6652 21.1609 -1.6164 10.4704
Car -1 -1 -1.6584 641.0735 175.7786 681.5337 208.3153 1.4435 1.5906 3.5981 2.3393 1.5897 34.1493 -1.5900 7.4283
Car -1 -1 1.6769 486.8258 144.6734 556.2840 215.7631 2.6133 2.1501 6.4951 -3.5356 1.5777 29.7814 1.5588 5.5100
Car -1 -1 -1.5729 617.7897 170.3091 638.4837 192.0774 1.7356 1.6499 3.6078 1.4623 1.5330 59.3476 -1.5482 4.0298
Car -1 -1 1.9029 325.9504 152.6638 354.9314 168.0603 1.4681 1.5292 3.8760 -26.8660 -0.4908 71.9731 1.5457 -0.1038
Car -1 -1 -1.3869 473.6149 167.3935 500.8075 186.9411 1.5974 1.6109 3.7069 -10.3396 1.1515 60.8260 -1.5553 -0.6897
