Car -1 -1 -1.2315 165.8519 179.4978 444.4680 370.8645 1.6569 1.6389 4.0378 -3.2218 1.7536 8.4255 -1.5967 14.5836
Pedestrian -1 -1 2.0265 270.9349 141.3043 299.8897 202.0987 1.7924 0.6267 0.5138 -9.7313 0.8626 21.5365 1.6021 0.2486
Car -1 -1 -1.6797 668.7787 174.6865 732.9868 226.1037 1.4672 1.5908 3.5336 2.7079 1.5292 22.4887 -1.5599 13.9360
Pedestrian -1 -1 -1.6028 647.2731 169.7452 657.6855 195.5547 1.6338 0.6428 0.5970 2.6731 1.4373 45.9786 -1.5447 0.0674
Car -1 -1 -1.9148 745.8699 176.8376 969.5981 318.8077 1.4771 1.5796 3.5039 2.9046 1.5391 9.3893 -1.6148 13.0098
Pedestrian -1 -1 -2.1978 1081.8286 159.5901 1241.0000 374.0000 1.6609 0.5923 0.6837 2.6513 1.6060 3.3553 -1.5291 -0.2666
Car -1 -1 -2.1769 895.5973 172.2620 1241.0000 374.0000 1.6345 1.6433 3.7982 3.2936 1.6327 4.5618 -1.5515 8.8425
Pedestrian -1 -1 -0.0915 711.3922 148.4163 726.7025 182.3272 1.7075 0.6143 0.7150 5.4992 0.4773 36.6549 0.0574 -0.7004
Car -1 -1 -0.6920 989.6081 132.7600 1241.0000 247.8673 1.4682 1.6208 4.3585 7.8439 0.9571 10.0770 -0.0305 6.0425
Pedestrian -1 -1 -0.6433 1168.6174 136.1904 1209.0954 191.2351 1.7177 0.6210 0.7830 18.2669 0.5739 22.8352 0.0314 -0.8047
Car -1 -1 -1.6168 625.5874 167.7911 655.0109 196.6245 1.8295 1.7434 4.4600 1.9405 1.5086 48.0149 -1.5764 4.9436
Car -1 -1 1.7387 396.9087 127.8352 528.3540 251.6615 2.5671 2.1270 6.4519 -3.4714 1.6342 18.2030 1.5503 4.7208
Car -1 -1 1.6553 556.6611 174.4324 575.6060 189.7943 1.4863 1.5689 3.9173 -4.3793 1.6489 72.1895 1.5947 0.5748
