Car -1 -1 -1.7244 677.3002 179.7024 767.2693 247.2302 1.5044 1.6400 4.0980 2.7104 1.7003 18.5443 -1.5793 13.1716
Cyclist -1 -1 1.8835 338.2598 171.8045 371.4367 223.3438 1.7373 0.5847 1.7511 -8.9374 1.7023 25.2028 1.5427 2.2236
Pedestrian -1 -1 -1.6297 655.7208 158.5166 666.1531 182.2985 1.6426 0.6807 0.7436 3.5128 0.6527 50.2096 -1.5598 1.2086
Car -1 -1 -1.4446 491.4341 180.8709 553.7384 232.0399 1.6474 1.7011 4.3045 -3.1091 1.9614 26.0625 -1.5633 12.7437
Pedestrian -1 -1 -0.2341 774.9642 154.8043 790.7399 185.5813 1.6639 0.6085 0.7134 9.3784 0.6884 39.3091 0.0001 0.1370
Car -1 -1 -1.9212 759.0856 181.3996 1114.1966 374.0000 1.5839 1.6640 4.0701 2.6470 1.6923 7.0765 -1.5633 12.3341
Pedestrian -1 -1 -0.0945 652.9911 179.4290 670.3288 215.6533 1.6555 0.6090 0.7454 2.3486 1.9631 33.4007 -0.0243 -0.5809
Car -1 -1 -1.8025 709.2373 183.8891 857.8711 288.2828 1.4954 1.6244 3.9237 2.8082 1.7206 12.7238 -1.5853 10.8007
Car -1 -1 -1.6729 647.9643 179.8356 687.4865 213.5327 1.5126 1.5509 3.4312 2.7025 1.8669 34.8396 -1.5955 6.0655
Car -1 -1 1.6508 517.5945 186.0107 556.0149 218.7875 1.4858 1.6187 3.7888 -3.6543 2.1802 36.1495 1.5500 4.6907
Car -1 -1 -1.5605 638.3650 181.0329 664.8883 206.2276 1.4682 1.5952 4.1154 2.6125 2.0084 45.5182 -1.5032 3.7913
Car -1 -1 -1.6735 664.3416 180.3888 719.8899 227.9283 1.5942 1.6439 3.8021 2.9224 1.8933 26.7032 -1.5645 3.4260
Car -1 -1 1.4074 683.9302 163.9485 709.1016 182.3400 1.4431 1.4831 3.3991 6.9430 0.7447 58.3456 1.5258 1.9836
Car -1 -1 -1.7123 724.2749 166.3251 758.2858 190.7361 1.4644 1.5682 3.8019 8.1487 1.0731 45.2105 -1.5340 0.2819
