Car -1 -1 -1.3716 393.1126 180.1169 508.4031 269.2858 1.6120 1.6319 3.8907 -3.2748 1.7862 15.3143 -1.5823 13.6746
Cyclist -1 -1 1.5587 625.6200 175.4952 635.2446 201.6287 1.7061 0.6188 1.7267 1.3272 1.8859 48.1452 1.5863 -0.2101
Pedestrian -1 -1 -0.2130 622.9613 171.9181 637.0873 198.3467 1.7424 0.6150 0.8265 1.2979 1.6810 47.9454 -0.1859 0.3143
Car -1 -1 -1.8961 741.0689 182.6908 1045.9363 373.9367 1.4919 1.6752 4.2490 2.6319 1.6300 7.9748 -1.5773 13.2129
Pedestrian -1 -1 -0.2334 793.2325 147.4928 812.2881 185.3703 1.7266 0.6451 0.7169 8.8315 0.5709 33.2196 0.0264 0.1837
Car -1 -1 -1.7367 693.1823 178.5889 797.5482 254.3386 1.4513 1.6129 3.9733 2.8299 1.5956 16.1161 -1.5628 11.9734
Pedestrian -1 -1 0.1195 488.5533 180.5388 510.9901 226.8894 1.6876 0.6241 0.7529 -4.1180 1.9759 26.7009 -0.0335 -0.2162
Car -1 -1 -1.6831 659.2820 177.9065 719.4771 228.1870 1.5434 1.5952 3.7315 2.5614 1.7277 24.3936 -1.5785 9.6136
Pedestrian -1 -1 2.4252 746.8064 152.6859 765.3224 181.5861 1.6765 0.6610 0.8368 8.5380 0.5069 42.3467 2.6241 -0.8094
Car -1 -1 1.7090 466.6288 183.9833 528.8768 229.9041 1.4143 1.6078 4.0212 -3.8814 1.8350 25.2222 1.5564 8.7103
Car -1 -1 -1.5952 637.2135 176.9428 673.7483 211.6197 1.5537 1.6508 4.0420 2.1070 1.7632 34.8584 -1.5348 4.4609
Car -1 -1 3.2660 459.0676 175.7093 530.3983 204.4083 1.6233 1.6288 3.9161 -6.6791 1.7928 41.8642 3.1078 2.1526
Car -1 -1 1.6502 697.3953 159.3479 725.9531 182.4732 1.4723 1.5909 3.7083 6.7545 0.6128 47.9183 1.7902 1.9485
Car -1 -1 -2.3094 1097.4241 142.6209 1241.0000 255.1667 1.4883 1.6522 4.1992 10.1070 1.0888 11.6578 -1.5951 -0.2759
