Car -1 -1 -1.7939 730.8598 177.6972 941.7151 332.4418 1.5744 1.6536 4.2514 2.6528 1.6540 9.6349 -1.5252 13.0288
Cyclist -1 -1 1.8624 78.1352 177.3082 235.7319 374.0000 1.7025 0.7025 1.7967 -4.0123 1.7487 6.4649 1.3070 4.2434
Pedestrian -1 -1 1.4669 119.5932 181.7026 221.6225 374.0000 1.6533 0.6917 0.8455 -4.0050 1.7397 6.4679 0.9125 1.0141
Car -1 -1 -2.7949 256.5142 172.5582 442.6566 250.3343 1.7349 1.6108 3.7803 -6.0480 1.7286 16.9032 -3.1385 9.7982
Cyclist -1 -1 1.3231 644.0739 172.0468 660.6394 199.1699 1.7146 0.6566 1.7439 2.6910 1.6639 46.5283 1.3808 0.2288
Car -1 -1 1.5896 546.9941 175.3068 569.9189 197.5450 1.5888 1.6400 4.1277 -3.8594 1.7803 54.1164 1.5184 5.7449
Car -1 -1 -1.6638 642.6552 171.3341 673.1821 196.6240 1.6190 1.6573 4.0770 3.1315 1.5221 48.2492 -1.5990 4.0921
Car -1 -1 -1.4595 579.9257 175.6749 602.8954 193.8677 1.5558 1.6283 3.8764 -1.6482 1.8155 64.3237 -1.4851 3.3953
Car -1 -1 -1.6457 656.9038 172.0178 700.1570 212.0981 1.6995 1.6459 3.8260 2.9912 1.6644 32.5193 -1.5539 2.6252
Car -1 -1 -1.6469 667.4322 155.3100 729.9090 220.4858 2.0276 1.7725 4.2239 2.8845 1.4822 24.5900 -1.5301 2.0189
