Car -1 -1 -1.7803 718.1841 175.2952 905.8229 307.5508 1.5423 1.6964 4.3326 2.6539 1.5862 10.6862 -1.5369 13.3493
Cyclist -1 -1 1.8650 144.1596 186.1828 278.8511 374.0000 1.6976 0.7230 1.8093 -4.0918 1.8537 7.4682 1.3638 2.5057
Pedestrian -1 -1 -1.7711 800.2709 167.6115 854.6786 285.0214 1.6436 0.6233 0.7151 3.0920 1.5706 10.4813 -1.4842 0.0015
Car -1 -1 3.4645 267.4733 171.3193 451.0686 246.6285 1.7684 1.6517 3.9554 -6.1224 1.7328 17.7837 3.1329 10.4385
Cyclist -1 -1 1.5988 588.4898 174.7976 596.5253 194.4660 1.7106 0.6628 1.7639 -1.5630 1.8853 63.8099 1.5743 -0.5263
Car -1 -1 1.6148 547.2197 174.8250 570.0703 197.2457 1.6345 1.5736 3.6410 -3.8953 1.7895 54.7645 1.5438 6.1343
Car -1 -1 -1.6288 660.6902 153.4937 722.0727 220.4909 2.1552 1.8642 4.7971 2.7452 1.5328 25.6490 -1.5221 4.2629
Car -1 -1 -1.6431 643.5390 172.4207 671.2892 196.1828 1.5505 1.6030 3.7917 3.1526 1.5226 48.9820 -1.5788 2.6980
Car -1 -1 1.4857 653.1184 168.3707 697.0922 208.2598 1.7497 1.6919 4.0529 2.9378 1.5534 33.6755 1.5727 2.5900
Car -1 -1 -1.4793 503.8182 164.3344 529.3745 189.2380 2.3708 2.0012 5.7200 -9.2316 1.5601 71.5824 -1.6076 1.1172
Car -1 -1 1.6220 579.7694 170.5531 600.5071 189.3415 1.6474 1.6692 4.1578 -1.7896 1.4460 65.3620 1.5946 0.9183
