Car -1 -1 1.0996 814.9624 149.8409 1241.0000 374.0000 1.7262 1.6811 4.0841 3.3549 1.5724 6.8858 1.5530 13.6482
Cyclist -1 -1 -2.8975 841.5219 148.2316 878.7666 182.1855 1.7031 0.5766 1.7108 12.7491 0.4684 36.8961 -2.5648 0.2447
Pedestrian -1 -1 2.6976 915.0629 160.8883 989.1864 306.5119 1.6468 0.5918 0.5855 3.9405 1.5118 8.4549 3.1338 -0.3533
Car -1 -1 1.7367 492.1319 185.9324 549.2365 230.3001 1.5429 1.5937 3.9083 -3.4637 2.0913 28.2474 1.6146 13.4131
Car -1 -1 -1.7225 684.8043 173.6140 760.8734 234.2751 1.7197 1.7170 4.1484 3.3767 1.7461 22.5820 -1.5741 10.7315
Car -1 -1 -1.4208 562.8833 179.2363 607.3261 213.6106 1.7122 1.7472 4.5846 -1.3215 2.0804 39.1996 -1.4545 9.4519
Car -1 -1 -0.1703 802.1791 151.3978 862.4422 171.6333 1.4815 1.6087 4.0955 16.5706 -0.0928 54.0098 0.1274 3.3206
Car -1 -1 1.6249 543.2191 190.9439 570.4565 216.1493 1.4740 1.5628 3.8270 -3.4497 2.6983 46.8886 1.5514 -0.0156
Car -1 -1 -0.9106 798.7894 156.7105 872.0937 185.1454 1.4885 1.6441 4.1510 12.3730 0.6438 39.6288 -0.6080 -0.4720
Car -1 -1 -1.1170 670.2005 182.9339 736.8321 216.7840 1.4964 1.6217 4.0501 4.5949 2.0198 35.3025 -0.9875 -0.5803
