Car -1 -1 -1.9661 781.1295 188.4531 1138.4627 374.0000 1.4901 1.5448 3.2699 2.6160 1.6630 6.3423 -1.5749 13.5799
Cyclist -1 -1 1.8784 348.9805 185.9755 411.7388 277.2737 1.6595 0.6880 1.7384 -4.5437 1.9345 14.2319 1.5694 2.0210
Pedestrian -1 -1 1.3946 365.8188 179.6086 411.5372 269.1985 1.6957 0.7153 0.9103 -4.4486 1.8354 14.3088 1.0932 4.3691
Car -1 -1 2.0205 0.0000 191.7790 393.8096 374.0000 1.5048 1.6974 4.6775 -3.8343 1.7657 7.5753 1.5520 13.4418
Cyclist -1 -1 -1.7117 639.0854 169.9945 658.5086 212.1200 1.7079 0.5701 1.7219 1.5678 1.5923 30.1333 -1.6597 0.1082
Pedestrian -1 -1 -0.0439 637.7229 169.9398 661.3997 213.1144 1.7842 0.6511 0.9588 1.6061 1.6641 30.1451 0.0094 2.5757
Car -1 -1 -1.7083 669.7743 178.1992 766.7846 253.2742 1.5185 1.6622 4.0964 2.3541 1.6595 16.9319 -1.5701 12.3487
Pedestrian -1 -1 -2.1422 959.0943 162.0416 1008.7540 246.6063 1.7100 0.6655 0.6521 7.6853 1.4917 14.9443 -1.6673 2.2516
Car -1 -1 3.3881 351.2032 175.5781 479.5760 230.4246 1.7602 1.6743 3.8494 -6.4707 1.8548 24.1067 3.1259 9.0029
Pedestrian -1 -1 -2.0913 992.8313 178.9576 1039.9316 266.6370 1.7903 0.6810 0.5307 8.4109 1.9201 15.0361 -1.5813 -0.8459
Car -1 -1 1.5519 540.5088 177.8833 560.9501 197.7831 1.5981 1.6435 4.1588 -5.0766 2.0399 61.1822 1.4691 5.1076
Car -1 -1 -1.6306 639.7571 160.8516 686.5971 213.1139 2.1632 1.7998 4.3789 2.2515 1.6668 32.0612 -1.5605 3.0974
Car -1 -1 1.6697 567.8692 175.2014 588.3782 190.5899 1.4771 1.6389 4.2285 -3.1704 1.7189 72.0671 1.6257 2.2981
Car -1 -1 -1.6460 634.3243 180.2211 668.1851 208.5532 1.4576 1.5895 3.6987 2.2061 1.8850 39.9531 -1.5908 1.3625
Car -1 -1 -1.6582 626.1872 175.4372 652.4660 197.1808 1.5982 1.6606 4.1730 2.1993 1.8054 55.6599 -1.6187 0.4981
Car -1 -1 -2.0005 849.1365 157.2170 945.7422 203.1956 1.4840 1.6236 3.9686 9.9106 0.9796 25.3117 -1.6273 0.0979
Car -1 -1 1.8039 433.3443 157.8274 471.3136 181.5836 1.4518 1.5681 3.6194 -10.0188 0.5338 45.9159 1.5891 -0.4326
