Car -1 -1 -1.8728 747.0048 183.2970 1032.2697 374.0000 1.5526 1.6487 4.1343 2.6653 1.7000 8.0774 -1.5541 12.3512
Pedestrian -1 -1 -0.2348 650.9381 178.2168 671.4113 214.3483 1.6963 0.6284 0.8490 2.3952 1.9549 34.3641 -0.1652 1.1530
Car -1 -1 -1.4556 496.5947 180.0793 553.9166 228.8020 1.6429 1.6756 3.9626 -3.1239 1.9324 26.8959 -1.5712 12.1190
Pedestrian -1 -1 0.8334 350.6863 175.7002 377.6338 223.6160 1.7089 0.6433 0.6710 -8.9787 1.8145 26.2275 0.5036 -0.1711
Car -1 -1 -1.7240 674.3907 179.0287 760.9228 244.3997 1.5346 1.6439 4.2525 2.7317 1.7200 19.4771 -1.5846 11.6585
Car -1 -1 -1.7972 705.3480 181.9888 839.5734 280.1315 1.5449 1.5977 3.8631 2.8480 1.7430 13.6658 -1.5918 10.4372
Car -1 -1 -1.6873 647.2232 179.6491 687.2936 213.6228 1.5729 1.5742 3.5862 2.7668 1.9291 35.9557 -1.6105 5.3573
Car -1 -1 1.6437 521.2356 182.5683 559.2686 216.5432 1.5850 1.6459 4.0084 -3.5452 2.1085 36.8368 1.5478 3.5708
Car -1 -1 -1.6385 631.5675 179.2386 660.4131 205.2021 1.5704 1.5985 3.7255 2.2482 1.9983 46.4398 -1.5901 2.3125
Car -1 -1 -2.2879 906.6480 194.3841 1241.0000 374.0000 1.6018 1.6537 4.0036 2.8696 1.7571 3.1747 -1.5530 1.4650
Car -1 -1 1.9235 338.0187 155.5159 380.7811 177.5572 1.4905 1.6167 3.8308 -17.5896 0.3184 50.7209 1.5897 0.2953
Car -1 -1 1.3639 717.4941 165.9441 755.8951 190.2810 1.4857 1.5926 4.1431 8.0169 1.0642 46.1441 1.5359 -0.2128
Car -1 -1 -0.9445 656.2581 180.5796 757.3634 224.2881 1.4923 1.6290 4.2578 3.7129 1.8094 27.4788 -0.8102 -0.3909
