Car -1 -1 -1.7485 710.5073 176.1189 872.5813 290.9437 1.4571 1.6535 4.4105 2.5949 1.5197 11.5200 -1.5270 14.2300
Cyclist -1 -1 1.9305 186.9706 181.7016 322.7739 341.5713 1.6261 0.8143 1.8582 -4.1028 1.7414 8.4062 1.4765 4.9073
Pedestrian -1 -1 -0.2495 654.3092 161.0047 685.3188 214.9474 1.8061 0.6552 0.9173 1.9857 1.4097 24.5555 -0.1688 0.1072
Car -1 -1 3.4479 284.7698 171.4468 456.6705 244.4854 1.8067 1.6663 3.9088 -6.1489 1.7722 18.7003 3.1302 11.2958
Car -1 -1 1.7025 545.1383 172.1836 571.7027 193.7110 1.5989 1.5814 3.5751 -3.9560 1.5495 55.4207 1.6312 7.6627
Car -1 -1 2.5717 0.0000 203.2129 139.3211 374.0000 1.4885 1.5920 4.1443 -3.7753 1.6776 2.4093 1.5689 6.9303
Car -1 -1 -1.6506 657.7242 156.1140 716.2221 215.9250 2.0201 1.7765 4.3579 2.7014 1.4551 26.5643 -1.5493 4.4127
Car -1 -1 -1.6631 637.4806 167.3901 666.8640 192.9243 1.7050 1.6641 4.1032 2.8672 1.3405 50.2562 -1.6061 3.7721
Car -1 -1 -1.4416 579.3386 172.8079 602.0874 189.2320 1.4664 1.6038 3.9239 -1.7662 1.4626 66.4519 -1.4681 1.6835
Car -1 -1 -1.6481 652.0401 174.1478 691.3807 206.6743 1.4565 1.5751 3.6317 2.8428 1.5215 34.2712 -1.5653 1.0932
