Car -1 -1 -1.2599 229.6378 180.5250 463.4275 340.3345 1.6237 1.6564 4.1159 -3.2236 1.7481 9.5956 -1.5840 13.4553
Cyclist -1 -1 -1.5635 629.8445 171.6254 640.1527 201.2408 1.6981 0.5909 1.6837 1.4339 1.6280 42.2215 -1.5295 -0.5128
Pedestrian -1 -1 -0.2616 689.9298 160.4952 705.1793 186.2368 1.7220 0.6289 0.8876 5.8697 0.8956 48.6397 -0.1415 0.9759
Car -1 -1 1.7410 419.8436 182.0161 508.6817 246.7640 1.5088 1.6521 4.2475 -3.8676 1.7848 19.5618 1.5458 13.0071
Pedestrian -1 -1 1.0251 1048.5791 142.8040 1079.5097 197.7218 1.7900 0.6527 0.5890 14.9354 0.8109 23.8138 1.5852 -0.2137
Car -1 -1 -1.8184 736.0025 180.2751 932.6464 312.7004 1.4700 1.6280 4.0453 2.8643 1.5971 10.2775 -1.5466 12.8966
Pedestrian -1 -1 1.4262 676.6888 144.6152 691.6553 180.4103 1.6575 0.6084 0.6471 3.4267 0.3503 33.7450 1.5274 -0.2703
Car -1 -1 -1.7116 677.1691 176.5223 758.6514 242.3517 1.5110 1.5693 3.4423 2.6173 1.6140 18.4720 -1.5708 12.8641
Pedestrian -1 -1 -0.0222 628.0254 168.0745 641.2192 197.5117 1.7095 0.6071 0.7572 1.4035 1.4323 42.2069 0.0110 -0.7647
Car -1 -1 -2.3857 913.5292 179.0187 1241.0000 374.0000 1.4793 1.5058 3.7947 2.4990 1.5162 2.3730 -1.5744 8.5786
Car -1 -1 -1.6193 647.6120 175.2955 693.2184 216.0320 1.5114 1.6239 3.8091 2.3193 1.6162 28.9284 -1.5393 7.4457
Car -1 -1 -3.0074 435.8518 175.4626 517.1100 209.6933 1.6643 1.6298 3.8175 -6.6718 1.7986 36.1232 -3.1900 6.6034
