Car -1 -1 1.7417 479.0138 185.7382 540.7421 235.9203 1.5799 1.5625 3.6502 -3.5083 2.0690 25.5151 1.6050 13.7450
Cyclist -1 -1 1.2020 895.4444 152.0049 914.0186 176.6534 1.6883 0.6235 1.7056 20.4982 0.2606 50.2778 1.5892 0.0064
Pedestrian -1 -1 -1.9477 875.1112 159.8183 909.3888 221.6569 1.6495 0.6327 0.7566 7.6210 1.3022 19.6247 -1.5773 0.6873
Car -1 -1 -1.7337 694.7141 169.7192 783.7750 241.8936 1.7826 1.7352 4.1300 3.3875 1.7055 19.8880 -1.5650 12.2856
Pedestrian -1 -1 -0.5315 982.4311 124.2248 1020.9588 196.4707 1.7796 0.5842 0.6397 9.7567 0.5821 18.0737 -0.0365 -0.7537
Car -1 -1 -1.4158 557.1852 178.6313 605.3162 216.5838 1.7566 1.7494 4.5437 -1.4189 2.0679 36.4686 -1.4547 8.5274
Car -1 -1 0.8687 911.1430 118.6040 1241.0000 374.0000 1.7840 1.6943 3.9855 3.3529 1.6278 4.0848 1.5560 8.2609
Car -1 -1 -0.1964 815.4634 149.7697 877.2870 171.3032 1.4974 1.6016 3.9423 16.7497 -0.1122 51.3474 0.1190 1.4787
Car -1 -1 -1.1457 676.0534 180.0959 746.3442 218.9849 1.5937 1.6448 3.9620 4.5741 1.9412 32.4674 -1.0058 1.0329
Car -1 -1 1.7142 439.5360 186.4979 488.8087 223.2162 1.4727 1.6234 3.9554 -6.5313 2.1250 32.4563 1.5156 0.4202
Car -1 -1 1.7008 489.1844 152.9527 513.9493 170.5789 1.5022 1.6424 4.2553 -9.6303 -0.2088 64.1867 1.5519 -0.7657
