Car -1 -1 -1.6924 677.0514 173.6773 754.2576 234.1825 1.5047 1.6071 4.0910 2.7793 1.5303 20.0549 -1.5547 10.7621
Cyclist -1 -1 -1.6686 659.3454 167.5821 676.3100 210.4888 1.7357 0.5279 1.8010 2.3599 1.5228 30.0912 -1.5903 -0.5348
Pedestrian -1 -1 -0.7358 1176.3617 137.6707 1241.0000 307.6512 1.6772 0.6285 0.7110 6.3898 1.3304 7.4399 -0.0262 -0.8251
Car -1 -1 -1.7675 702.1680 144.7593 840.3611 263.2417 2.0170 1.8049 4.4554 2.9795 1.5391 14.5130 -1.5651 8.7436
Cyclist -1 -1 0.0285 530.3398 173.5444 550.1935 192.8152 1.7179 0.5852 1.7566 -6.2685 1.7805 64.6974 -0.0681 -0.6747
Car -1 -1 -1.4567 536.3985 169.8081 575.7000 202.3030 1.6625 1.6760 3.9506 -2.8936 1.5071 38.9206 -1.5309 8.5760
Cyclist -1 -1 1.5358 637.8812 173.8849 647.0111 195.8073 1.6903 0.6526 1.7510 2.5142 1.7728 56.5932 1.5802 -0.8394
Car -1 -1 -1.6962 654.3525 170.9298 702.1534 208.0499 1.5183 1.5938 3.8312 2.8723 1.4400 31.4518 -1.6052 7.7234
Car -1 -1 -1.6912 666.2435 170.3531 726.1741 218.4743 1.5755 1.6394 3.8262 2.9282 1.4940 25.5388 -1.5770 4.4874
Car -1 -1 -1.6194 645.5878 171.2012 672.4018 194.7944 1.5014 1.5854 3.7329 3.1800 1.3966 47.7941 -1.5530 3.8045
Car -1 -1 -1.5993 658.0165 170.4155 690.1210 201.1189 1.5897 1.6248 3.7683 3.4097 1.4638 39.2838 -1.5127 0.7296
Car -1 -1 -1.4565 639.7948 170.9378 665.1939 189.9934 1.4849 1.5975 4.0845 3.4467 1.3359 58.3714 -1.3975 0.0262
Car -1 -1 -1.4966 674.8052 159.7455 693.5546 174.9449 1.4604 1.5765 3.6645 7.3322 0.2013 71.2644 -1.3940 -0.6355
