Car -1 -1 1.1594 798.5527 153.3354 1146.2033 369.2586 1.7173 1.6762 4.1161 3.3671 1.5624 7.7970 1.5671 13.4633
Cyclist -1 -1 1.4151 677.7141 178.9873 699.2683 229.6553 1.6412 0.4652 1.6848 2.6004 1.8565 24.4287 1.5211 2.6403
Pedestrian -1 -1 1.2209 881.2344 169.2194 946.0851 297.5589 1.6391 0.5989 0.6599 3.9529 1.5930 9.5547 1.6132 -0.2407
Car -1 -1 1.7474 494.9405 184.8673 551.3503 229.5438 1.6158 1.6124 3.8113 -3.4715 2.1329 29.0893 1.6286 12.2132
Cyclist -1 -1 -3.0192 596.5801 172.5715 618.0974 192.7009 1.7449 0.6514 1.8125 -0.2504 1.7208 62.9752 -3.0232 -0.4830
Car -1 -1 -1.7049 684.7212 172.6369 755.1758 232.3960 1.7802 1.7192 4.0599 3.4411 1.7741 23.5314 -1.5597 11.5909
Cyclist -1 -1 1.2603 844.0423 150.2705 867.6946 183.8087 1.7147 0.6557 1.7849 12.8247 0.5604 37.7844 1.5876 -0.7384
Car -1 -1 -1.4167 564.8160 180.2393 607.9027 213.7384 1.7026 1.7216 4.4765 -1.2836 2.1364 40.0212 -1.4487 6.9104
Car -1 -1 -3.3009 789.9728 152.4438 850.6301 172.2007 1.4724 1.6471 4.2224 15.9358 -0.0503 54.9180 -3.0185 1.5670
Car -1 -1 1.8915 552.2072 183.4592 581.4213 199.9128 1.4989 1.6343 4.1637 -4.2188 2.5728 70.8161 1.8320 0.6570
Car -1 -1 -1.1464 672.1783 182.7045 733.1694 215.1515 1.4799 1.5945 3.8455 4.6648 2.0027 36.2093 -1.0183 0.0531
