Car -1 -1 -1.6881 658.4381 176.2710 713.8793 218.5942 1.4940 1.6385 4.1395 2.8219 1.6363 27.8860 -1.5872 10.4785
Pedestrian -1 -1 2.8770 417.3210 167.4524 440.3881 208.3343 1.9245 0.6527 0.9302 -8.6955 1.6706 34.4752 2.6299 -0.5467
Car -1 -1 -1.7196 685.1612 176.3675 782.2292 252.9038 1.5260 1.5859 3.9371 2.6536 1.6166 16.5418 -1.5606 9.7474
Pedestrian -1 -1 -0.5831 691.3188 171.0839 746.5120 256.7605 1.6991 0.6826 0.8909 2.1797 1.6644 14.8045 -0.4369 -0.6732
Car -1 -1 -1.8226 726.4346 136.4705 925.8835 303.5035 2.0308 1.7864 4.1848 2.9139 1.5888 10.8710 -1.5607 9.5522
Car -1 -1 -1.4879 527.5398 174.5040 568.4739 211.5579 1.6993 1.6784 3.8169 -3.0060 1.7845 35.1682 -1.5732 8.8264
Car -1 -1 -1.7145 674.3353 176.1485 746.4876 235.3367 1.6217 1.6231 3.7300 2.9018 1.7304 21.8500 -1.5825 6.4685
Car -1 -1 -1.5498 646.3625 175.1637 673.3789 201.2489 1.5192 1.5789 3.8364 3.0673 1.6679 44.3515 -1.4808 4.1495
Car -1 -1 -1.5039 692.9554 162.3169 712.0029 178.9546 1.5635 1.5884 3.6360 8.9431 0.5737 69.7396 -1.3764 1.0071
Car -1 -1 -1.5980 631.5519 175.9996 654.0610 197.1720 1.5342 1.5979 3.7880 2.4336 1.7816 54.7555 -1.5536 0.7128
Car -1 -1 -0.9218 738.0624 107.3377 854.6649 161.7351 1.4898 1.5456 3.7217 5.7425 -0.3695 22.2381 -0.6691 -0.5408
