Car -1 -1 1.7550 473.1369 183.7752 539.0286 236.1977 1.5988 1.5812 3.6601 -3.5121 2.0004 24.6413 1.6134 12.6245
Pedestrian -1 -1 -2.1273 1036.6643 154.7620 1089.2339 246.4464 1.7422 0.6077 0.6614 8.7513 1.3987 14.0387 -1.5699 -0.7063
Car -1 -1 -1.7395 697.9064 172.3157 791.1248 246.7348 1.7472 1.7095 4.1164 3.3613 1.7349 19.0009 -1.5644 12.4261
Pedestrian -1 -1 -1.1801 909.8727 161.0140 930.0675 195.9531 1.7294 0.6446 0.8845 15.5378 1.1437 36.2509 -0.7752 -0.8398
Car -1 -1 -1.4439 555.9508 179.1212 602.6565 216.7982 1.6912 1.7360 4.5155 -1.4774 2.0200 35.4817 -1.4855 8.4730
Car -1 -1 -1.2915 674.9313 179.5667 733.5066 216.5399 1.4828 1.5947 3.6887 4.1514 1.7965 31.6724 -1.1611 2.4675
Car -1 -1 -0.2565 822.4346 146.1843 885.0485 167.8935 1.4739 1.5868 3.8599 16.9333 -0.3520 50.3290 0.0680 1.4793
Car -1 -1 -1.4200 499.5863 185.4708 541.9137 218.2097 1.4733 1.5526 3.6336 -4.4043 2.1305 35.7219 -1.5427 -0.5874
Car -1 -1 1.2047 888.7034 148.4369 933.9697 170.6333 1.4902 1.5895 4.0661 21.1679 -0.1626 50.9060 1.5987 -0.5994
Car -1 -1 1.6989 538.4590 188.8741 568.4693 212.8874 1.4808 1.5560 3.8690 -3.8373 2.6149 49.0918 1.6208 -0.6051
