Car -1 -1 -1.6845 813.8366 177.5405 946.0476 296.4649 1.6051 1.5767 3.4751 4.1743 1.6940 11.7538 -1.3433 8.5170
Cyclist -1 -1 1.6822 674.2502 176.2042 683.4733 196.6483 1.6914 0.5914 1.6937 5.7922 1.9786 60.8744 1.7771 -0.7935
Car -1 -1 1.7357 641.3719 180.5070 693.7650 218.4861 1.5166 1.6516 4.1417 2.5714 1.8788 31.9092 1.8161 8.2513
Car -1 -1 1.4393 783.6079 180.0819 823.4560 211.2445 1.6211 1.6342 4.1046 10.8136 2.0502 40.6639 1.6992 6.5343
Car -1 -1 -1.5805 814.6048 186.1914 895.6063 261.6633 1.4847 1.6121 3.7873 5.6706 1.8366 16.9661 -1.2579 4.7993
Car -1 -1 1.5993 694.3084 181.8669 720.2819 206.5164 1.5226 1.6084 3.9481 6.4975 2.1506 48.1653 1.7334 3.2594
Car -1 -1 -1.4089 432.8519 142.3235 478.9614 175.3136 1.4454 1.5405 3.5246 -7.1173 0.1081 33.4081 -1.6188 1.5042
Car -1 -1 1.5313 666.3988 171.1780 686.1018 188.7206 1.4692 1.5438 3.7233 5.6750 1.3292 62.3242 1.6221 1.3353
Car -1 -1 -1.8471 782.1528 178.9107 826.7694 206.2942 1.5822 1.6160 4.0314 11.9296 1.9741 44.6123 -1.5858 -0.5067
Car -1 -1 -3.0604 1172.0015 112.1118 1241.0000 159.7191 1.4866 1.5907 3.8838 22.4386 -0.5003 25.5517 -2.3397 -0.5674
Car -1 -1 1.3416 763.3903 181.8723 802.3481 207.7484 1.4888 1.5550 3.6037 10.5989 2.0689 44.5756 1.5750 -0.5789
