Car -1 -1 2.0054 33.1484 190.5680 396.4713 374.0000 1.4750 1.6361 4.0998 -3.6903 1.7123 7.5831 1.5525 14.4934
Car -1 -1 1.4356 664.8122 176.0671 752.6964 250.8352 1.6488 1.6340 3.8582 2.2995 1.7380 18.0105 1.5626 12.5822
Car -1 -1 1.7461 463.2154 181.7095 535.1212 230.9594 1.4717 1.6608 4.4944 -3.7193 1.8023 24.6411 1.5963 11.5769
Car -1 -1 -1.7256 641.5323 182.0806 703.8030 230.3826 1.4911 1.5606 3.7979 2.0449 1.8357 24.9676 -1.6439 7.7437
Car -1 -1 1.6613 515.0966 178.5547 549.8643 210.8576 1.6625 1.5766 3.6479 -4.2481 1.9904 39.6178 1.5545 4.5201
Car -1 -1 1.5116 632.9935 183.2145 676.6184 221.6814 1.4568 1.5894 3.7709 1.7787 1.9183 30.2244 1.5703 3.9459
Car -1 -1 1.6807 484.8957 165.1270 511.9438 184.8494 1.4706 1.6299 4.1259 -8.6308 0.8948 55.8963 1.5275 2.2818
Car -1 -1 1.6805 487.5829 179.2589 536.7480 222.4791 1.6934 1.6702 3.8026 -4.1464 1.9838 30.7572 1.5465 1.3298
Car -1 -1 1.5321 627.0767 179.7078 656.1113 205.8958 1.4999 1.6218 3.9557 1.8690 1.9402 44.3394 1.5742 1.3098
Car -1 -1 -1.1752 481.4166 142.2265 526.8301 166.3997 1.4775 1.5772 3.8647 -6.9151 -0.4410 47.2714 -1.3205 0.2094
Car -1 -1 2.2361 0.0000 182.1675 116.6688 265.7364 1.4579 1.5936 3.6854 -12.2376 1.6741 14.8608 1.5472 0.0809
Car -1 -1 -1.4915 434.1852 170.9271 472.6495 203.6388 1.6262 1.6663 4.0067 -8.2198 1.5307 37.9630 -1.7047 -0.1345
Car -1 -1 -1.4629 617.3382 176.7247 639.1930 193.8598 1.4623 1.5700 3.6078 1.6332 1.8178 64.3188 -1.4375 -0.4969
