Car -1 -1 -1.8349 829.7169 182.3315 1135.8427 374.0000 1.6700 1.6099 3.6162 3.1830 1.7881 7.0512 -1.4109 12.2452
Cyclist -1 -1 -1.7137 723.9742 178.6401 736.7326 209.4108 1.7387 0.4847 1.7543 6.9610 2.0828 41.9812 -1.5494 -0.0308
Pedestrian -1 -1 -2.2048 1144.7215 124.1134 1194.1972 199.5099 1.8173 0.6255 0.7748 13.7283 0.6429 17.7834 -1.5474 0.8007
Car -1 -1 1.7020 565.1903 180.3759 625.0205 226.8685 1.5465 1.6777 4.3634 -0.5146 1.8518 26.9912 1.6829 10.6256
Cyclist -1 -1 1.7216 526.1562 176.5053 541.2752 207.2178 1.6476 0.5872 1.6636 -4.2299 1.8534 39.7508 1.6156 -0.4591
Car -1 -1 1.4991 728.2297 179.1248 767.2328 213.3979 1.6010 1.6470 3.9784 6.8803 1.9369 36.5310 1.6852 8.7785
Car -1 -1 -1.5971 801.8371 188.1824 912.3832 294.6724 1.4772 1.5696 3.7868 4.1839 1.7893 12.6330 -1.2773 8.2495
Car -1 -1 1.6719 623.5443 181.5636 657.5190 209.1340 1.5367 1.6498 4.1416 1.8637 2.0913 43.7502 1.7145 6.9887
Car -1 -1 -1.6925 720.2529 181.5927 755.1800 208.9197 1.5188 1.6101 3.7408 7.5727 2.0659 43.2296 -1.5190 3.5403
Car -1 -1 1.5330 640.7731 180.5108 661.7284 201.2481 1.6020 1.5668 3.6422 3.3185 2.2472 58.9270 1.5892 2.7150
Car -1 -1 -1.7757 789.7609 170.0231 826.2082 193.5553 1.5498 1.6328 3.9678 13.5155 1.3637 49.5481 -1.5094 0.4353
Car -1 -1 -1.7474 791.4948 181.5810 837.7521 212.2030 1.5236 1.6824 4.3388 11.0711 2.0278 39.4153 -1.4736 0.1858
Car -1 -1 -2.3331 959.5987 216.8700 1241.0000 374.0000 1.4805 1.5780 3.8913 2.7959 1.7581 2.5455 -1.5009 -0.4835
