Car -1 -1 1.7126 517.9291 173.9425 584.5775 226.6086 1.5178 1.5836 3.7216 -1.8171 1.5554 22.7769 1.6330 11.4226
Cyclist -1 -1 1.3790 786.7088 169.8826 808.1769 209.8221 1.6723 0.5725 1.7301 8.0234 1.5483 31.0901 1.6315 2.0617
Pedestrian -1 -1 2.3848 775.4003 169.7353 791.0238 197.4767 1.6866 0.6045 0.7122 10.6024 1.4973 44.3032 2.6197 -0.7442
Car -1 -1 1.4662 701.9517 175.9650 747.8900 216.3439 1.7062 1.6482 3.9149 5.1196 1.8566 32.7898 1.6210 10.6502
Car -1 -1 -2.2377 939.7738 191.4197 1241.0000 374.0000 1.5609 1.5659 3.6824 2.8809 1.6906 3.1304 -1.4938 9.3117
Car -1 -1 -1.7797 822.8326 194.5107 1044.5154 359.2643 1.4393 1.6007 3.8855 3.6212 1.7683 8.8942 -1.3931 8.4734
Car -1 -1 1.6846 583.2273 175.0305 621.7959 205.6359 1.5880 1.6728 4.1494 -0.3967 1.7152 39.8915 1.6746 7.7946
Car -1 -1 -1.6952 692.5929 178.6893 729.5569 208.5362 1.5428 1.5817 3.5417 5.4903 1.8792 39.7701 -1.5581 3.7297
Car -1 -1 1.5921 603.9403 176.2940 625.8262 197.7074 1.5527 1.5856 3.8021 0.3734 1.8237 54.8557 1.5989 2.9462
Car -1 -1 1.7662 578.8853 165.6692 601.0439 181.0149 1.4669 1.4888 3.6999 -1.9597 0.7805 70.9179 1.7385 0.3197
Car -1 -1 -0.8188 773.1898 169.2967 834.1712 194.8541 1.5447 1.5950 3.7050 12.1309 1.3300 45.2622 -0.5569 -0.4867
