Car -1 -1 1.8079 438.5685 184.3011 541.9105 249.3726 1.4046 1.6251 4.4006 -2.9875 1.7363 18.6233 1.6488 13.2148
Cyclist -1 -1 -0.0453 641.1624 165.3651 660.4067 183.9345 1.7409 0.5177 1.7863 3.8168 1.0392 67.9097 0.0108 -0.1922
Car -1 -1 1.3693 721.5309 176.0810 878.8374 299.6489 1.6559 1.6481 3.9417 2.8324 1.7179 11.7692 1.6054 12.2386
Cyclist -1 -1 -1.4829 658.7824 187.1994 673.9258 222.8890 1.7171 0.6139 1.7216 2.8088 2.4578 36.3345 -1.4058 -0.7976
Car -1 -1 -1.7527 679.9730 182.8896 768.4598 248.0625 1.4654 1.5829 3.7530 2.8002 1.7525 18.7089 -1.6041 10.8769
Car -1 -1 1.7317 480.0847 181.3497 545.4447 234.2545 1.6246 1.6341 3.7233 -3.2830 1.9374 24.6441 1.5993 6.1867
Car -1 -1 1.4375 662.7845 182.2529 728.2229 231.7337 1.4530 1.6147 4.0447 2.7082 1.7926 23.9992 1.5498 5.7048
Car -1 -1 1.7033 522.4923 178.3005 565.3094 213.7208 1.5299 1.5327 3.4821 -3.0558 1.7963 33.4776 1.6123 4.8788
Car -1 -1 1.4482 652.3102 179.1887 691.9411 208.9762 1.4527 1.6034 3.9092 3.1839 1.8043 38.0143 1.5317 3.6141
Car -1 -1 1.7429 495.4208 163.3547 528.5403 185.2868 1.4618 1.6139 4.0387 -6.7947 0.8290 50.1352 1.6082 3.1685
Car -1 -1 -1.5913 644.3632 176.6249 665.3074 195.6261 1.4569 1.5978 3.7660 3.5517 1.7704 57.9956 -1.5301 2.2094
Car -1 -1 1.6182 541.6288 179.5815 573.9905 208.2992 1.5050 1.6381 4.0011 -2.9393 1.9044 40.7765 1.5462 1.4302
Car -1 -1 -1.6583 637.9613 166.4848 661.8389 188.3624 2.0532 1.8747 5.1331 3.8293 1.4558 70.3096 -1.6039 0.1928
Car -1 -1 1.7077 527.6833 159.9240 552.4101 179.3196 1.6426 1.6369 3.8966 -6.1048 0.5479 63.0836 1.6113 -0.4479
