Car -1 -1 1.7493 437.6219 181.4852 527.0490 246.9937 1.4570 1.5846 3.8754 -3.2027 1.7019 18.5006 1.5779 13.4308
Cyclist -1 -1 -1.0091 506.4813 174.3160 527.4876 201.1144 1.7367 0.5275 1.7538 -6.1783 1.8357 47.7629 -1.1377 2.8989
Pedestrian -1 -1 -1.4110 510.0400 173.8492 521.5618 200.3968 1.7336 0.6297 0.8335 -6.2386 1.8002 47.5725 -1.5414 0.0746
Car -1 -1 1.4772 662.9559 180.7933 712.7037 227.1338 1.6918 1.6175 3.8022 3.0099 2.0312 28.9027 1.5810 11.3014
Cyclist -1 -1 -1.6664 655.9961 182.3744 671.1372 220.5654 1.7515 0.5494 1.7838 2.5084 2.2180 34.4329 -1.5937 0.7400
Car -1 -1 1.6940 528.8865 181.4177 573.1085 215.8734 1.5443 1.6681 4.1846 -2.8798 1.9914 35.5178 1.6131 10.7210
Car -1 -1 -1.7205 650.1469 184.4101 693.9109 218.9337 1.5579 1.6109 3.7347 2.9813 2.1617 35.7569 -1.6373 3.1912
Car -1 -1 -0.1521 697.6130 173.0525 762.4829 195.2397 1.4512 1.6323 4.0582 7.9257 1.4650 48.0440 0.0114 2.9593
Car -1 -1 1.6476 551.1058 181.1997 578.1253 205.5259 1.6013 1.6079 3.8538 -3.1861 2.2113 50.7620 1.5850 1.7725
Car -1 -1 1.7294 525.5633 169.4969 549.4490 186.1572 1.4996 1.6106 3.9017 -6.7130 1.1978 66.9369 1.6294 1.1749
