Car -1 -1 1.7529 460.7421 182.1169 536.0005 233.4376 1.4773 1.6724 4.4231 -3.6157 1.8121 23.8113 1.6023 13.7361
Cyclist -1 -1 1.0765 985.0879 140.1906 1056.6733 228.5334 1.7680 0.5431 1.7631 8.6332 1.1147 15.3238 1.5896 0.3812
Car -1 -1 2.0455 0.0000 191.1473 379.3152 374.0000 1.5263 1.6534 4.2102 -3.6679 1.7515 6.7445 1.5474 13.3008
Car -1 -1 1.4215 671.5733 173.6686 763.0557 252.4053 1.6706 1.5984 3.6258 2.3897 1.6924 17.1656 1.5599 13.2021
Car -1 -1 -1.6993 647.7990 181.7770 712.0647 231.4952 1.4756 1.6264 3.9264 2.2068 1.7989 24.1192 -1.6081 9.3868
Car -1 -1 1.6570 516.4693 178.5168 549.9619 209.6644 1.5759 1.5105 3.3480 -4.1269 1.8941 38.8060 1.5510 6.9399
Car -1 -1 -0.1792 711.6968 161.4785 800.9263 191.6080 1.4788 1.6098 4.1712 7.2624 0.9208 36.2547 0.0185 3.3320
Car -1 -1 -1.6507 638.0139 179.9531 686.6066 222.6727 1.5808 1.6474 3.8865 2.0172 1.8887 29.2988 -1.5819 3.0935
Car -1 -1 1.7062 487.6220 166.4451 515.6463 186.5607 1.4714 1.5851 3.9588 -8.2130 1.0029 54.7641 1.5574 1.9244
Car -1 -1 -1.6624 489.9270 180.9897 536.3141 220.8651 1.5300 1.5980 3.6896 -4.1844 1.8963 30.4677 -1.7989 -0.1352
Car -1 -1 -1.5623 622.7687 177.0732 641.1344 194.5257 1.4678 1.5678 3.7004 1.9239 1.8503 63.4688 -1.5320 -0.1467
Car -1 -1 1.6671 517.9077 164.6431 538.8570 180.8993 1.5008 1.6094 3.9405 -7.7487 0.7431 68.5947 1.5546 -0.7954
