Car -1 -1 1.9838 118.7008 175.9006 427.6466 364.9161 1.5336 1.5798 3.6539 -3.2839 1.5745 7.7472 1.5829 13.5250
Pedestrian -1 -1 -1.2481 370.1328 145.7284 396.8593 202.4852 1.8292 0.6451 0.7055 -7.4512 0.9553 23.6091 -1.5538 0.3551
Car -1 -1 1.4246 680.9001 175.8667 757.3610 231.7614 1.4573 1.6035 4.0559 3.0311 1.5540 21.0583 1.5675 13.1396
Car -1 -1 1.1990 765.6494 190.2604 1139.5008 374.0000 1.4346 1.6379 4.1778 2.7248 1.6541 6.9931 1.5706 12.7383
Car -1 -1 1.7709 417.9236 174.2571 513.1993 245.6657 1.4598 1.5042 3.2593 -3.2352 1.4953 16.4459 1.5767 11.6469
Car -1 -1 -1.6448 650.8119 171.8554 683.7136 197.9550 1.4211 1.5956 3.6348 3.1862 1.3671 41.1050 -1.5674 8.6765
Car -1 -1 1.7202 480.7498 173.5033 547.7979 222.0273 1.4547 1.6033 3.9768 -3.0964 1.4782 23.6851 1.5902 7.4551
Car -1 -1 -1.6555 637.5002 155.9570 671.9799 191.1288 2.4689 2.0553 5.8456 3.2270 1.2832 53.5937 -1.5954 4.4355
Car -1 -1 2.1743 376.3776 151.2542 433.4629 176.4221 1.4618 1.5858 3.5818 -12.4421 0.2076 43.8570 1.8979 1.4342
Car -1 -1 -2.2704 541.5642 172.9552 586.3126 191.7843 1.4674 1.5850 3.7010 -3.7601 1.4762 58.1343 -2.3350 -0.1659
Car -1 -1 1.7037 431.1729 148.0773 479.6764 182.5651 1.4675 1.6390 3.9815 -6.9872 0.4136 32.7478 1.4935 -0.3446
Car -1 -1 -1.3397 344.7418 140.6738 404.3718 178.1757 1.5139 1.6098 3.8188 -10.1068 0.2152 31.0946 -1.6540 -0.5171
