Car -1 -1 -2.1182 835.6712 202.9543 1241.0000 374.0000 1.4577 1.5457 3.5972 2.9215 1.7472 5.1088 -1.5988 12.8021
Pedestrian -1 -1 2.9096 863.1360 135.5979 890.8098 186.7388 1.6916 0.6341 0.7443 8.9118 0.4596 24.2233 3.2621 1.3955
Car -1 -1 1.7547 437.7400 173.1133 520.0750 238.9438 1.6343 1.5799 3.5804 -3.5293 1.6424 19.7198 1.5776 12.2840
Pedestrian -1 -1 -1.7574 788.1663 160.3911 814.8304 215.4613 1.8655 0.7272 0.9375 6.5642 1.4437 24.9325 -1.4999 0.3389
Car -1 -1 1.8624 284.2711 186.4101 464.6066 296.0384 1.3800 1.5994 4.1276 -3.6022 1.6384 11.6619 1.5628 12.2239
Pedestrian -1 -1 -1.8388 817.3758 151.3055 840.1769 189.8574 1.5027 0.6763 0.7900 8.6012 0.6631 28.5256 -1.5460 0.2263
Car -1 -1 1.3971 664.2955 180.3214 745.9190 242.1074 1.5460 1.6250 3.8857 2.5492 1.7791 20.5111 1.5207 10.4731
Pedestrian -1 -1 -1.8302 829.2371 144.2614 851.0445 183.5178 1.4664 0.6195 0.7284 8.6685 0.3987 27.3279 -1.5230 -0.7330
Car -1 -1 -1.6990 648.7155 182.6547 700.1561 222.2147 1.4489 1.5743 4.0381 2.5213 1.8777 29.4908 -1.6137 6.5189
Car -1 -1 1.7334 495.3386 175.8111 549.7804 216.5297 1.5070 1.5818 3.7094 -3.4717 1.6334 28.8627 1.6136 4.8260
Car -1 -1 1.5815 532.6708 177.3107 562.2874 206.4716 1.5366 1.5818 3.8062 -3.5311 1.7996 40.5733 1.4947 2.4823
Car -1 -1 -1.1732 831.3108 157.3005 921.4626 204.0787 1.4460 1.5753 3.5584 8.9157 0.9656 24.1395 -0.8194 0.0402
Car -1 -1 -1.6588 637.4173 183.3876 672.3585 212.1733 1.4550 1.5895 3.7318 2.3920 2.0630 39.7364 -1.5987 -0.1550
