Car -1 -1 -1.6833 679.0032 181.5287 739.3629 231.8484 1.5361 1.6131 3.6304 3.2447 1.8529 24.4855 -1.5516 12.9345
Cyclist -1 -1 2.1178 165.0035 143.6227 233.8065 219.4943 1.7989 0.6529 1.8013 -10.2590 1.1062 18.0142 1.6001 1.7697
Pedestrian -1 -1 1.4659 657.9579 170.7485 673.6994 208.9372 1.7951 0.6658 0.7929 2.6126 1.6965 34.3205 1.5419 0.3557
Car -1 -1 0.9965 881.1031 209.3694 1241.0000 374.0000 1.3878 1.5354 3.7510 3.0551 1.7102 4.4676 1.5963 10.6154
Cyclist -1 -1 0.0006 524.3905 168.5678 545.5955 188.3731 1.6729 0.7207 1.7843 -6.4036 1.3112 61.3944 -0.1033 0.9103
Pedestrian -1 -1 -0.9707 401.0878 161.6942 429.5694 210.0037 1.6919 0.6544 0.7825 -6.9854 1.3014 25.7437 -1.2357 -0.3731
Car -1 -1 1.9902 65.1650 187.2414 432.6689 374.0000 1.4495 1.5845 3.8956 -3.0518 1.6279 6.9729 1.5777 10.5753
Cyclist -1 -1 1.1630 885.9928 152.4167 910.2874 185.0310 1.6881 0.5706 1.6850 15.2035 0.6307 38.1952 1.5418 0.3360
Pedestrian -1 -1 -0.5569 765.1868 174.3039 794.6217 221.8575 1.7034 0.6480 0.8269 6.1486 1.7575 26.3097 -0.3273 -0.6244
Car -1 -1 -1.6828 665.5106 181.1717 715.8826 221.7947 1.5187 1.6174 3.9499 3.2182 1.8849 29.7600 -1.5751 7.6203
Car -1 -1 1.7673 542.0998 177.3901 582.3578 205.1713 1.5127 1.6245 3.7993 -2.7605 1.7891 41.9231 1.7016 2.2013
Car -1 -1 -2.2422 1070.4072 92.0006 1241.0000 194.3265 1.5041 1.6066 3.9906 10.0639 0.3160 12.6006 -1.5683 1.8027
Car -1 -1 1.5005 667.3589 147.7927 692.9929 169.0777 1.4943 1.5992 4.0983 5.1354 -0.2903 53.4566 1.5963 0.8404
Car -1 -1 -0.6083 767.8430 172.8986 884.6884 221.3502 1.6809 1.6379 3.8548 7.8602 1.6830 26.4143 -0.3191 -0.8414
