Car -1 -1 -1.7988 704.7424 184.3273 832.7027 272.3816 1.4386 1.5899 3.8177 2.9096 1.6958 14.2175 -1.5970 14.4721
Pedestrian -1 -1 0.1488 505.6145 157.2482 518.0863 181.5487 1.6938 0.6048 0.7863 -6.9096 0.6064 50.5986 0.0131 -0.1086
Car -1 -1 1.8857 167.1588 176.2366 432.3133 362.2358 1.5737 1.5703 3.6680 -3.1718 1.6206 8.0483 1.5103 13.5777
Pedestrian -1 -1 1.3776 745.7764 157.3848 762.5191 195.8222 1.7924 0.6571 0.6627 6.7454 1.0714 33.9766 1.5736 -0.6606
Car -1 -1 1.7171 445.2575 178.5677 522.4227 234.8397 1.4159 1.5958 3.9816 -3.5370 1.5951 20.5703 1.5469 12.7570
Car -1 -1 1.7031 497.3638 173.0881 549.9159 215.3983 1.5852 1.6164 3.6999 -3.4360 1.5955 28.9120 1.5848 10.7006
Car -1 -1 1.4338 652.4359 179.5494 705.4639 218.7232 1.4497 1.6059 3.9938 2.6983 1.7420 29.4251 1.5252 7.9890
Car -1 -1 1.6854 528.4438 173.6972 567.1977 205.2173 1.5762 1.6113 3.8568 -3.2718 1.6234 38.1334 1.5998 4.6963
Car -1 -1 1.7431 545.9509 175.6669 578.4633 199.0274 1.5160 1.5899 3.7927 -3.2526 1.7161 49.2659 1.6772 2.5741
Car -1 -1 -1.6745 643.1524 180.4025 680.4774 210.0270 1.4575 1.5892 3.7604 2.6717 1.8793 38.3749 -1.6050 2.1737
Car -1 -1 -1.6135 690.4263 163.6169 718.4330 188.9196 1.6333 1.6866 4.3146 6.3131 1.0374 48.7948 -1.4848 0.2408
Car -1 -1 0.3774 215.6302 162.3620 361.7047 208.6194 1.4801 1.6488 4.1206 -10.6386 1.1447 23.9901 -0.0400 -0.2780
Car -1 -1 0.6336 123.1752 159.3113 262.8053 205.7703 1.4802 1.5717 3.8319 -13.8491 1.0491 23.9773 0.1098 -0.4919
Car -1 -1 -2.9184 470.5814 157.7142 526.9154 178.7430 1.4638 1.5741 3.6899 -7.8879 0.4103 51.1358 -3.0714 -0.7574
