Car -1 -1 2.0356 0.0000 196.2703 370.4743 374.0000 1.3862 1.6002 3.9637 -3.5748 1.6607 6.4325 1.5284 13.5655
Pedestrian -1 -1 -1.9505 933.7745 123.5860 971.1694 184.7370 1.5694 0.6643 0.7183 8.9108 0.3053 18.8933 -1.5098 1.8807
Car -1 -1 1.3628 686.7236 183.6859 801.2947 268.7973 1.5054 1.5848 3.7181 2.6141 1.7612 15.1264 1.5339 13.2874
Pedestrian -1 -1 -1.8261 836.0983 160.1145 870.9170 228.5870 1.8279 0.7078 0.8478 6.5927 1.4882 19.7058 -1.5032 1.6226
Car -1 -1 1.8009 368.3839 177.9971 490.7724 265.4902 1.5035 1.5644 3.6630 -3.5091 1.6199 14.4499 1.5627 12.9748
Pedestrian -1 -1 -2.0160 457.0000 150.0377 477.5050 184.0125 1.6787 0.6985 0.8789 -7.2040 0.5517 36.2101 -2.2123 0.1189
Car -1 -1 1.7235 469.4001 173.6505 535.1540 226.9752 1.6109 1.5933 3.6636 -3.4987 1.6394 23.6857 1.5769 9.7985
Pedestrian -1 -1 -0.5049 817.6324 178.8257 846.5845 229.5174 1.7694 0.6285 0.7765 7.8512 1.9853 25.6609 -0.2079 -0.7592
Car -1 -1 -1.6881 659.1455 183.6744 720.2773 231.9082 1.4230 1.5794 3.6677 2.5242 1.8103 23.9549 -1.5831 8.8318
Car -1 -1 -1.6332 635.4742 178.8483 667.7783 206.4798 1.4538 1.5834 3.5730 2.2633 1.8057 40.5285 -1.5774 5.3479
Car -1 -1 1.6071 519.1090 175.7681 554.0423 209.4231 1.5282 1.5538 3.6553 -3.5508 1.6773 34.9586 1.5059 4.0498
Car -1 -1 1.4827 643.8020 180.3701 684.7594 213.8961 1.4565 1.5881 3.8492 2.4759 1.8327 34.1480 1.5550 4.0257
Car -1 -1 -1.5450 648.0500 157.6012 665.2925 172.7596 1.4679 1.6152 4.0236 4.6627 -0.0093 71.9716 -1.4803 -0.0007
Car -1 -1 -0.9839 70.5516 128.4035 208.8845 180.6583 1.4912 1.6148 4.1284 -14.6221 0.2231 22.6627 -1.5569 -0.6266
