Car -1 -1 -1.7206 685.5429 186.2989 758.1204 242.8577 1.4444 1.5609 3.5072 3.1222 1.8691 21.0136 -1.5731 13.2682
Pedestrian -1 -1 -0.1943 732.9395 154.0918 749.8247 190.9950 1.7137 0.6666 0.6619 6.1196 0.8428 33.8418 -0.0154 0.4521
Car -1 -1 -1.6903 668.6770 184.0593 725.7639 230.7294 1.5231 1.6053 3.8850 3.0741 1.9641 26.4245 -1.5745 10.2227
Pedestrian -1 -1 2.9433 736.8613 156.6956 754.8201 195.0403 1.7108 0.6577 0.6783 6.0794 0.9902 32.5229 3.1281 -0.0186
Car -1 -1 1.6357 532.5765 178.5786 567.9787 209.8163 1.5631 1.6467 3.9483 -3.2006 1.8872 38.8184 1.5535 4.7067
Pedestrian -1 -1 -0.0134 717.1748 160.0301 731.1029 191.3139 1.6805 0.6426 0.7365 6.1502 0.9920 39.1264 0.1425 -0.2640
Car -1 -1 -0.8845 0.0000 205.0813 331.8331 374.0000 1.4634 1.5674 3.8712 -2.9127 1.7062 3.4815 -1.5811 4.3865
Pedestrian -1 -1 -0.1804 724.5185 159.0190 741.3451 192.4051 1.6450 0.6089 0.7261 6.0685 0.9637 35.8590 -0.0128 -0.7617
Car -1 -1 -1.6150 652.4037 184.6710 686.7895 216.3638 1.4629 1.5655 3.6395 2.9356 2.0917 36.5257 -1.5348 -0.4083
Car -1 -1 -1.6598 645.6403 182.5707 677.4673 208.4419 1.4735 1.6070 3.9666 3.1103 2.1013 44.5915 -1.5902 -0.8446
