Car -1 -1 -1.8714 734.9094 192.2341 924.8905 320.7708 1.4460 1.5700 3.6006 2.9097 1.7771 10.4871 -1.6008 14.9669
Cyclist -1 -1 1.7512 445.7979 148.9222 465.1051 186.1249 1.6508 0.5746 1.6524 -7.0652 0.5892 32.8487 1.5394 0.0754
Car -1 -1 1.9049 282.9375 191.2690 503.1423 323.2243 1.4075 1.6282 4.5441 -2.9226 1.7393 10.6625 1.6374 13.2610
Car -1 -1 1.4097 693.2631 187.6546 799.5997 266.5508 1.4260 1.6118 4.1176 2.8014 1.7947 15.8846 1.5843 11.8670
Car -1 -1 1.7736 417.8631 179.2771 519.2318 258.6192 1.6021 1.5942 3.6008 -3.1927 1.7670 16.6707 1.5844 10.1433
Car -1 -1 0.9334 879.7777 189.1039 1241.0000 374.0000 1.5463 1.6224 4.1553 2.8919 1.6780 3.7370 1.5920 10.0007
Car -1 -1 1.4762 669.1057 182.0412 715.7819 220.5799 1.4476 1.5574 3.7894 3.3152 1.8532 29.9153 1.5866 7.5682
Car -1 -1 -1.6227 650.7821 178.2276 677.5710 201.4043 1.5193 1.6502 3.9000 3.7019 1.9080 50.1762 -1.5491 7.3056
Car -1 -1 1.6689 527.5455 178.0047 569.9631 213.1867 1.4706 1.5479 3.7870 -2.7536 1.7174 32.6189 1.5847 6.5401
Car -1 -1 1.6796 498.4259 177.7669 551.0406 225.6752 1.5632 1.5107 3.1418 -2.9936 1.7476 25.4415 1.5625 6.0083
Car -1 -1 1.7648 472.2528 158.3221 516.8396 188.7071 1.6725 1.7347 4.4525 -6.6824 0.8730 41.9690 1.6069 2.6718
Car -1 -1 -1.6204 643.1603 168.6396 668.4224 195.1097 2.1907 1.9180 5.0810 3.8853 1.8423 62.2654 -1.5580 -0.1402
Car -1 -1 1.4140 571.7618 178.0887 595.1663 194.6498 1.4813 1.6093 3.8862 -2.5440 1.9892 67.8987 1.3765 -0.6895
