Car -1 -1 1.8779 283.3584 176.4203 457.2460 301.3515 1.5941 1.5372 3.3590 -3.4993 1.6571 10.9805 1.5694 13.9105
Pedestrian -1 -1 -2.0271 1009.0338 126.6976 1053.8485 191.7501 1.3547 0.6037 0.6374 8.9132 0.3939 15.3616 -1.5013 2.0706
Car -1 -1 1.2858 706.5921 185.1720 867.4625 297.6601 1.4606 1.5287 3.4547 2.5893 1.6881 11.5271 1.5067 13.5304
Pedestrian -1 -1 -1.8463 855.8388 175.2045 883.7085 227.3082 1.5716 0.6293 0.7321 7.9337 1.6455 22.1829 -1.5028 -0.4731
Car -1 -1 1.7454 443.4863 174.3454 525.8539 235.1839 1.5388 1.6162 3.9454 -3.4653 1.5852 20.3209 1.5765 12.1269
Car -1 -1 -1.7056 666.9907 184.8572 742.0072 243.1490 1.4356 1.5836 3.8344 2.5369 1.8088 20.4862 -1.5824 10.5898
Car -1 -1 1.4746 644.2898 180.2273 689.9548 217.1261 1.4417 1.5718 3.8725 2.3464 1.7780 30.9210 1.5503 7.9052
Car -1 -1 1.6414 507.6049 177.3047 549.0377 213.3445 1.4614 1.5483 3.6566 -3.5617 1.6680 31.5737 1.5291 5.8717
Car -1 -1 2.3843 0.0000 233.6778 236.6739 374.0000 1.4462 1.6303 4.0343 -3.5782 1.8933 3.2657 1.5532 3.4079
Car -1 -1 -1.6814 635.9555 179.1394 675.3068 211.2751 1.5293 1.6068 3.6504 2.2494 1.8675 36.9250 -1.6205 1.7039
