Car -1 -1 -1.9410 767.4748 194.1982 1053.0469 374.0000 1.4669 1.5573 3.5945 2.8685 1.7538 7.8694 -1.5915 15.3257
Cyclist -1 -1 1.2486 864.9964 92.6601 945.1986 220.9017 1.7572 0.5568 1.7985 4.3133 0.6587 10.7980 1.6286 1.8926
Pedestrian -1 -1 -1.8278 810.5257 151.8359 829.3676 189.2316 1.5370 0.5980 0.6800 8.6840 0.6735 30.0006 -1.5460 -0.0965
Car -1 -1 1.7341 460.3941 173.9793 530.5754 230.7828 1.6173 1.5797 3.6540 -3.5205 1.6555 22.4464 1.5785 12.3767
Cyclist -1 -1 1.7613 506.4101 156.8860 519.4688 181.1217 1.7081 0.6070 1.7636 -6.9818 0.5830 51.7472 1.6271 0.4243
Pedestrian -1 -1 -0.9629 157.9399 176.2357 203.1912 253.4553 1.7764 0.6464 0.6753 -10.1513 1.8581 16.9870 -1.5015 -0.6530
Car -1 -1 1.3550 657.6406 182.0624 733.3249 234.5050 1.4885 1.6048 3.8491 2.6044 1.8102 23.1764 1.4669 11.7649
Car -1 -1 1.8022 355.1021 182.4368 486.8843 268.6514 1.4160 1.6111 4.1075 -3.6283 1.6347 14.3736 1.5549 11.7034
Car -1 -1 1.6329 508.1968 174.2085 553.2028 214.1929 1.6393 1.7143 4.3025 -3.4800 1.7036 31.9155 1.5243 4.4067
Car -1 -1 -1.6700 647.5128 182.9808 692.6810 219.4713 1.4602 1.6017 3.8583 2.5564 1.9355 31.8940 -1.5901 3.8748
Car -1 -1 1.5649 538.2356 177.5068 565.1555 203.7362 1.4728 1.5342 3.6603 -3.5269 1.7631 43.0731 1.4832 3.2865
Car -1 -1 0.6815 0.0000 157.1898 148.7800 221.4313 1.5003 1.6055 3.9959 -13.8575 1.1349 17.6848 0.0169 1.5786
Car -1 -1 -1.3443 474.7354 153.6277 512.4218 179.7681 1.5981 1.5881 3.6763 -7.4070 0.4230 45.9945 -1.5040 0.1226
