Car -1 -1 1.8429 260.7911 187.3466 451.7467 308.8377 1.3833 1.5944 4.0759 -3.5711 1.6419 10.7812 1.5231 12.3386
Pedestrian -1 -1 2.7654 836.3079 143.3372 860.6838 191.2293 1.7331 0.6094 0.6700 8.6889 0.6653 26.4311 3.0830 0.4807
Car -1 -1 1.7364 430.6034 175.7666 515.6865 242.2465 1.5517 1.5871 3.7214 -3.5189 1.6358 18.8779 1.5521 11.7868
Pedestrian -1 -1 2.7955 824.2304 143.9541 848.4590 188.9703 1.6981 0.6331 0.7090 8.5940 0.6083 27.5462 3.0979 -0.5676
Car -1 -1 1.4271 670.9725 180.5020 752.4685 245.0625 1.5289 1.6099 3.8918 2.5926 1.7568 19.5032 1.5592 11.7535
Car -1 -1 -2.1910 863.5312 203.0557 1241.0000 374.0000 1.4149 1.5331 3.5669 2.8609 1.6677 4.2270 -1.5960 11.0276
Car -1 -1 1.7006 492.8777 175.0043 547.1245 217.4416 1.5376 1.6136 3.9499 -3.5014 1.6283 28.3211 1.5776 7.8643
Car -1 -1 -1.6813 651.9998 184.3416 702.0392 225.7719 1.4645 1.5469 3.7120 2.5332 1.9471 28.4137 -1.5924 7.5424
Car -1 -1 1.5942 528.8913 176.1885 559.2739 206.2615 1.5539 1.5770 3.8915 -3.6223 1.7471 39.7173 1.5032 4.2835
Car -1 -1 -1.6437 633.0408 179.6414 662.4051 205.3797 1.4999 1.5656 3.3901 2.2683 1.9365 44.6603 -1.5929 2.3222
Car -1 -1 1.5157 639.5413 181.0239 673.5872 211.0840 1.4923 1.6028 4.0407 2.4295 1.9565 38.9437 1.5780 1.5479
Car -1 -1 -0.0685 504.1686 158.3231 556.5625 178.8454 1.4824 1.5926 3.7407 -5.9194 0.4332 53.2351 -0.1792 -0.6084
