Car -1 -1 -1.7144 692.7414 187.9806 779.5311 255.2487 1.4627 1.6261 3.8363 3.0682 1.8914 18.4918 -1.5500 13.8943
Cyclist -1 -1 1.4784 672.8892 156.6982 684.7695 184.0439 1.7035 0.5925 1.7174 4.3308 0.6974 45.8053 1.5727 0.8316
Pedestrian -1 -1 -0.1984 738.6311 154.0537 759.4612 194.1474 1.7182 0.6347 0.7747 5.9753 0.9129 31.2396 -0.0094 -0.3311
Car -1 -1 -1.7161 671.0794 185.4934 737.5852 238.4011 1.5342 1.6182 3.7815 2.9723 1.9839 23.7391 -1.5915 9.2461
Cyclist -1 -1 1.3013 846.6335 154.9546 874.4556 201.7932 1.7071 0.5461 1.7262 9.3762 1.0551 27.1730 1.6336 -0.3769
Pedestrian -1 -1 -0.3438 727.5426 160.4005 749.0219 198.8785 1.7534 0.6367 0.8068 5.8705 1.1863 33.2593 -0.1691 -0.7695
Car -1 -1 -1.6683 652.5782 159.6853 714.3072 225.9473 2.5746 2.0563 5.6278 2.9788 2.0633 30.8477 -1.5720 6.4555
Car -1 -1 1.6159 524.4117 182.8256 560.3910 215.9252 1.5027 1.6105 4.0367 -3.3641 2.0297 36.0480 1.5229 5.5574
Car -1 -1 -1.6337 643.9811 185.0227 675.2649 212.5871 1.4746 1.5778 3.8886 2.8305 2.2206 42.2627 -1.5668 3.7481
Car -1 -1 1.6180 555.3996 181.9055 577.8557 202.3765 1.5059 1.5830 3.9334 -3.4088 2.2436 56.7983 1.5580 2.4123
Car -1 -1 -0.5196 789.5435 150.1324 873.7259 181.1798 1.4510 1.5729 3.5827 10.6554 0.3895 34.8821 -0.2232 -0.0844
