Car -1 -1 -1.8340 736.8905 184.1421 911.3082 306.3513 1.5247 1.6084 3.7351 3.0493 1.7297 11.2138 -1.5685 15.2767
Pedestrian -1 -1 -0.3537 814.0575 130.7439 848.7279 192.9491 1.6375 0.6185 0.7166 5.8743 0.5294 19.3212 -0.0585 0.2636
Car -1 -1 -2.0312 827.5235 193.1722 1241.0000 374.0000 1.4695 1.5884 3.6287 3.0766 1.6904 6.0048 -1.5577 14.5729
Pedestrian -1 -1 -1.4271 830.7466 129.8745 859.9188 193.9158 1.6211 0.6240 0.7247 6.0635 0.5335 18.7249 -1.1139 0.1584
Car -1 -1 1.6486 482.3868 175.3929 539.5146 227.8320 1.5573 1.5620 3.6100 -3.1921 1.6467 23.4512 1.5133 10.2060
Pedestrian -1 -1 -0.3020 811.8910 131.2129 842.0572 191.0613 1.6387 0.6189 0.6474 5.9812 0.4989 20.0670 -0.0123 -0.2600
Car -1 -1 -1.7579 677.1376 139.5154 803.3981 254.5311 2.4748 2.0412 5.8455 3.0329 1.7578 18.4692 -1.5951 9.5317
Car -1 -1 -1.6944 660.7033 176.2678 710.7183 216.7535 1.5411 1.5859 3.6967 3.0056 1.6906 29.6439 -1.5933 7.4448
Car -1 -1 1.6558 523.7415 175.7463 561.7050 206.5045 1.4492 1.5860 3.7562 -3.3666 1.6023 36.2311 1.5632 6.2292
Car -1 -1 -1.6268 641.9715 179.4304 670.5944 204.6599 1.4615 1.5553 3.6516 2.7908 1.8849 44.5801 -1.5643 1.0290
Car -1 -1 -1.6712 672.0399 165.4083 694.0476 184.4988 1.6398 1.5879 3.4845 6.4031 1.0006 63.7173 -1.5710 0.4242
Car -1 -1 -2.9752 506.0923 178.5616 572.4220 203.5930 1.4626 1.5706 3.7715 -4.2669 1.8141 43.4846 -3.0730 -0.0595
