Car -1 -1 1.7589 424.8502 173.8794 515.1631 241.5168 1.5560 1.6003 3.7047 -3.5236 1.5853 18.5053 1.5707 14.5484
Pedestrian -1 -1 2.2021 484.1476 170.4591 518.3472 234.6687 1.7078 0.6161 0.7191 -3.0057 1.6445 19.6494 2.0503 -0.6982
Car -1 -1 1.2685 717.5827 184.0503 925.8238 330.0473 1.5602 1.6117 3.7352 2.5887 1.7437 9.9027 1.5242 13.1928
Car -1 -1 1.9331 201.5069 179.1643 437.1427 335.4010 1.5818 1.5819 3.5448 -3.4801 1.6783 9.2192 1.5721 12.7058
Car -1 -1 -1.7226 671.9570 187.6979 752.5263 249.7106 1.3791 1.5237 3.5054 2.4985 1.7997 18.6563 -1.5894 11.9539
Car -1 -1 1.5414 501.5409 176.7223 543.1884 216.9707 1.5345 1.5881 3.8140 -3.7242 1.7059 29.8984 1.4174 8.0918
Car -1 -1 1.4500 645.0528 181.4965 696.7394 221.4002 1.4543 1.6011 3.9539 2.3506 1.8281 29.1712 1.5304 6.6763
Car -1 -1 -1.6896 637.8132 179.7465 678.8657 213.7945 1.5394 1.5771 3.5439 2.2686 1.8930 35.1652 -1.6252 4.9357
Car -1 -1 -1.6505 632.4226 179.3423 667.1838 208.4149 1.5025 1.6173 3.8635 2.1315 1.8811 40.1113 -1.5974 2.8331
Car -1 -1 -2.1726 979.5697 184.1186 1241.0000 352.3976 1.5631 1.6534 4.0580 6.4056 1.7361 9.0146 -1.5548 0.7966
