Car -1 -1 1.8534 345.9635 184.4570 516.7114 296.3325 1.5103 1.6512 4.3513 -2.8756 1.7461 12.4160 1.6258 13.6961
Car -1 -1 1.1133 820.4886 174.0096 1241.0000 374.0000 1.6290 1.6507 3.9328 2.9129 1.6414 5.5365 1.5976 13.5831
Car -1 -1 -1.8284 720.9688 188.7596 868.5869 293.1354 1.4571 1.5629 3.4802 2.9388 1.7688 12.3644 -1.5950 13.4262
Car -1 -1 1.4182 687.1142 184.5995 779.7364 253.7869 1.4332 1.5893 4.1625 2.8518 1.7563 17.7384 1.5776 10.7363
Car -1 -1 1.7608 440.9856 177.6218 529.9041 250.1914 1.6546 1.5957 3.5405 -3.1295 1.7888 18.4704 1.5930 9.4613
Car -1 -1 1.6593 507.6969 177.7282 557.6167 222.3425 1.5568 1.5813 3.4038 -2.9068 1.7529 27.2652 1.5531 8.3653
Car -1 -1 1.4543 664.7740 178.1739 713.1566 215.8728 1.5210 1.6248 4.2303 3.3730 1.7718 31.8321 1.5598 7.9522
Car -1 -1 -1.6117 653.8017 177.5910 677.8393 199.1603 1.4687 1.5688 3.5070 3.9411 1.8201 51.6887 -1.5356 3.9238
Car -1 -1 1.6854 532.5222 176.8272 575.8194 210.7697 1.5034 1.6249 3.8769 -2.6424 1.7039 34.3844 1.6087 3.8776
Car -1 -1 1.7261 482.1352 159.6914 520.3651 187.8224 1.6282 1.6734 4.1683 -6.5875 0.8667 43.8499 1.5770 1.9025
Car -1 -1 -1.6522 645.2680 163.8222 671.2651 188.7224 2.1227 1.8858 5.1158 4.2202 1.3531 64.0795 -1.5864 -0.2201
