Car -1 -1 1.2275 780.4976 174.2320 1095.6935 374.0000 1.6758 1.6280 3.7356 2.9015 1.6939 7.4083 1.6008 14.4359
Cyclist -1 -1 -0.4351 532.5992 162.2403 556.0040 183.9065 1.7032 0.6149 1.7603 -5.2511 0.8692 57.4273 -0.5262 0.4591
Car -1 -1 1.8313 388.6854 183.7515 524.9794 275.2165 1.4736 1.6162 3.9730 -2.8703 1.7182 14.1377 1.6310 13.4889
Cyclist -1 -1 1.8326 497.7131 155.5995 511.8097 179.5880 1.6475 0.5607 1.6802 -7.3753 0.4628 50.4185 1.6873 0.1726
Car -1 -1 -1.8006 707.8068 184.8805 833.3851 277.4463 1.5153 1.5719 3.5959 2.9324 1.7809 14.0975 -1.5955 11.3594
Car -1 -1 1.6734 516.0593 178.9316 562.7060 219.9778 1.5223 1.5296 3.3154 -2.8186 1.7803 28.9120 1.5763 7.9509
Car -1 -1 1.4568 682.7420 183.1392 760.8970 248.6011 1.5409 1.6259 4.0072 2.8875 1.8503 19.6473 1.6027 7.8929
Car -1 -1 1.7566 455.0726 178.3882 537.7994 244.4332 1.6614 1.6421 3.6963 -3.1442 1.8321 20.3359 1.6032 7.3904
Car -1 -1 1.4789 664.5487 180.5663 707.3606 214.6486 1.4492 1.6132 3.9122 3.4324 1.8290 33.5310 1.5809 6.5611
Car -1 -1 1.7226 490.1604 161.2001 526.0281 185.5455 1.4674 1.6407 4.1089 -6.4149 0.7653 45.5510 1.5827 3.6890
Car -1 -1 -1.5867 654.1772 177.8711 676.6615 198.6027 1.4570 1.5989 3.8274 4.0604 1.8438 53.6116 -1.5111 2.9406
Car -1 -1 1.6604 535.8417 178.4629 575.1965 210.6130 1.4928 1.6170 4.0395 -2.7195 1.7907 36.2401 1.5855 1.1101
Car -1 -1 -1.6678 767.6426 156.9545 823.2551 200.1679 1.5285 1.6465 4.2572 7.0032 0.9665 27.7460 -1.4206 0.4945
Car -1 -1 1.5271 633.3350 176.7524 655.7402 197.2214 1.5896 1.6421 4.1057 2.7623 1.9192 58.8711 1.5740 0.0780
Car -1 -1 -2.8321 338.5713 165.4301 457.2362 207.3959 1.5011 1.6094 3.9026 -7.8183 1.2359 26.6582 -3.1174 -0.6330
