Car -1 -1 1.9949 76.0594 178.6867 403.8758 374.0000 1.5685 1.5805 3.6525 -3.4982 1.6445 7.5236 1.5596 13.7280
Cyclist -1 -1 1.4109 695.5851 163.2622 707.0531 185.7226 1.7457 0.6239 1.7616 7.1786 1.0006 56.9702 1.5362 -0.5295
Pedestrian -1 -1 -1.7911 820.3408 141.2948 847.6491 199.8083 1.7568 0.6322 0.8231 6.8058 0.8096 22.0962 -1.4923 1.9169
Car -1 -1 -1.7389 677.7968 185.9473 771.3266 255.0134 1.3892 1.5584 3.6700 2.5422 1.7328 17.0624 -1.5910 13.4158
Pedestrian -1 -1 -2.2373 1154.5066 118.1860 1219.3469 212.4033 1.6188 0.6328 0.6382 10.1024 0.6799 12.7151 -1.5659 1.4477
Car -1 -1 1.2065 734.1923 183.6658 1014.2434 371.2315 1.5619 1.6018 3.7785 2.5778 1.7136 8.1613 1.5124 13.1986
Car -1 -1 1.7915 400.1327 173.8663 508.8907 250.8106 1.5749 1.6265 3.9984 -3.5270 1.6017 16.8291 1.5849 11.8137
Car -1 -1 1.4429 647.5450 180.7860 703.4342 223.0314 1.4401 1.5917 4.0655 2.3697 1.7648 27.4334 1.5290 10.5360
Car -1 -1 1.6481 493.6345 175.8817 539.0461 217.6388 1.5111 1.4948 3.4401 -3.6379 1.6369 28.1198 1.5194 8.1847
Car -1 -1 1.4845 632.2800 176.8737 668.8873 207.4884 1.5195 1.6084 3.7481 2.0658 1.7433 38.2079 1.5385 4.6286
Car -1 -1 -1.6772 638.1244 178.3346 681.8799 214.0137 1.5299 1.6204 3.7594 2.2218 1.7988 33.4347 -1.6109 2.4348
Car -1 -1 0.7922 1052.5409 188.3299 1241.0000 374.0000 1.4869 1.6508 4.1916 6.3726 1.6818 6.9433 1.5348 0.6322
Car -1 -1 -1.4894 616.5248 179.9852 640.9737 200.0987 1.4650 1.5903 3.8441 1.4595 2.0382 55.9633 -1.4633 -0.1035
