Car -1 -1 1.3578 714.5282 189.0536 843.9575 280.9791 1.4288 1.5738 3.9086 3.0243 1.7843 13.8576 1.5727 13.8343
Cyclist -1 -1 1.5803 562.2688 183.9575 570.8606 209.1589 1.6896 0.5800 1.7002 -3.0340 2.4726 49.9963 1.5197 -0.4599
Pedestrian -1 -1 -1.1653 261.3797 136.4157 310.4593 216.1690 1.7773 0.7493 0.8556 -7.4525 0.9657 16.5117 -1.5893 0.0236
Car -1 -1 1.9115 241.2064 177.1370 455.1812 322.2831 1.5102 1.5034 3.3820 -3.1817 1.5759 9.3043 1.5820 11.6134
Pedestrian -1 -1 -1.6654 685.1216 177.5164 700.9406 217.0974 1.7520 0.6306 0.8201 3.6899 1.9648 32.4499 -1.5522 -0.1535
Car -1 -1 -1.6230 661.5041 180.7099 699.7091 214.5982 1.4693 1.5945 3.5315 3.2321 1.8585 33.9131 -1.5279 10.8309
Pedestrian -1 -1 -0.8634 12.3746 129.8845 73.8914 231.6569 1.8305 0.6009 0.6728 -10.5070 1.0580 13.3229 -1.5311 -0.5471
Car -1 -1 1.7469 416.7219 177.7853 521.7535 253.4018 1.4946 1.6468 4.2068 -3.1440 1.6232 16.6466 1.5602 10.0173
Pedestrian -1 -1 -1.6062 645.6423 172.3685 657.2330 202.0759 1.7890 0.6769 0.7133 2.4802 1.7601 43.8116 -1.5496 -0.7129
Car -1 -1 -1.6486 642.1376 164.2990 680.4310 203.4243 2.3613 2.0107 5.5739 3.1885 1.8453 46.3387 -1.5799 7.3492
Car -1 -1 -1.6331 651.4879 177.9583 684.9701 209.1063 1.5874 1.5881 3.4266 3.0764 1.8763 39.0600 -1.5545 4.4383
Car -1 -1 1.6287 557.0467 177.2941 582.6771 199.1423 1.4839 1.6144 3.8988 -2.8725 1.8147 51.7477 1.5733 2.5096
