Car -1 -1 1.4104 691.6462 184.9428 779.3446 249.0784 1.3902 1.5601 3.8731 3.0180 1.7298 18.3066 1.5738 15.3415
Pedestrian -1 -1 -1.2354 335.7356 149.1072 370.2110 211.2178 1.7650 0.6930 0.8810 -7.4984 1.0906 20.9448 -1.5792 1.2141
Car -1 -1 1.8076 374.6986 181.1750 496.3884 269.7395 1.4396 1.4895 3.3498 -3.2286 1.6175 13.7201 1.5765 12.0660
Car -1 -1 -1.6630 652.1372 177.3434 688.8233 207.7031 1.5142 1.6115 3.5461 3.1286 1.7639 38.2923 -1.5814 11.1760
Car -1 -1 2.1410 0.0000 179.7503 360.8703 374.0000 1.5158 1.6085 3.8162 -3.2520 1.5825 5.0332 1.5674 9.1413
Car -1 -1 1.0078 822.1203 205.6447 1241.0000 374.0000 1.4253 1.6287 4.2377 2.7515 1.7291 4.5416 1.5525 8.7215
Car -1 -1 1.7365 463.6240 178.9910 539.3672 234.8701 1.4342 1.5596 3.7424 -3.0804 1.6277 20.8162 1.5895 7.9632
Car -1 -1 -1.2713 648.8576 178.0371 693.2651 204.7912 1.4973 1.5994 3.8127 3.6717 1.8231 43.2452 -1.1866 0.3861
Car -1 -1 1.6107 558.1045 175.3969 580.6654 195.4486 1.4856 1.5961 3.7639 -3.1390 1.6894 55.8309 1.5546 -0.4249
Car -1 -1 -1.6731 654.1637 163.8020 675.9170 181.0009 1.5410 1.6161 3.8054 5.0308 0.7303 66.5699 -1.5977 -0.7922
