Car -1 -1 1.3237 721.8025 188.0759 919.8092 318.1348 1.4302 1.6589 4.4098 2.7583 1.7021 10.6587 1.5769 12.9799
Cyclist -1 -1 1.8430 402.2625 140.6333 429.5752 185.1514 1.6348 0.5836 1.6318 -7.3752 0.4520 27.3128 1.5793 1.1613
Pedestrian -1 -1 3.4003 405.2552 142.3706 430.7185 186.7087 1.6541 0.6182 0.7978 -7.2835 0.5172 27.2250 3.1389 0.6550
Car -1 -1 2.1201 0.0000 191.4007 416.7703 374.0000 1.4597 1.6315 4.4616 -2.9460 1.6529 5.2393 1.6079 12.0623
Car -1 -1 -2.1040 825.3352 197.7075 1241.0000 374.0000 1.4386 1.5530 3.6354 2.8468 1.6799 5.1536 -1.5993 11.8881
Car -1 -1 1.8702 299.9159 179.4495 478.2246 303.3407 1.5714 1.5754 3.7622 -3.2661 1.6919 11.2449 1.5875 11.0747
Car -1 -1 1.7166 460.9477 175.2491 530.5795 234.5987 1.5029 1.4619 3.1329 -3.1337 1.5748 19.9692 1.5610 10.9163
Car -1 -1 1.4376 672.8890 179.4450 735.8251 226.2593 1.4330 1.5932 4.0029 3.0930 1.6769 24.6568 1.5624 10.8369
Car -1 -1 -1.6197 649.7909 176.2364 678.7650 201.0838 1.4601 1.6087 3.6073 3.2949 1.6787 44.7172 -1.5461 8.8047
Car -1 -1 1.6870 500.5636 174.9877 554.7522 218.1489 1.5003 1.5976 3.7829 -3.0722 1.5866 27.1606 1.5744 7.9827
Car -1 -1 -1.6330 641.4873 162.4907 668.8896 188.1635 1.9333 1.8396 4.9577 3.4861 1.1533 56.8136 -1.5718 2.3132
Car -1 -1 1.6207 568.1222 173.3408 589.1883 191.5410 1.5195 1.6275 3.8748 -2.6994 1.5632 62.2823 1.5774 1.0261
Car -1 -1 -1.4052 449.6983 158.4139 495.9012 189.4574 1.4787 1.6403 4.0860 -6.8985 0.7912 36.4258 -1.5924 -0.3358
