Car -1 -1 -1.9782 782.6231 195.0296 1127.7145 374.0000 1.4375 1.5751 3.5251 2.8405 1.7054 6.9251 -1.5890 14.3319
Cyclist -1 -1 1.8286 417.7072 139.5374 443.0706 182.4550 1.6819 0.5847 1.6884 -7.2771 0.3766 29.1214 1.5837 -0.1928
Pedestrian -1 -1 -0.2807 803.9193 165.7835 832.5369 223.8400 1.6408 0.6228 0.6401 5.9218 1.4414 20.7019 -0.0021 0.4297
Car -1 -1 2.0247 51.9662 190.3680 451.8912 374.0000 1.3782 1.6084 4.2528 -2.9694 1.6019 7.0303 1.6250 14.2952
Pedestrian -1 -1 1.7937 435.4363 151.1205 447.2373 177.1352 1.6446 0.5990 0.6712 -10.7703 0.2710 45.9482 1.5634 0.1662
Car -1 -1 1.3447 709.9984 185.9220 863.5127 293.3130 1.4636 1.6121 4.0474 2.7598 1.7245 12.3533 1.5645 12.5369
Car -1 -1 1.4607 671.3936 179.4556 728.2913 222.9356 1.4324 1.6038 4.1729 3.1733 1.6943 26.4965 1.5799 11.1918
Car -1 -1 1.8355 348.8635 179.3359 494.6591 284.1251 1.5887 1.6011 3.7432 -3.2713 1.7233 13.0565 1.5900 10.3785
Car -1 -1 1.6959 474.1388 173.8585 537.8614 229.6153 1.5505 1.5073 3.2469 -3.1106 1.5834 21.7564 1.5538 9.7635
Car -1 -1 -1.6456 649.1144 175.7303 678.1624 200.3508 1.5110 1.6012 3.4852 3.3853 1.7034 46.4304 -1.5729 7.1010
Car -1 -1 1.7151 510.2609 176.3299 563.9562 215.4399 1.4472 1.6078 3.8670 -2.9030 1.5969 29.0144 1.6154 5.7730
Car -1 -1 1.6597 571.3342 173.7563 593.7466 191.5573 1.5297 1.6396 4.1108 -2.4369 1.6131 64.3096 1.6218 2.8938
Car -1 -1 -0.5169 853.0325 135.5884 1006.7092 186.9015 1.4775 1.6275 3.9572 9.5494 0.4048 21.7881 -0.1038 1.6277
Car -1 -1 -1.6548 642.2168 163.0647 669.8300 187.6196 1.9101 1.8229 4.9298 3.6678 1.1490 58.6104 -1.5923 0.5177
Car -1 -1 -3.5558 926.2037 144.0949 1008.2180 169.4262 1.4765 1.6482 4.0836 21.3101 -0.2093 43.2144 -3.0977 -0.1762
Car -1 -1 -1.7537 717.2236 160.7675 765.7715 196.7629 1.7768 1.7206 4.3834 6.7810 1.1806 37.8106 -1.5762 -0.6539
