Car -1 -1 1.3844 694.5480 184.4233 792.2108 253.9052 1.4222 1.5797 3.9062 3.0334 1.7329 17.3841 1.5571 12.9997
Pedestrian -1 -1 -1.2498 321.0970 148.4937 357.3977 212.8503 1.7453 0.7300 0.7913 -7.5339 1.0850 19.9750 -1.6105 1.3911
Car -1 -1 1.8250 357.7535 179.6679 490.2564 278.2449 1.5020 1.5030 3.2258 -3.2137 1.6389 12.8348 1.5796 12.0740
Pedestrian -1 -1 -0.2676 917.7641 160.5045 983.8102 266.6097 1.8137 0.6363 0.9154 5.9398 1.6030 12.7215 0.1692 0.9967
Car -1 -1 -1.6494 654.1520 178.3820 691.2371 209.4023 1.5045 1.6275 3.6441 3.1721 1.8060 37.4704 -1.5650 11.4452
Pedestrian -1 -1 -1.6664 677.2972 178.8769 691.4599 212.0112 1.6243 0.6331 0.7210 3.6555 1.9270 35.8616 -1.5649 0.0038
Car -1 -1 2.2336 0.0000 181.0418 319.5606 374.0000 1.5668 1.6165 3.7515 -3.2668 1.6353 4.1193 1.5631 10.0730
Pedestrian -1 -1 -0.4584 941.7606 166.4300 1010.6970 276.4015 1.7431 0.6155 0.8110 5.8951 1.6417 11.7447 0.0068 -0.6898
Car -1 -1 1.7441 450.1100 179.5790 534.5298 239.2609 1.4418 1.6317 3.9133 -3.1703 1.6454 19.8401 1.5857 8.3540
Car -1 -1 0.9168 855.4041 210.1794 1241.0000 374.0000 1.4719 1.6620 4.4185 2.7160 1.7688 3.5167 1.5745 7.7675
Car -1 -1 -1.6077 646.4692 178.2533 676.5280 205.4346 1.5049 1.6224 3.9290 2.9744 1.8398 42.7247 -1.5382 2.0962
Car -1 -1 -1.6430 640.4734 163.3072 674.5175 197.7960 2.2555 1.9519 5.3992 3.1914 1.6315 49.8916 -1.5791 1.8749
Car -1 -1 -0.9793 709.7885 163.1716 774.0394 190.9629 1.4810 1.6107 3.9547 7.3941 0.9654 40.4258 -0.7984 0.3769
Car -1 -1 -1.5519 558.4117 177.4826 579.6995 197.3679 1.4511 1.5641 3.5226 -3.1364 1.8176 55.2739 -1.6086 -0.7328
