Car -1 -1 1.2384 753.1456 190.7865 1059.0480 374.0000 1.4255 1.6202 4.0983 2.7019 1.6701 7.7750 1.5729 14.0157
Pedestrian -1 -1 -1.3080 377.1885 143.9901 402.0226 198.6294 1.8286 0.6425 0.7232 -7.5283 0.8630 24.5179 -1.6059 0.0417
Car -1 -1 1.4321 679.8187 175.6674 751.6383 228.1265 1.4328 1.5999 3.9424 3.0629 1.5262 21.8868 1.5711 13.4653
Car -1 -1 1.9600 177.0465 172.4244 443.5800 347.0169 1.6304 1.5805 3.6722 -3.2878 1.6268 8.5895 1.5945 12.7923
Car -1 -1 1.7594 429.5854 170.6991 517.8192 241.3856 1.5356 1.4976 3.1960 -3.2152 1.4891 17.2732 1.5753 12.4631
Car -1 -1 -1.6083 652.2965 170.5022 682.3543 196.9844 1.4740 1.6000 3.6740 3.2660 1.3434 42.0253 -1.5308 8.8287
Car -1 -1 2.4116 0.0000 190.2063 298.7048 374.0000 1.5100 1.5678 4.3456 -2.9381 1.6268 2.6607 1.5767 8.7497
Car -1 -1 -2.4072 938.7989 192.1158 1241.0000 374.0000 1.4851 1.5246 3.8158 2.7721 1.6055 2.5763 -1.5852 7.6378
Car -1 -1 1.7115 486.1818 169.7467 550.1224 218.2235 1.5106 1.6112 3.9318 -3.0722 1.4141 24.4591 1.5865 6.2283
Car -1 -1 1.8582 563.1220 170.0862 594.5681 189.5524 1.5499 1.6048 3.7069 -2.5552 1.3299 59.4399 1.8152 3.0276
Car -1 -1 -1.6599 638.7292 154.7426 671.0162 185.9600 2.2321 1.9441 5.3633 3.2909 0.9375 54.2975 -1.5994 2.7736
Car -1 -1 -1.6193 644.5096 171.5206 671.9754 195.6549 1.5136 1.5997 3.8580 3.0875 1.4303 47.1917 -1.5539 0.5148
Car -1 -1 1.7872 431.9324 145.8764 486.7206 180.4552 1.5251 1.6601 4.1844 -7.0446 0.3356 33.9231 1.5825 0.2147
Car -1 -1 -2.1364 1031.8666 141.0905 1107.3275 170.0578 1.5033 1.6105 4.0036 25.2326 -0.1618 39.8309 -1.5717 -0.4996
