Car -1 -1 -1.8050 711.1590 185.8958 846.5897 282.2627 1.4672 1.5769 3.6648 2.8986 1.7420 13.3309 -1.5909 14.4820
Pedestrian -1 -1 -0.8480 0.0000 139.2081 73.1760 266.4174 1.6559 0.6186 0.7328 -7.9107 1.2183 9.7687 -1.5287 -0.2561
Car -1 -1 1.9250 93.7750 181.3312 412.7965 374.0000 1.5099 1.5506 3.6455 -3.1749 1.6162 7.1426 1.5067 13.0081
Pedestrian -1 -1 1.8364 396.9095 175.5682 421.1175 222.1436 1.5501 0.6265 0.7072 -6.8390 1.6437 24.4093 1.5633 -0.3931
Car -1 -1 1.7308 434.2563 178.5539 518.3079 237.7596 1.4163 1.6106 4.1505 -3.5868 1.5892 19.7505 1.5511 11.1435
Pedestrian -1 -1 -1.4557 478.0292 155.7683 490.9544 186.0369 1.6835 0.6252 0.8350 -7.0876 0.7336 40.5642 -1.6286 -0.6586
Car -1 -1 1.7090 493.7588 174.5015 547.5243 218.7068 1.5877 1.5712 3.6755 -3.4304 1.6560 27.8998 1.5867 10.2238
Pedestrian -1 -1 -0.1426 722.5175 162.8100 737.1263 192.1322 1.7087 0.6266 0.7642 6.9987 1.1238 42.3658 0.0212 -0.7008
Car -1 -1 1.4549 653.1224 178.6186 706.4932 220.8055 1.5195 1.6348 3.9835 2.6467 1.7640 28.5462 1.5474 8.7896
Car -1 -1 1.6747 527.1387 174.9774 565.7415 206.1340 1.5118 1.5953 3.8232 -3.2630 1.6272 37.1938 1.5872 5.2823
Car -1 -1 -1.6268 643.8926 179.6833 678.3656 210.3746 1.4837 1.5759 3.7020 2.5809 1.8572 37.5667 -1.5582 4.4804
Car -1 -1 1.5688 547.5105 174.4376 573.2757 199.2368 1.5884 1.6582 4.1113 -3.3769 1.7001 48.5921 1.4994 1.7607
