Car -1 -1 -1.7678 696.8650 188.8024 819.6940 282.5744 1.4503 1.5529 3.4923 2.5763 1.7880 13.5055 -1.5793 15.0995
Pedestrian -1 -1 -1.9780 968.7134 183.7891 1011.6397 259.5560 1.5497 0.5917 0.6446 7.9486 1.7857 15.1983 -1.4961 -0.3554
Car -1 -1 1.8111 350.8072 180.4322 486.6655 275.2380 1.4808 1.5688 3.7918 -3.4451 1.6427 13.4753 1.5608 12.9730
Car -1 -1 1.4293 655.5066 184.6281 721.3000 233.5827 1.4251 1.5984 4.0832 2.4790 1.8521 24.0694 1.5319 11.3748
Car -1 -1 1.6765 476.0953 178.5002 532.8153 227.5802 1.5214 1.5420 3.6034 -3.5739 1.7287 24.6151 1.5323 11.2994
Car -1 -1 1.0150 800.6041 189.8479 1241.0000 374.0000 1.5364 1.5966 3.7116 2.6335 1.6973 4.9130 1.5071 9.3626
Car -1 -1 2.2856 0.0000 187.7113 289.1178 374.0000 1.5090 1.5617 3.7759 -3.4633 1.6308 4.0073 1.5729 8.0314
Car -1 -1 -1.6945 644.5036 180.3082 693.7823 219.3630 1.4854 1.5940 3.6105 2.3558 1.8145 29.9813 -1.6161 7.0725
Car -1 -1 -1.6673 638.4056 182.3190 679.0526 215.4235 1.4565 1.5811 3.8467 2.2586 1.9390 34.8040 -1.6025 3.3909
Car -1 -1 -1.5253 623.2969 181.6779 647.5539 203.3797 1.4730 1.5956 3.7924 1.8536 2.1396 52.5166 -1.4900 0.3104
Car -1 -1 2.2031 0.0000 122.1547 206.7006 213.2328 1.6823 1.6742 3.9631 -10.6033 0.7462 15.3280 1.5979 -0.8005
