Car -1 -1 1.7904 364.3256 177.7441 493.4281 268.6546 1.5282 1.6318 4.0060 -3.4761 1.6396 14.3606 1.5529 14.4294
Pedestrian -1 -1 -1.9575 944.2349 186.4841 985.8580 259.5221 1.5772 0.6246 0.6671 7.8459 1.8878 16.0644 -1.5032 -0.2627
Car -1 -1 -1.7464 691.9436 188.9180 805.9548 277.3937 1.4673 1.5820 3.6758 2.5908 1.8308 14.4704 -1.5693 13.4749
Pedestrian -1 -1 -2.1940 1084.2907 213.3928 1156.7463 317.2170 1.5372 0.6514 0.6782 7.9208 2.1913 11.2907 -1.5823 -0.7528
Car -1 -1 1.0780 778.7751 192.9520 1241.0000 374.0000 1.4508 1.6104 3.8931 2.6328 1.6647 5.6719 1.5126 12.5283
Car -1 -1 1.6543 481.0006 176.8611 533.7920 224.1845 1.5351 1.5602 3.4995 -3.6049 1.6870 25.4973 1.5138 11.3417
Car -1 -1 1.4418 653.6398 182.9128 715.7505 230.9222 1.4599 1.5948 4.0899 2.4438 1.8359 24.8745 1.5398 11.1011
Car -1 -1 2.1597 0.0000 187.5596 329.3580 374.0000 1.5029 1.5358 3.5484 -3.4497 1.6420 5.0239 1.5580 9.9799
Car -1 -1 -1.6990 642.8737 181.4672 691.0282 219.9526 1.5039 1.5912 3.6218 2.3369 1.8949 30.8710 -1.6234 5.3886
Car -1 -1 -1.6322 638.2370 180.5119 674.1812 213.1231 1.4950 1.5512 3.4832 2.2009 1.8921 35.6349 -1.5705 3.2302
