Car -1 -1 -0.1827 174.3790 193.7930 262.0860 223.6899 1.4928 1.6429 4.1149 -22.0753 2.7293 40.6633 -0.6800 3.9323
Pedestrian -1 -1 1.6340 961.0957 150.2689 977.5247 187.0716 1.6498 0.6252 0.7234 16.3032 0.6377 32.8124 2.0951 0.6831
Car -1 -1 -1.6455 551.3560 166.7876 570.6821 182.5303 1.4498 1.5645 3.4959 -4.6756 0.8915 68.2869 -1.7138 1.7887
Car -1 -1 -0.5400 781.6322 145.0890 866.2640 171.3798 1.4879 1.6901 4.5435 12.5165 -0.0891 42.3729 -0.2528 1.7188
Car -1 -1 1.4678 666.4180 158.8913 692.6591 179.0862 1.4850 1.5914 3.9106 5.2408 0.4586 55.0161 1.5627 0.7748
Car -1 -1 -0.1348 174.0137 194.7282 265.2099 225.3267 1.4760 1.6605 4.2004 -21.3416 2.7301 39.4423 -0.6307 0.6947
Car -1 -1 2.1155 890.1369 169.0722 983.7099 212.7428 1.6312 1.6396 3.8427 12.9946 1.4903 28.7116 2.5405 0.1707
Car -1 -1 2.0640 207.3315 156.6152 261.7491 180.0706 1.5971 1.6575 4.1542 -26.6029 0.4917 51.2160 1.5850 -0.0819
Car -1 -1 -1.3889 515.3245 177.3159 584.8138 227.3340 1.5443 1.6502 4.1670 -2.0103 1.7115 24.8153 -1.4698 -0.3925
Car -1 -1 2.0352 967.9565 166.7805 1049.4287 204.6928 1.6206 1.6356 3.9385 18.0164 1.3614 32.6299 2.5397 -0.4495
Car -1 -1 -0.4222 689.2573 167.5816 749.9912 189.7875 1.4364 1.5740 3.6645 7.2392 1.0957 47.9196 -0.2723 -0.7271
