Car -1 -1 1.6773 616.8527 172.1870 641.8980 192.4231 1.6397 1.6770 4.1147 1.6384 1.5861 60.6148 1.7044 1.6841
Cyclist -1 -1 2.2105 0.0000 213.5291 247.1814 374.0000 1.6823 0.5879 1.6807 -2.6537 1.9396 3.7104 1.5897 1.6337
Pedestrian -1 -1 -0.4961 990.3805 160.9472 1014.9801 198.1513 1.7554 0.6339 0.8264 18.6565 1.1940 34.3593 0.0013 1.4399
Car -1 -1 2.1663 0.0000 194.3901 57.9002 244.7615 1.4752 1.6247 3.9087 -21.2437 2.2795 24.8991 1.4599 1.3613
Cyclist -1 -1 1.3560 762.5477 168.6913 775.8718 191.8008 1.6713 0.6110 1.6762 11.6643 1.3706 53.0194 1.5726 0.9699
Pedestrian -1 -1 -0.5212 1007.4863 154.9152 1031.7399 190.3641 1.7183 0.6274 0.8288 19.9911 0.8491 35.2884 -0.0057 0.9532
Car -1 -1 1.9578 268.7656 150.5140 314.7254 172.5278 1.4887 1.6128 3.8918 -22.3816 -0.0235 50.8169 1.5429 0.5755
Pedestrian -1 -1 -0.2307 762.3851 168.0473 774.0682 191.1447 1.6855 0.6158 0.7153 11.5852 1.3351 52.9640 -0.0153 -0.2571
Car -1 -1 -1.1086 120.5308 182.9127 194.0632 217.2758 1.5901 1.6356 3.7795 -22.8350 2.1265 36.4921 -1.6678 -0.1112
Car -1 -1 -1.0955 249.6224 160.6820 289.0064 177.8271 1.4877 1.5926 3.8724 -30.4572 0.4319 64.5696 -1.5362 -0.3195
