Car -1 -1 -1.5444 577.7157 170.4837 632.9336 222.6592 1.5893 1.6839 4.2918 -0.1460 1.5175 24.1390 -1.5505 10.0780
Pedestrian -1 -1 0.8589 762.7603 166.1720 779.4848 193.7037 1.7586 0.6244 0.8902 10.3780 1.3321 46.6251 1.0779 1.7742
Car -1 -1 2.2095 0.0000 173.5987 123.4670 216.5395 1.5937 1.6995 4.3495 -21.9226 1.6262 29.0327 1.5628 8.0767
Car -1 -1 2.2539 0.0000 180.0572 33.2237 230.0335 1.4697 1.6238 3.9752 -21.4229 1.7281 23.8246 1.5216 2.6101
Car -1 -1 -1.2910 358.1380 170.8640 386.8208 187.5883 1.5401 1.5996 3.7859 -22.4846 1.3572 68.3617 -1.6088 2.3389
Car -1 -1 1.7997 332.2691 173.5775 363.5578 191.8177 1.4843 1.6277 3.9668 -22.1156 1.5479 60.9436 1.4516 0.6347
Car -1 -1 2.2394 10.0624 138.7196 116.8764 174.0489 1.4938 1.6388 4.1249 -24.5724 0.0509 32.5851 1.5932 0.3645
Car -1 -1 -1.6253 639.3931 169.1306 670.3836 196.0289 1.5158 1.6125 3.7687 2.5726 1.3063 42.5461 -1.5649 0.0274
Car -1 -1 2.1317 89.6740 164.9931 165.4860 195.7945 1.6983 1.6983 4.1730 -27.9319 1.2652 41.8884 1.5436 -0.1690
Car -1 -1 2.3212 179.1553 165.1759 246.8243 188.2450 1.4914 1.6400 4.1273 -26.8235 0.9954 48.8457 1.8190 -0.6206
