Car -1 -1 -1.5428 569.1300 177.0437 622.1879 228.0187 1.6388 1.7342 4.5384 -0.4943 1.8025 25.8449 -1.5620 10.9991
Cyclist -1 -1 -1.9868 910.0665 184.7297 947.3812 237.0084 1.7427 0.5155 1.7911 11.1328 2.1751 25.3528 -1.5730 2.8216
Pedestrian -1 -1 -2.2338 1160.7060 191.9448 1212.1804 260.8475 1.6308 0.6218 0.8059 14.0837 2.1104 17.7054 -1.5618 2.2336
Car -1 -1 2.4274 1091.2370 199.7764 1217.3849 236.9087 1.4755 1.6184 4.3304 23.3027 2.6691 31.0175 3.0717 10.2663
Car -1 -1 1.7020 496.9550 179.2099 538.2372 212.4297 1.5035 1.5675 3.2821 -4.4649 1.8260 34.9264 1.5749 8.9783
Car -1 -1 2.1155 149.9433 177.1927 230.3831 209.7303 1.5227 1.6502 4.0301 -21.0700 1.7537 36.3352 1.5900 6.7136
Car -1 -1 2.0387 221.9966 179.2047 279.7352 206.5901 1.5223 1.5516 3.7363 -21.2879 1.9163 42.8490 1.5776 6.2443
Car -1 -1 2.0284 278.4989 181.0519 330.3496 204.9318 1.4848 1.6031 3.9781 -20.4115 2.0569 48.2867 1.6285 2.1833
Car -1 -1 2.1695 50.4979 178.5337 155.4508 218.3261 1.5116 1.6347 3.9210 -20.9384 1.7632 29.9390 1.5592 1.8831
Car -1 -1 -2.3514 1174.8829 186.2158 1241.0000 210.9972 1.4555 1.5649 3.5788 38.4349 2.3461 46.2214 -1.6577 0.7679
Car -1 -1 1.6468 542.1719 177.8553 565.7464 197.3896 1.4762 1.5900 3.7540 -4.4496 1.8872 57.3620 1.5694 -0.1686
Car -1 -1 -2.3292 1191.1695 201.4453 1241.0000 240.8959 1.4721 1.5824 3.6114 27.5552 2.7901 31.4154 -1.6091 -0.3059
Car -1 -1 1.4706 636.2623 184.1735 656.6709 201.0310 1.4704 1.5396 3.6467 3.3571 2.5556 67.2911 1.5205 -0.3223
Car -1 -1 2.1612 44.2900 163.4539 139.9059 198.5842 1.5054 1.6267 3.9327 -23.5294 1.1029 32.9066 1.5404 -0.4281
Car -1 -1 -1.4500 509.8741 169.9217 533.8376 187.8117 1.4728 1.5778 3.7859 -7.4788 1.2318 61.2917 -1.5714 -0.4651
