Car -1 -1 1.7055 482.2330 184.4039 539.5623 226.0590 1.4446 1.6633 4.3497 -3.8574 1.9344 28.4014 1.5705 10.0549
Cyclist -1 -1 -2.1457 1021.0622 187.4796 1081.2760 256.6331 1.6738 0.4632 1.7248 11.3497 2.0708 18.6974 -1.6002 1.0384
Pedestrian -1 -1 2.3426 888.2016 157.0491 907.3197 187.8581 1.7901 0.6155 0.8632 16.8671 0.8722 42.3789 2.7214 -0.0810
Car -1 -1 2.1661 51.4348 183.5167 162.1388 226.0458 1.5841 1.6654 4.2891 -20.8750 2.0613 30.1066 1.5599 9.6138
Cyclist -1 -1 -2.3422 1151.7452 132.5356 1215.0069 184.9751 1.7159 0.6124 1.7816 19.4080 0.3970 24.5239 -1.6727 0.0618
Car -1 -1 2.1039 158.0181 185.4311 237.6166 219.7155 1.5149 1.6098 3.9232 -20.0991 2.1651 35.3024 1.5863 9.3089
Car -1 -1 -1.5532 581.0639 177.5381 631.2265 226.4735 1.6632 1.7361 4.5225 -0.1511 1.8551 27.2269 -1.5587 9.1423
Car -1 -1 2.1736 0.0000 195.0469 288.3750 374.0000 1.5367 1.4950 3.2092 -4.0030 1.7596 5.6185 1.5546 7.3426
Car -1 -1 1.6640 549.6851 179.8442 571.1529 199.3373 1.6427 1.5781 3.4977 -4.3821 2.2787 63.8388 1.5955 6.2420
Car -1 -1 2.3132 0.0000 186.5454 43.1930 240.3766 1.5502 1.5917 3.5799 -20.7305 2.0308 23.4990 1.5903 2.2720
Car -1 -1 1.6687 490.0206 168.9342 519.1023 192.0518 1.4743 1.5454 3.8569 -7.0021 1.2247 47.9757 1.5238 2.2432
Car -1 -1 1.3906 729.9078 185.3608 771.0330 214.2402 1.4705 1.5906 3.7935 7.7549 2.2023 40.2909 1.5808 -0.0201
