Car -1 -1 -1.5592 556.3767 178.7805 612.6364 233.6373 1.6103 1.6878 4.1885 -0.8628 1.8231 23.7493 -1.5955 11.0902
Pedestrian -1 -1 1.1839 902.7372 186.9762 923.4203 223.8536 1.6189 0.6204 0.7393 13.5357 2.2593 32.3298 1.5804 -0.1276
Car -1 -1 2.6390 927.8928 194.0323 1003.3736 217.8893 1.4324 1.5743 4.0344 22.4869 2.8018 45.7588 3.0958 7.1941
Car -1 -1 1.8483 290.2121 136.1768 486.9312 285.2273 2.3682 2.0498 6.2277 -4.1017 1.7858 14.5787 1.5741 4.0351
Car -1 -1 1.9903 202.1723 170.6905 257.3368 194.4657 1.4723 1.6284 4.1176 -24.6079 1.3387 46.7858 1.5061 3.2476
Car -1 -1 2.0207 218.9427 181.1712 275.7372 207.2761 1.4825 1.5968 3.8310 -22.1388 2.0138 44.1294 1.5557 0.0496
Car -1 -1 2.0872 43.9918 188.9876 294.3427 305.7597 1.5487 1.6634 4.3808 -7.2332 1.8751 12.3755 1.5583 -0.1368
Car -1 -1 1.0627 952.3826 197.1583 1017.8045 226.9761 1.4760 1.5974 3.8735 21.1269 2.9192 40.8712 1.5398 -0.3223
Car -1 -1 1.7289 539.7241 181.5097 562.6017 198.5544 1.5507 1.6083 3.9119 -5.6708 2.4113 69.6954 1.6477 -0.3714
Car -1 -1 -2.0968 817.6095 182.0653 895.3846 221.2761 1.6319 1.6299 3.8888 11.1637 2.0809 33.0664 -1.7712 -0.7403
Car -1 -1 -1.7224 751.6763 187.4962 780.9985 208.8872 1.4671 1.5888 3.7784 11.6488 2.6039 54.0649 -1.5101 -0.7750
