Car -1 -1 -1.5729 568.8479 177.5808 621.4575 230.2992 1.6798 1.7065 4.3818 -0.5808 1.8624 25.5967 -1.5956 10.0926
Cyclist -1 -1 -1.9841 904.5271 189.1247 938.9473 238.2255 1.6644 0.4831 1.7113 11.1185 2.2677 25.8808 -1.5783 3.3278
Pedestrian -1 -1 -0.6306 1131.9762 190.7327 1177.1478 256.0641 1.6529 0.6042 0.7173 14.0783 2.1250 18.7277 0.0141 0.4953
Car -1 -1 1.6708 503.7790 180.4632 540.6171 212.4915 1.5436 1.5586 3.4314 -4.5352 1.9559 37.3256 1.5499 7.9565
Cyclist -1 -1 -3.1338 568.3283 175.8830 621.6814 227.9507 1.7091 0.6490 1.7548 -0.5430 1.8119 24.0584 -3.1564 0.0516
Car -1 -1 -3.7822 1075.1148 201.3798 1193.3894 236.1867 1.4424 1.6336 4.0993 23.2428 2.7466 32.1309 -3.1559 7.5409
Car -1 -1 1.9804 232.7895 179.3768 286.1316 207.1932 1.5855 1.5711 3.7120 -21.2910 1.9998 43.8974 1.5288 6.2280
Car -1 -1 -0.7589 1188.7992 201.3900 1241.0000 236.5217 1.4806 1.5517 3.4709 28.4675 2.8050 32.6295 -0.0415 5.4046
Car -1 -1 1.6132 543.8379 181.5371 566.4543 200.6664 1.4840 1.7018 4.2008 -4.5539 2.2325 60.0322 1.5375 5.2205
Car -1 -1 1.9532 286.2939 182.2907 329.8797 205.3271 1.4631 1.5072 3.5890 -20.5238 2.1293 49.1058 1.5573 3.3770
Car -1 -1 2.1465 65.8785 180.9771 167.6219 219.4064 1.5039 1.6482 4.1244 -21.2203 1.8789 31.1936 1.5491 2.3792
Car -1 -1 -1.8896 816.0006 187.1173 853.2584 208.1179 1.4645 1.5805 3.8211 17.0023 2.5873 54.8527 -1.5890 2.0929
Car -1 -1 -2.1913 917.9848 149.8990 990.0166 178.8599 1.5524 1.6531 3.9953 19.3211 0.3223 40.7868 -1.7489 1.4860
Car -1 -1 1.1427 894.4021 188.5735 990.0040 238.9287 1.6186 1.6505 4.0071 12.0018 2.2389 26.4478 1.5687 0.7576
