Car -1 -1 1.7640 422.0948 180.3699 499.4374 239.8317 1.5058 1.5130 3.4043 -4.1776 1.7365 20.4094 1.5621 11.9621
Cyclist -1 -1 -2.9393 497.8179 175.3780 521.4454 197.9198 1.6537 0.5165 1.6595 -7.4398 1.8416 53.3089 -3.0780 1.5511
Pedestrian -1 -1 -0.5173 955.7799 184.7052 990.6909 240.4126 1.6838 0.6017 0.7641 11.1562 2.0552 22.2635 -0.0528 -0.3008
Car -1 -1 -1.5937 576.4467 176.0625 627.0769 223.5168 1.5656 1.6943 4.4025 -0.4036 1.6930 26.3356 -1.6090 9.8435
Cyclist -1 -1 -2.0807 953.1439 183.2756 1001.0673 242.2272 1.7136 0.5216 1.7474 11.2049 2.0470 22.1676 -1.6126 0.5402
Pedestrian -1 -1 2.0878 162.4584 171.9939 183.1583 205.5509 1.6930 0.6170 0.7420 -22.3191 1.6500 36.7798 1.5424 -0.8415
Car -1 -1 2.0078 228.3173 181.0590 289.8905 208.3224 1.4583 1.6323 4.1010 -20.3216 1.9585 41.8944 1.5561 8.5739
Car -1 -1 1.6614 522.6618 177.6854 557.2007 205.6485 1.5632 1.6766 4.3332 -4.1822 1.8677 43.2545 1.5650 7.2295
Car -1 -1 2.1897 55.2041 176.3909 155.5262 217.2487 1.5665 1.5698 3.6478 -20.7661 1.7220 29.8100 1.5812 6.9678
Car -1 -1 2.0800 154.6001 178.4136 233.3017 211.3240 1.5457 1.6492 4.1515 -21.0734 1.8448 36.6764 1.5585 6.2180
Car -1 -1 2.3222 0.0000 186.7389 47.4788 237.1272 1.4549 1.5826 3.7180 -20.8413 1.9486 23.7511 1.6020 1.9712
Car -1 -1 -1.4672 502.5068 175.8647 528.8850 197.4196 1.5640 1.6099 3.7288 -7.1496 1.8007 54.7614 -1.5970 0.4690
