Car -1 -1 -1.6030 570.8312 179.9154 623.5070 231.1849 1.6063 1.6941 4.3612 -0.5745 1.8774 25.4392 -1.6256 10.8080
Cyclist -1 -1 -2.0330 885.7854 184.2642 920.9150 231.8626 1.7182 0.5091 1.7369 11.0582 2.1651 27.3532 -1.6488 -0.1039
Pedestrian -1 -1 1.0107 1055.8894 189.2017 1093.2207 246.2636 1.6797 0.6212 0.7984 14.0254 2.1847 21.8696 1.5810 0.5571
Car -1 -1 -0.7139 1134.5693 202.4099 1225.5846 233.6029 1.4429 1.5136 3.3769 28.1985 2.9436 35.7898 -0.0465 6.4484
Car -1 -1 1.6722 518.4791 183.3779 549.7624 208.9919 1.4550 1.5612 3.4894 -4.6402 2.1251 44.1682 1.5675 5.1153
Car -1 -1 1.9479 302.0910 182.7367 344.6414 204.3832 1.4582 1.5646 3.8320 -20.7373 2.2008 52.2707 1.5702 4.1683
Car -1 -1 -0.6500 1035.3615 199.7729 1139.4875 231.8338 1.4525 1.6307 4.0889 23.2281 2.8030 35.2339 -0.0671 4.0577
Car -1 -1 2.1422 117.1008 181.2157 203.7050 215.3950 1.4724 1.6089 3.8997 -21.1122 1.8896 34.0031 1.5866 3.5013
Car -1 -1 2.0716 198.0931 180.7719 263.0250 209.6734 1.4989 1.5940 3.7843 -21.1807 1.9632 40.3678 1.5884 3.2519
Car -1 -1 1.9782 252.5414 181.5460 304.4665 206.8847 1.5274 1.6380 3.9353 -21.4808 2.1160 46.8400 1.5483 0.6953
Car -1 -1 -1.9635 821.7492 192.1137 869.8282 217.4443 1.4614 1.5962 3.8419 15.1391 2.7587 46.6092 -1.6494 -0.3770
Car -1 -1 -2.0115 860.7738 186.8570 945.3290 231.1100 1.5773 1.6311 3.8774 11.6080 2.1781 28.9539 -1.6302 -0.8471
