Car -1 -1 -1.5430 568.7863 179.1817 621.2652 230.6300 1.6357 1.7067 4.1792 -0.5169 1.8785 25.5485 -1.5632 10.1979
Cyclist -1 -1 -2.0201 896.9486 187.5489 934.0131 237.8571 1.7373 0.5180 1.7868 11.0902 2.2928 26.3486 -1.6217 2.0473
Pedestrian -1 -1 0.7374 1102.1524 191.4774 1149.1081 255.5281 1.6902 0.6324 0.8409 14.0882 2.2139 19.7938 1.3560 0.9939
Car -1 -1 1.6775 509.1116 182.3063 543.8887 211.4430 1.4922 1.5481 3.4627 -4.6017 2.0370 39.8159 1.5624 7.8537
Car -1 -1 2.0072 240.2107 180.8195 293.9239 207.5585 1.5521 1.5638 3.7924 -21.3096 2.0693 44.9138 1.5642 7.7194
Car -1 -1 1.9468 287.4950 184.3676 332.7097 207.5375 1.4846 1.6275 3.7597 -20.7556 2.3132 50.0063 1.5534 5.9464
Car -1 -1 1.6798 543.3789 181.8765 568.4064 200.3969 1.4945 1.7150 4.1905 -4.6666 2.3020 62.4156 1.6052 5.2735
Car -1 -1 -0.7518 1168.9253 204.7884 1241.0000 237.7820 1.4276 1.5131 3.2698 28.2538 2.9567 33.6938 -0.0540 4.7432
Car -1 -1 1.9790 172.3501 180.7462 239.6120 213.0206 1.5739 1.6300 4.0821 -21.4016 2.0166 38.3292 1.4697 4.5902
Car -1 -1 2.4676 1064.5248 200.7609 1166.9782 234.9106 1.4514 1.5838 3.6559 23.0844 2.7655 33.0556 3.0772 4.1950
Car -1 -1 2.1330 85.8272 182.9864 176.3818 218.9278 1.4502 1.5879 3.7705 -21.2188 1.9279 32.0861 1.5487 2.6151
Car -1 -1 -1.5272 514.6481 174.5146 534.6312 192.1564 1.4975 1.5819 3.9580 -7.5243 1.6491 63.6595 -1.6448 -0.1121
