Car -1 -1 -1.5721 546.3060 174.3379 613.4705 238.8686 1.6852 1.7662 4.5882 -0.9434 1.7341 21.2791 -1.6164 10.5702
Cyclist -1 -1 -2.5039 774.8889 180.8132 802.4834 207.8647 1.6622 0.5603 1.6930 11.2656 2.1754 45.6537 -2.2620 0.0723
Pedestrian -1 -1 -0.2528 786.2415 180.2364 802.2966 207.7294 1.7094 0.6347 0.8452 11.5465 2.1770 45.3492 -0.0035 -0.2626
Car -1 -1 2.0007 267.9763 169.0309 309.6080 188.4168 1.5183 1.6073 3.8911 -25.9953 1.2192 58.4623 1.5823 1.6103
Car -1 -1 -2.4475 1075.2903 144.7034 1216.0475 191.7368 1.5317 1.6255 3.8456 18.7687 0.6153 25.5575 -1.8141 0.6864
Car -1 -1 -2.0740 182.8582 151.6426 234.3564 172.9124 1.5244 1.6315 3.9452 -29.7743 0.0045 53.4475 -2.5823 0.4128
Car -1 -1 -1.8569 783.5351 177.1960 837.4547 209.8329 1.5685 1.6216 3.9337 10.2222 1.8045 37.1808 -1.5886 0.3777
Car -1 -1 2.2407 834.5563 185.7677 878.5580 204.6482 1.4561 1.5666 3.5515 20.3110 2.5500 59.4783 2.5698 0.2651
Car -1 -1 -1.8964 754.1795 180.9227 798.2230 205.3532 1.5045 1.6381 4.0297 10.9441 2.0638 47.8970 -1.6718 -0.3917
Car -1 -1 -2.6529 1066.5645 144.7924 1198.3675 187.5958 1.4953 1.5895 3.7135 19.5487 0.5153 27.2196 -2.0300 -0.5463
Car -1 -1 1.7659 408.2899 182.1756 460.2970 216.3340 1.4811 1.6504 4.1111 -8.3686 1.9544 34.5127 1.5280 -0.6990
