Car -1 -1 2.1463 90.1969 183.2012 186.2419 220.1209 1.4833 1.6160 4.0914 -20.9471 1.9745 32.1805 1.5692 10.8604
Cyclist -1 -1 2.2558 0.0000 177.2871 39.7969 231.8803 1.7537 0.5718 1.7868 -20.1699 1.9084 24.2169 1.5613 0.6414
Pedestrian -1 -1 2.7792 860.6268 182.5053 879.3742 212.7457 1.7219 0.6148 0.8538 14.9524 2.2830 41.5985 3.1243 0.5573
Car -1 -1 1.9298 220.7928 185.9753 419.7638 317.6998 1.5511 1.5531 3.4545 -4.0606 1.7753 10.5721 1.5631 10.5296
Cyclist -1 -1 -2.1752 991.6344 188.0200 1052.5157 254.2331 1.7037 0.5389 1.7764 11.2757 2.1413 19.8880 -1.6594 -0.6955
Pedestrian -1 -1 1.5556 610.1379 176.6886 628.0366 225.8645 1.6734 0.6068 0.6832 0.2654 1.8082 24.9469 1.5662 -0.1208
Car -1 -1 1.6833 500.0847 182.0434 546.9368 217.2294 1.4632 1.6691 4.3572 -3.9637 1.9159 33.3264 1.5649 10.1926
Pedestrian -1 -1 2.5421 1074.5523 195.3784 1100.8665 233.9993 1.7314 0.6122 0.7975 21.8193 2.7725 33.0215 3.1260 -0.1483
Car -1 -1 -1.5641 579.1680 178.2823 629.5591 226.1279 1.6015 1.7216 4.3806 -0.2425 1.8203 26.8393 -1.5732 9.9986
Car -1 -1 2.2659 0.0000 183.3817 87.3392 230.9981 1.4952 1.6092 3.9050 -20.7401 1.8961 25.4840 1.5828 7.8115
Car -1 -1 2.0629 184.8540 182.7665 255.0791 213.5308 1.4575 1.5789 3.8162 -20.1201 1.9969 37.3216 1.5685 7.3080
Car -1 -1 1.6865 552.8708 178.8866 573.8006 194.9418 1.4654 1.5830 3.7480 -4.4667 2.0603 69.2018 1.6220 3.8834
Car -1 -1 1.9954 234.2175 187.0684 301.4130 220.2557 1.4476 1.5704 3.6505 -16.4975 2.1714 34.8836 1.5536 0.7558
