Car -1 -1 -1.5578 571.5470 177.3026 624.6036 226.1950 1.5854 1.7520 4.6836 -0.4486 1.7616 26.1667 -1.5749 9.6629
Cyclist -1 -1 -2.9027 499.6111 173.1348 523.3342 195.3034 1.7246 0.5368 1.7638 -7.7373 1.7471 56.4947 -3.0388 1.8241
Pedestrian -1 -1 -1.4167 839.0688 188.1210 853.6001 219.1566 1.6455 0.6424 0.7586 12.8104 2.4858 39.2115 -1.1009 -0.1581
Car -1 -1 1.7284 470.6558 181.3510 524.4539 222.8664 1.4593 1.5282 3.4201 -4.3079 1.8069 27.7734 1.5745 9.1233
Cyclist -1 -1 -2.0277 929.1633 187.6493 970.9926 242.1412 1.7016 0.5266 1.7598 11.1922 2.2101 23.8934 -1.5896 1.7429
Car -1 -1 2.1494 107.1880 179.2407 198.3365 214.6945 1.4944 1.5958 4.0243 -20.9316 1.8063 33.1650 1.5864 9.0845
Car -1 -1 2.3480 1150.5919 201.6928 1241.0000 243.3913 1.4661 1.6545 4.3165 23.4836 2.6187 27.8029 3.0494 6.8759
Car -1 -1 2.0576 193.8401 179.5432 256.7868 208.5193 1.4882 1.5420 3.6207 -21.1262 1.8735 39.7041 1.5686 6.7217
Car -1 -1 2.0149 256.7790 181.4895 309.8239 206.7452 1.4701 1.5768 3.7270 -20.4137 2.0335 45.1611 1.5903 5.6116
Car -1 -1 1.6850 533.8816 179.6802 563.9803 202.6103 1.4999 1.6383 4.1742 -4.2656 1.9986 50.5616 1.6008 5.5118
Car -1 -1 2.2619 0.0000 182.1373 107.4784 225.7522 1.4637 1.5707 3.8235 -20.9846 1.8360 26.9704 1.6007 2.4079
Car -1 -1 -0.6676 1059.6852 194.8977 1159.4246 224.4960 1.4930 1.6716 4.3007 26.7871 2.7088 38.8094 -0.0635 -0.7179
