Car -1 -1 -1.5783 567.7915 178.5016 621.6056 230.5435 1.6318 1.7254 4.4383 -0.6050 1.8482 25.3534 -1.6022 9.7522
Cyclist -1 -1 -2.1070 879.2358 185.3852 917.3800 232.3531 1.7167 0.5334 1.7645 11.0325 2.2152 27.7701 -1.7288 -0.3563
Pedestrian -1 -1 0.9620 1033.8136 190.0741 1066.5241 243.0618 1.6395 0.6017 0.6869 13.9301 2.1955 22.9191 1.5082 1.4675
Car -1 -1 -0.6948 1121.9617 199.6401 1216.2199 230.0214 1.4534 1.5524 3.6608 28.4692 2.8531 36.8462 -0.0370 5.0957
Car -1 -1 1.6741 525.0072 181.5347 554.1398 205.5270 1.4588 1.5356 3.4717 -4.5711 2.0440 46.8676 1.5769 5.0746
Car -1 -1 2.0461 208.6792 179.9713 270.5277 208.7514 1.5367 1.5917 3.8005 -21.1894 1.9639 41.3656 1.5727 4.7961
Car -1 -1 1.9346 307.6929 182.7690 348.4312 204.1339 1.4700 1.5465 3.8240 -20.8166 2.2297 53.3402 1.5626 3.0219
Car -1 -1 1.9581 260.4165 180.3258 309.2379 206.1301 1.6017 1.6113 3.8718 -21.5451 2.1183 47.8839 1.5353 2.9065
Car -1 -1 2.5159 1023.1268 198.2971 1120.6078 229.3034 1.4510 1.5606 3.9447 23.0409 2.7566 36.1213 3.0837 2.8796
Car -1 -1 1.9727 128.5057 179.8017 201.1141 214.6744 1.5583 1.6257 3.8502 -21.5767 1.9158 35.0703 1.4211 1.7193
