Car -1 -1 -1.5812 553.0158 175.3978 614.6943 236.6334 1.6813 1.7120 4.3697 -0.8812 1.7678 22.2175 -1.6208 10.2433
Cyclist -1 -1 -2.0100 828.7982 183.8410 851.6326 214.5522 1.6424 0.5495 1.6660 12.7357 2.2660 40.0635 -1.7022 1.1063
Pedestrian -1 -1 0.9830 1082.0224 180.6780 1117.8355 235.9260 1.6114 0.6131 0.6691 14.5278 1.8483 21.4741 1.5778 0.4861
Car -1 -1 2.6760 868.9056 188.9985 923.9302 209.4688 1.4491 1.5258 3.4713 21.1602 2.6655 53.4305 3.0530 3.6811
Pedestrian -1 -1 0.9330 1098.1011 184.3524 1138.6362 241.6562 1.5980 0.6240 0.7501 14.4974 1.9337 20.6554 1.5449 0.1788
Car -1 -1 1.8730 304.5138 177.2775 341.6472 198.7337 1.6168 1.6323 3.9658 -22.7374 1.9806 57.2461 1.4950 2.3296
Car -1 -1 1.9082 328.7003 177.3790 363.6766 194.7716 1.4640 1.6278 4.1526 -23.3368 1.8783 63.9059 1.5581 1.6842
Car -1 -1 1.7039 486.0367 162.8305 539.9114 211.4871 2.3014 1.9798 5.8168 -4.9093 1.8277 37.0355 1.5721 0.9658
Car -1 -1 -1.7374 825.5684 183.3481 867.0164 213.5118 1.5940 1.6346 3.9233 13.5377 2.2297 41.6217 -1.4230 0.7520
Car -1 -1 -2.0239 145.6934 150.0272 199.0756 172.4161 1.4660 1.5980 3.7954 -29.7676 -0.0304 49.0069 -2.5697 0.7280
Car -1 -1 1.7099 457.4888 183.0785 491.9187 207.7612 1.4660 1.6520 3.9482 -8.7085 2.1542 46.5282 1.5249 0.3830
Car -1 -1 -1.8713 805.9508 183.3225 861.4059 217.0792 1.5225 1.5960 3.6134 10.8895 2.0638 35.4713 -1.5734 -0.0803
Car -1 -1 -1.8831 54.8130 174.8393 120.5711 206.1215 1.4651 1.5741 3.6985 -25.9284 1.5685 35.7347 -2.5108 -0.4439
