Car -1 -1 -1.5524 562.8881 177.9029 618.3928 233.1273 1.6949 1.7354 4.4918 -0.6705 1.8846 24.8072 -1.5794 11.5918
Cyclist -1 -1 -1.9794 862.4969 182.5794 894.3280 227.0436 1.7358 0.5496 1.7888 10.9028 2.1457 29.4704 -1.6251 1.0930
Pedestrian -1 -1 1.0651 966.9563 187.3788 994.8576 233.7999 1.6897 0.6236 0.7828 13.7857 2.2400 26.9139 1.5385 0.0341
Car -1 -1 1.6648 531.6223 181.6748 555.2727 200.9427 1.4102 1.5178 3.4268 -5.1714 2.1172 56.0899 1.5729 6.1055
Pedestrian -1 -1 0.6736 225.8929 179.5448 252.7551 220.1171 1.6754 0.6161 0.7923 -15.6031 1.9602 30.2970 0.1980 -0.6097
Car -1 -1 2.5629 982.8005 197.3051 1063.5998 224.7071 1.4349 1.5292 3.6691 22.9572 2.8276 40.2110 3.0817 4.9858
Car -1 -1 1.9425 282.2658 181.5526 327.1342 203.5823 1.4718 1.6075 4.0568 -21.9136 2.1222 51.8714 1.5428 3.4728
Car -1 -1 2.0990 170.3933 181.5075 242.6945 212.1186 1.5160 1.6423 3.9218 -21.6495 2.0057 38.8246 1.5903 2.5200
Car -1 -1 2.4931 1061.6468 195.2539 1145.3968 226.0230 1.6486 1.6381 3.6749 27.8936 2.9467 40.8908 3.0917 1.6071
Car -1 -1 2.0623 191.0846 179.8524 277.9190 217.5344 1.4831 1.6237 4.0090 -16.1385 1.8053 31.1602 1.5844 1.3629
