Car -1 -1 -1.5890 567.5789 172.4497 632.1223 234.1741 1.6716 1.7512 4.4625 -0.4037 1.6611 21.8001 -1.6075 11.5795
Pedestrian -1 -1 1.8350 804.0312 165.5813 814.6448 188.1700 1.6712 0.6036 0.6934 14.8469 1.1335 53.8319 2.1041 0.5065
Car -1 -1 -1.0085 70.7304 175.0242 157.1677 211.0045 1.4680 1.5166 3.4010 -21.5078 1.5679 31.3731 -1.6094 7.2018
Pedestrian -1 -1 -1.9267 906.3167 136.9892 932.5182 187.8782 1.8154 0.6765 0.6765 11.1397 0.5363 26.0915 -1.5232 0.0983
Car -1 -1 -0.9192 0.0000 175.8246 43.0347 225.4058 1.5237 1.5509 3.6653 -21.2509 1.6318 24.2777 -1.6382 5.5422
Pedestrian -1 -1 -3.3718 774.8571 170.7568 787.6091 197.8417 1.7295 0.6502 0.6664 10.9767 1.5959 46.3955 -3.1395 -0.3462
Car -1 -1 -1.0770 209.3837 162.2668 263.1958 188.3311 1.7182 1.6585 3.8352 -25.5948 1.0207 49.4940 -1.5542 0.6933
Car -1 -1 -1.6163 788.2087 154.6568 808.9401 172.2883 1.4993 1.5776 4.1481 16.5925 -0.0513 63.6855 -1.3615 0.0013
Car -1 -1 -0.9173 0.0000 174.2941 74.1834 212.0470 1.4699 1.5628 3.7371 -24.5430 1.5342 30.1258 -1.6010 -0.0014
Car -1 -1 -0.7274 95.3145 168.4258 180.5675 196.1392 1.4936 1.6123 3.9959 -26.7746 1.2553 41.0239 -1.3056 -0.5829
