Car -1 -1 1.8272 356.9999 182.9179 470.8015 265.1282 1.5258 1.5335 3.4164 -4.1339 1.7665 15.5190 1.5669 11.6613
Cyclist -1 -1 -2.1339 972.0621 186.0610 1024.9124 248.2636 1.7074 0.4821 1.7763 11.2775 2.1103 21.0893 -1.6428 1.3545
Pedestrian -1 -1 -1.3450 1044.8640 193.9725 1064.3587 230.4755 1.7363 0.6719 0.7112 21.7600 2.7863 35.3722 -0.7935 -0.1330
Car -1 -1 -1.5458 576.9324 178.2653 627.9281 225.0945 1.5444 1.7209 4.5975 -0.2663 1.7619 26.6387 -1.5558 9.3478
Pedestrian -1 -1 1.8340 439.5304 182.9487 472.4043 252.0748 1.5574 0.5864 0.6941 -3.6122 1.7968 16.7208 1.6212 -0.5426
Car -1 -1 2.1268 125.0102 180.3876 210.7318 214.9397 1.5054 1.5945 4.0189 -20.9573 1.8853 34.3295 1.5788 9.2635
Car -1 -1 1.6913 512.9303 180.2749 553.7186 210.2184 1.4556 1.6518 4.2599 -4.0444 1.8717 38.2765 1.5860 9.1496
Car -1 -1 2.2305 9.4627 181.2374 126.2595 223.6084 1.4784 1.5884 3.8313 -20.8286 1.8250 27.8660 1.5887 7.0273
Car -1 -1 2.0450 206.5643 179.8930 274.0228 210.2142 1.5439 1.6377 4.0405 -20.2823 1.9512 39.6960 1.5727 6.2724
Car -1 -1 2.2750 0.0000 176.2969 20.0574 223.2832 1.5113 1.5939 3.7183 -23.0601 1.6417 25.3657 1.5371 -0.4349
Car -1 -1 -1.5378 558.9224 184.9959 581.9634 206.4582 1.4658 1.5792 3.7529 -2.9199 2.3952 53.3114 -1.5925 -0.5223
