Car -1 -1 1.7380 456.0556 178.5025 522.0370 226.7205 1.5400 1.6527 4.0144 -4.2315 1.7559 25.5226 1.5737 12.0156
Cyclist -1 -1 -1.5647 652.6847 171.0199 666.5601 212.6884 1.7654 0.5869 1.7657 2.1274 1.6881 31.4694 -1.4972 2.3851
Pedestrian -1 -1 -0.0808 650.8155 173.0177 670.1311 211.9913 1.6757 0.6418 0.7868 2.1481 1.6832 31.3478 -0.0124 1.7195
Car -1 -1 2.1050 0.0000 168.9925 346.1283 374.0000 1.6767 1.6697 4.1501 -3.6766 1.6577 5.7231 1.5340 10.5994
Car -1 -1 -1.5298 583.6851 174.1455 623.2215 212.3964 1.6845 1.6981 3.9884 -0.2932 1.7493 33.9303 -1.5385 7.0311
Car -1 -1 -1.0011 125.7624 178.9565 207.7905 212.9442 1.4390 1.5414 3.5103 -20.1843 1.7330 32.9521 -1.5507 5.5613
Car -1 -1 1.6472 552.5347 177.4021 573.0942 193.9167 1.4708 1.6165 4.0111 -4.3968 1.9086 67.3801 1.5820 5.1769
Car -1 -1 -1.1654 301.6699 177.3064 345.1133 199.2450 1.4730 1.5798 3.5540 -20.2243 1.7991 50.9726 -1.5431 2.7052
Car -1 -1 2.3053 761.8054 178.1232 812.8567 199.9164 1.4608 1.5417 3.4986 12.4601 1.8437 50.7640 2.5460 0.6895
Car -1 -1 -1.6247 654.5173 177.4566 695.1894 213.8791 1.5371 1.6266 3.9284 2.8651 1.7602 32.9394 -1.5380 0.3752
Car -1 -1 1.7051 528.2565 177.9683 561.0524 203.3873 1.4571 1.5125 3.6914 -3.9762 1.7826 43.9919 1.6149 0.3692
Car -1 -1 1.0906 1129.0704 206.2223 1207.3613 240.1336 1.4750 1.5715 3.9399 28.9004 3.3080 37.5467 1.7467 0.3315
Car -1 -1 -1.5350 556.5521 183.9176 581.4363 206.9533 1.4778 1.5901 3.9401 -2.8469 2.2781 50.1798 -1.5917 0.2215
Car -1 -1 1.4069 734.4632 177.3801 770.3735 201.6123 1.4853 1.6335 4.1680 9.2175 1.7945 47.1189 1.6001 0.0429
Car -1 -1 1.7782 777.9874 180.0660 822.9783 210.1790 1.4720 1.5750 3.7210 10.1027 1.8748 38.2493 2.0364 -0.1902
