Car -1 -1 -1.4995 530.8457 171.6858 560.9657 196.1737 1.4898 1.6386 3.8794 -3.7186 0.9549 44.9590 -1.5821 6.0520
Cyclist -1 -1 -0.0898 566.0962 167.9239 591.0610 191.6664 1.7365 0.5739 1.7940 -1.9431 0.8180 52.1053 -0.1271 4.0887
Pedestrian -1 -1 0.1884 457.5291 172.3477 471.8373 197.9283 1.7754 0.6336 0.8780 -9.7949 1.2109 49.3860 -0.0074 0.9235
Car -1 -1 2.6574 871.1874 146.0796 983.3848 181.3237 1.4753 1.6167 4.1287 13.8379 0.0360 30.5186 3.0831 5.0944
Cyclist -1 -1 -0.1071 616.7379 164.9565 643.8722 189.3992 1.7053 0.7058 1.8423 1.7791 0.6222 49.7422 -0.0713 2.9461
Pedestrian -1 -1 1.1915 72.1946 187.0224 98.7316 230.0998 1.6597 0.6119 0.7380 -20.4757 1.9222 27.8295 0.5572 0.8299
Car -1 -1 1.0731 186.4186 151.3861 246.6444 176.1241 1.4753 1.6163 3.9865 -24.4928 -0.2852 44.5389 0.5703 1.6047
Cyclist -1 -1 -1.2337 402.8720 176.4344 423.2429 208.4864 1.7286 0.5360 1.7580 -10.5924 1.5108 39.0233 -1.4987 2.2442
Pedestrian -1 -1 -0.4719 927.0983 141.1275 961.6637 192.6220 1.6544 0.6550 0.8053 11.0274 0.3910 23.0486 -0.0256 0.4253
Car -1 -1 -2.1835 1106.1750 122.3668 1223.0000 180.4899 1.6102 1.6746 4.3887 17.7252 0.0012 21.8315 -1.5015 0.0975
Cyclist -1 -1 -0.1096 454.3336 173.9491 479.8459 198.6034 1.7072 0.5952 1.6979 -9.6510 1.2549 49.4912 -0.3022 1.8871
Pedestrian -1 -1 0.8439 400.8039 173.7713 421.0086 205.2773 1.7048 0.6467 0.8804 -10.6521 1.3421 38.7637 0.5757 0.2155
Cyclist -1 -1 -0.0949 583.8997 171.8734 608.2761 195.3185 1.6725 0.5463 1.7068 -0.6379 1.0584 50.7981 -0.1075 -0.5775
Pedestrian -1 -1 1.0364 989.2022 138.8177 1025.2814 199.2685 1.6422 0.5982 0.6900 11.0831 0.5114 19.5534 1.5521 -0.3355
Pedestrian -1 -1 -3.1852 515.8476 169.2009 526.8089 190.5224 1.7011 0.6501 0.8464 -6.7101 0.8008 56.7936 -3.3028 -0.6689
