Car -1 -1 -1.3504 386.4416 177.2756 500.7928 255.0227 1.4490 1.5772 3.7295 -3.3242 1.3905 15.0394 -1.5680 12.9299
Cyclist -1 -1 -0.2722 973.1247 139.7410 1057.3887 209.8267 1.7546 0.5468 1.7927 10.4879 0.7358 18.1837 0.2509 7.0379
Pedestrian -1 -1 0.5084 212.2255 177.6247 250.0536 230.4347 1.7405 0.6388 0.9244 -12.5168 1.6472 23.6264 0.0212 3.5872
Car -1 -1 -0.6635 1096.9411 147.9785 1223.0000 184.8990 1.5755 1.6643 4.4041 24.3381 0.1892 31.0037 0.0020 9.9900
Cyclist -1 -1 -0.5088 731.4162 159.3522 773.1442 198.7747 1.8016 0.5668 1.8580 6.8273 0.8366 32.8552 -0.3039 5.4025
Pedestrian -1 -1 0.5169 223.6225 177.7164 259.7289 228.6538 1.7240 0.6321 0.9094 -12.4905 1.6314 24.2607 0.0414 3.4430
Car -1 -1 -0.5489 997.4086 156.7165 1110.2715 191.2381 1.4581 1.6245 3.8561 19.4036 0.4550 30.6992 0.0147 3.3827
Cyclist -1 -1 -0.3410 287.5400 168.3682 362.3814 236.1358 1.7673 0.5777 1.8064 -7.6404 1.4525 19.2466 -0.7189 5.0938
Pedestrian -1 -1 0.4051 276.1050 174.5116 317.0813 233.7805 1.7291 0.6387 0.9381 -9.1619 1.5559 20.9447 -0.0073 3.0868
Car -1 -1 1.7385 477.1816 172.5990 506.0208 191.9822 1.4737 1.6198 3.8845 -8.8833 0.8743 55.7030 1.5803 1.7438
Cyclist -1 -1 -0.4343 895.3592 146.2666 961.9223 200.9319 1.7813 0.6879 1.8873 10.6600 0.6673 23.3842 -0.0066 4.7142
Pedestrian -1 -1 0.0805 542.2461 163.1873 572.9386 219.4996 1.7328 0.6617 0.9081 -1.5061 1.2016 22.0883 0.0125 2.3601
Car -1 -1 -3.5427 915.4505 158.0660 988.9132 184.8562 1.6832 1.6770 3.8820 22.2251 0.2750 45.3601 -3.0871 0.9248
Cyclist -1 -1 -1.1583 336.1395 175.9191 354.3502 201.4053 1.7299 0.5136 1.7794 -17.9488 1.4203 48.8903 -1.5101 1.8818
Pedestrian -1 -1 -0.4056 886.2676 135.9322 939.7455 223.0914 1.7702 0.6407 0.8311 6.3421 0.8667 14.6765 0.0023 2.1089
Car -1 -1 2.0087 221.3646 157.2349 274.5449 180.0554 1.4845 1.6330 4.1414 -24.2444 -0.0303 48.1659 1.5424 -0.3383
Cyclist -1 -1 -1.4123 835.4602 151.7164 861.1571 194.7292 1.7744 0.7509 1.8850 10.3747 0.5885 30.1707 -1.0811 1.8210
Pedestrian -1 -1 0.2696 401.4655 159.7988 434.0567 223.0845 1.7253 0.6418 0.7302 -5.2180 1.1625 19.5946 0.0093 1.0081
Car -1 -1 -3.6775 1019.2709 156.6622 1099.0609 180.1508 1.4781 1.6200 4.0499 29.1113 -0.0215 45.3953 -3.1073 -0.7401
Pedestrian -1 -1 0.1196 910.4668 144.8633 941.0404 196.9744 1.6776 0.6382 0.8463 10.5204 0.5319 23.2497 0.5445 0.5856
Pedestrian -1 -1 1.6612 531.5939 167.4048 540.9784 189.5598 1.5794 0.6113 0.6919 -4.9246 0.6472 50.7484 1.5645 -0.6280
