Car -1 -1 -1.3128 332.9595 178.6978 482.7654 276.2799 1.4471 1.5731 3.8239 -3.2987 1.4221 12.3941 -1.5729 14.3345
Cyclist -1 -1 -0.2521 1088.4985 128.4865 1200.8933 212.6527 1.7311 0.6461 1.8136 11.5027 0.6629 15.1853 0.3962 6.0862
Pedestrian -1 -1 3.6203 203.5499 169.8342 255.0379 240.6235 1.7919 0.6404 0.9889 -9.7084 1.5235 18.2185 3.1307 5.4817
Car -1 -1 1.7059 471.3279 168.2290 500.1057 188.6089 1.4619 1.6227 3.7571 -8.8311 0.5830 52.6175 1.5396 8.2031
Cyclist -1 -1 -0.5170 994.5501 137.0851 1069.4892 199.3495 1.7881 0.5771 1.8235 12.4008 0.5429 20.6110 0.0247 6.0344
Pedestrian -1 -1 -0.0688 561.1964 161.6197 596.7921 225.8932 1.7363 0.6904 0.9334 -0.7595 1.2279 19.4891 -0.1078 4.9239
Car -1 -1 2.5286 1036.6522 152.3662 1156.7396 190.5005 1.4656 1.5591 3.6712 19.3593 0.3858 27.9615 3.1342 1.9776
Cyclist -1 -1 -0.2692 282.9877 165.2203 365.7537 238.8557 1.7158 0.5892 1.7849 -6.8664 1.3614 17.2440 -0.6482 4.9265
Pedestrian -1 -1 0.7313 191.2733 173.5379 234.1986 233.8613 1.7913 0.6580 0.9379 -11.9102 1.5861 21.4160 0.2237 3.7019
Car -1 -1 -0.6855 1140.9336 147.1474 1223.0000 185.3894 1.4863 1.6435 4.1587 24.1799 0.1915 28.3399 0.0209 -0.7840
Cyclist -1 -1 -0.4080 787.6670 158.4511 832.6786 198.4833 1.7150 0.6208 1.7766 8.8845 0.7719 30.7043 -0.1263 3.4179
Pedestrian -1 -1 0.5937 179.2262 174.1247 223.0933 235.5597 1.7823 0.6486 0.9195 -11.9440 1.5989 20.8642 0.0738 3.0136
Car -1 -1 1.4573 729.3809 157.6364 757.7378 179.9636 1.5571 1.5913 3.8295 10.0350 -0.0392 51.3720 1.6502 -0.8397
Cyclist -1 -1 -1.4374 857.2936 152.7934 885.8789 198.4820 1.7162 0.7976 1.9203 10.3923 0.6770 27.5879 -1.0771 2.8955
Pedestrian -1 -1 3.5854 234.5765 170.8997 277.1480 232.3904 1.7121 0.6019 0.9101 -9.8984 1.4464 19.9896 3.1256 2.3953
Cyclist -1 -1 -1.2964 330.4822 171.8341 347.0876 198.3336 1.7664 0.5861 1.8240 -18.0838 1.1901 48.0588 -1.6563 1.0912
Pedestrian -1 -1 -0.5633 1014.0563 137.3006 1066.1948 205.7518 1.7011 0.6699 0.9064 10.9742 0.6291 17.9075 -0.0135 2.2541
Cyclist -1 -1 1.5948 566.8505 165.3495 575.7772 187.4901 1.6855 0.6496 1.7695 -2.5907 0.5334 54.7135 1.5475 -0.3535
Pedestrian -1 -1 -0.6389 1095.9633 129.6385 1155.2362 207.8407 1.6462 0.6587 0.7893 11.1492 0.5772 15.2111 -0.0064 0.3577
Cyclist -1 -1 1.6172 584.7133 167.8251 592.4695 188.1030 1.6625 0.5696 1.6707 -1.3443 0.6245 58.8038 1.5944 -0.4931
Pedestrian -1 -1 -0.4904 946.6306 122.6250 1022.3639 232.7214 1.8215 0.6776 0.9245 6.3980 0.8656 12.0325 -0.0016 0.2908
Cyclist -1 -1 0.1884 505.5067 163.2263 531.5633 188.3958 1.6743 0.5295 1.6629 -5.7858 0.5265 47.3473 0.0668 -0.6122
Pedestrian -1 -1 0.0903 510.7411 164.1519 523.4544 188.6396 1.6296 0.6045 0.7947 -5.8851 0.5430 47.3640 -0.0333 -0.5727
