Car -1 -1 -0.8399 0.0000 191.7296 298.7358 369.0000 1.4324 1.5546 3.8660 -3.1630 1.5202 3.4746 -1.5784 9.4355
Cyclist -1 -1 -0.2473 608.4929 154.3243 730.0571 271.4827 1.7889 0.6054 1.8314 0.9632 1.3909 11.2375 -0.1618 6.2937
Pedestrian -1 -1 -0.4103 869.0363 147.5135 968.6200 285.2477 1.7566 0.5990 1.0459 4.0663 1.3376 9.3129 0.0014 6.4017
Car -1 -1 1.7307 445.9491 170.2951 482.1267 195.2129 1.4778 1.6161 3.8153 -8.7000 0.8740 43.8641 1.5349 7.3753
Cyclist -1 -1 -1.6424 986.0294 151.3315 1023.4868 216.7672 1.6458 0.7395 1.6563 10.5067 0.9137 18.6846 -1.1302 4.6506
Pedestrian -1 -1 0.0796 511.1282 151.4426 603.0691 320.6632 1.8371 0.6583 0.9929 -0.5715 1.5234 8.0043 0.0083 5.8080
Car -1 -1 -0.7382 1113.2547 150.9079 1223.0000 187.8011 1.4438 1.6129 4.1290 23.1332 0.2872 28.5898 -0.0579 7.0994
Cyclist -1 -1 -1.2033 341.7144 172.9604 358.2249 196.7301 1.7660 0.5711 1.7882 -19.2529 1.2071 53.4257 -1.5492 0.8030
Pedestrian -1 -1 0.1068 496.5404 155.8449 581.3703 303.3807 1.7664 0.6543 0.9895 -0.8515 1.4729 8.7926 0.0103 4.4446
Car -1 -1 -1.7143 767.3062 156.1152 805.2773 183.9669 1.5969 1.6357 4.1315 10.8806 0.2002 42.6739 -1.4646 -0.7320
Cyclist -1 -1 1.5230 593.4416 166.6635 602.4681 189.3403 1.7009 0.6040 1.7376 -0.5331 0.6644 53.9140 1.5131 0.1014
Pedestrian -1 -1 0.6446 67.0771 173.7040 144.0236 276.1341 1.6189 0.6359 0.8021 -8.1548 1.5131 11.4986 0.0277 2.7618
Cyclist -1 -1 1.1672 833.5189 154.5398 856.6086 186.3069 1.6783 0.5490 1.7177 12.9564 0.3082 38.2268 1.4940 0.0489
Pedestrian -1 -1 0.6061 103.8393 171.0123 168.8048 268.4563 1.6196 0.5776 0.7231 -8.0175 1.4635 12.0421 0.0187 1.4678
Pedestrian -1 -1 1.0873 341.7526 173.4986 355.2139 196.6927 1.7239 0.6349 0.8337 -19.2449 1.2048 53.0629 0.7393 0.3786
Pedestrian -1 -1 0.0280 584.1498 165.4471 595.7245 188.4764 1.6112 0.6020 0.7988 -1.0537 0.5594 49.7671 0.0068 0.0091
