Car -1 -1 -0.8256 0.0000 205.7075 295.5827 369.0000 1.4312 1.5652 3.9260 -3.1686 1.6241 3.3875 -1.5776 10.9043
Cyclist -1 -1 -1.5702 991.4991 149.0024 1025.7894 216.3397 1.6835 0.7519 1.6425 10.5623 0.8976 18.5715 -1.0530 6.9812
Pedestrian -1 -1 -0.2278 610.4680 152.3132 709.4655 316.9384 1.7697 0.6534 0.9910 0.5549 1.4684 7.9965 -0.1585 6.1260
Car -1 -1 1.7360 445.8210 173.3982 483.1957 199.7782 1.5658 1.6363 4.0724 -8.6970 1.1456 44.0219 1.5410 8.6493
Cyclist -1 -1 -0.3693 794.5857 152.8569 921.9156 267.4488 1.8042 0.6083 1.8486 4.0359 1.3706 11.4593 -0.0307 6.2615
Pedestrian -1 -1 -0.0442 594.4223 156.6665 677.6849 305.3163 1.7444 0.6608 0.9779 0.3125 1.4664 8.6266 -0.0080 5.2092
Car -1 -1 -3.6492 993.3419 155.5448 1115.5631 194.5423 1.5252 1.6443 3.8556 18.0657 0.5507 28.5778 -3.0854 5.8408
Cyclist -1 -1 1.1424 848.8711 155.6744 875.1363 189.7178 1.7012 0.5876 1.7509 13.1396 0.4621 36.2241 1.4903 1.9620
Pedestrian -1 -1 0.5571 155.5847 167.2009 231.5334 275.2182 1.7547 0.6547 0.8867 -6.9096 1.5403 11.8205 0.0281 5.0841
Car -1 -1 -1.7808 765.0929 164.2654 807.0073 192.4035 1.6042 1.6491 3.8616 10.7608 0.6800 42.2675 -1.5315 2.4096
Cyclist -1 -1 -1.2242 355.0502 175.8634 368.7623 197.2312 1.7071 0.4899 1.7454 -19.6996 1.3379 57.3577 -1.5551 1.4816
Pedestrian -1 -1 -0.5572 986.9294 141.4002 1091.8667 287.2523 1.7540 0.6874 0.8889 5.3643 1.2854 8.8468 -0.0121 4.6525
Car -1 -1 -1.0597 98.2754 167.6756 143.1852 185.8876 1.4471 1.5459 3.4583 -39.6335 0.4293 57.9660 -1.6594 1.1758
Cyclist -1 -1 -1.4230 561.4952 173.6285 574.4527 200.4113 1.6958 0.5916 1.7130 -2.3841 1.2621 45.6444 -1.4752 1.4448
Pedestrian -1 -1 0.5801 114.3177 170.2947 192.9110 276.2449 1.6286 0.7154 0.7905 -7.1955 1.4734 11.2250 0.0100 2.6582
Car -1 -1 1.8823 318.5565 184.3974 361.5926 206.3151 1.4872 1.6666 4.3004 -19.0139 1.7813 50.9334 1.5250 0.5311
Cyclist -1 -1 1.7132 510.0338 169.0367 519.4813 189.0685 1.6999 0.5704 1.7171 -7.7438 0.7283 60.8584 1.5866 -0.1870
Pedestrian -1 -1 0.0095 562.1969 167.5834 575.1937 194.0239 1.6933 0.6322 0.8316 -2.3406 0.8674 45.6088 -0.0418 0.2622
