Car -1 -1 -0.8884 0.0000 202.4153 311.8475 369.0000 1.4137 1.5443 3.7866 -3.1726 1.5926 3.8095 -1.5829 10.2330
Cyclist -1 -1 -0.2949 524.5680 159.0851 642.3622 273.3713 1.7157 0.5988 1.7641 -0.3864 1.3958 11.1780 -0.3295 7.8266
Pedestrian -1 -1 -0.3024 811.2184 150.0278 899.2797 282.6038 1.7732 0.7502 0.9732 3.4132 1.3673 9.8420 0.0314 6.1414
Car -1 -1 1.7324 447.9825 168.5079 484.2415 195.1023 1.5936 1.6226 3.9285 -8.6652 0.8764 44.3529 1.5394 8.0379
Cyclist -1 -1 -1.5542 982.0829 146.0846 1011.2741 212.5109 1.7001 0.6592 1.7296 10.5063 0.8209 19.0051 -1.0492 2.7132
Pedestrian -1 -1 0.1898 460.2469 154.7252 543.4705 294.7566 1.7354 0.5914 0.9652 -1.3567 1.4176 9.0727 0.0414 5.3190
Car -1 -1 -0.8929 1163.8470 147.3583 1223.0000 184.5075 1.4738 1.6273 4.0425 25.5474 0.1605 29.1970 -0.1741 3.7566
Cyclist -1 -1 2.1905 113.9063 162.8896 150.2687 199.0596 1.7537 0.5955 1.7567 -23.5145 0.9013 35.1627 1.6011 1.1430
Pedestrian -1 -1 0.1611 464.2435 156.5469 553.9875 311.3098 1.7490 0.6491 0.9580 -1.1588 1.4800 8.3207 0.0227 5.1707
Cyclist -1 -1 1.7770 592.7732 169.9827 605.1350 192.4111 1.6944 0.6166 1.6964 -0.4475 0.9011 54.3014 1.7688 0.4035
Pedestrian -1 -1 0.6184 88.2367 168.8327 152.3917 262.7885 1.6124 0.5837 0.7274 -8.5531 1.4138 12.4265 0.0156 1.8852
Cyclist -1 -1 -1.1839 336.2958 173.0795 352.9852 196.5655 1.6822 0.5423 1.6970 -18.9483 1.1520 51.4966 -1.5365 -0.2812
