Car -1 -1 -1.4262 472.2333 172.6516 532.1522 219.0371 1.4770 1.5410 3.5407 -3.4851 1.2286 24.2802 -1.5687 12.0520
Cyclist -1 -1 -0.8558 321.3737 172.4466 368.4741 222.2422 1.7592 0.5750 1.8133 -9.5393 1.4762 25.9235 -1.2084 6.1849
Pedestrian -1 -1 -2.7512 441.9193 158.8425 465.2133 198.6394 1.7142 0.6276 0.8168 -6.6209 0.7828 30.8311 -2.9628 1.5825
Car -1 -1 -0.4164 898.4411 156.0071 991.4939 183.8577 1.5473 1.6907 4.4631 19.2580 0.1879 40.1891 0.0305 4.2125
Cyclist -1 -1 -0.2628 710.1341 158.8301 753.5529 198.8123 1.8185 0.5644 1.8831 5.8096 0.8343 32.5149 -0.0860 5.3295
Pedestrian -1 -1 0.2232 426.2632 164.2436 448.2250 203.8899 1.6010 0.6461 0.7495 -6.8698 0.9460 28.8744 -0.0104 1.4991
Car -1 -1 -2.1841 1074.4700 152.2146 1151.8234 179.3646 1.4826 1.6159 3.9833 29.1882 -0.0673 40.7707 -1.5628 2.4428
Cyclist -1 -1 -0.0992 773.0793 151.8788 821.9023 197.4381 1.7993 0.5916 1.8389 7.6840 0.6705 28.3625 0.1654 5.1497
Pedestrian -1 -1 0.1084 515.1513 164.4067 535.5342 203.5095 1.7229 0.6197 0.8403 -3.5599 1.0153 31.4592 -0.0042 0.9545
Car -1 -1 -0.5345 976.1687 152.5997 1065.7410 178.8082 1.4712 1.6400 4.1827 23.8400 -0.0978 40.6193 -0.0038 2.4410
Cyclist -1 -1 -0.5017 609.7662 161.9727 642.5911 193.8516 1.7797 0.5755 1.8093 1.1976 0.7468 40.1343 -0.4719 4.8003
Pedestrian -1 -1 0.3822 324.1114 172.4814 352.2408 219.6741 1.6878 0.6195 0.7792 -9.6836 1.4025 25.5992 0.0206 0.4929
Cyclist -1 -1 -1.3359 349.9131 174.0188 363.7516 198.0762 1.7597 0.5640 1.8295 -18.4649 1.2869 52.6518 -1.6732 1.0900
Pedestrian -1 -1 0.9826 415.9994 166.7215 439.1084 207.4280 1.7152 0.6326 0.7815 -7.6233 1.1361 30.2846 0.7360 0.4765
Pedestrian -1 -1 1.1168 300.8203 178.9415 322.3295 214.1865 1.6627 0.6425 0.8531 -14.0764 1.5906 33.8730 0.7229 0.1628
Pedestrian -1 -1 0.4716 239.3136 172.7327 259.0170 204.5992 1.7926 0.6370 0.7963 -20.1819 1.3570 40.0888 0.0052 -0.8182
