Car -1 -1 -1.3461 362.1251 176.6112 492.7215 267.2215 1.5097 1.6090 3.8763 -3.3105 1.4465 13.7229 -1.5828 13.8682
Cyclist -1 -1 -0.2308 286.1755 168.8742 362.5658 236.8572 1.6809 0.5763 1.7443 -7.2531 1.3950 18.2124 -0.6098 7.2125
Pedestrian -1 -1 0.0970 548.7413 160.9722 582.8231 221.6995 1.7594 0.6349 0.9465 -1.1811 1.1952 20.8166 0.0404 4.5663
Car -1 -1 1.7038 474.8170 169.8332 502.0467 189.4002 1.4421 1.5891 3.5902 -8.8464 0.6572 53.9235 1.5412 5.9446
Cyclist -1 -1 -0.3400 1028.2188 132.6252 1124.0780 209.6167 1.7558 0.5915 1.7795 11.0065 0.6656 16.6219 0.2449 6.3759
Pedestrian -1 -1 3.4019 245.1208 172.2802 287.9300 236.7892 1.7451 0.6722 0.9269 -9.3784 1.5243 19.5389 2.9544 4.3491
Car -1 -1 -0.6501 1118.2258 146.7173 1223.0000 184.2436 1.5219 1.6590 4.2324 24.1911 0.1533 29.5737 0.0355 5.2520
Cyclist -1 -1 -0.4797 944.6815 141.2085 1016.4010 199.4132 1.7799 0.6727 1.8676 11.6167 0.5799 21.9592 0.0068 5.0597
Pedestrian -1 -1 0.6730 209.0526 176.8956 247.1852 232.2021 1.7516 0.6456 0.8730 -12.1716 1.6390 22.7838 0.1824 3.9462
Car -1 -1 -3.6878 1009.8963 153.4077 1129.9744 190.0421 1.4799 1.6088 3.9089 19.2572 0.3870 29.4263 -3.1083 2.9021
Cyclist -1 -1 -0.5775 759.7295 155.0581 803.4122 195.7070 1.7950 0.6415 1.8595 7.9298 0.6730 31.8252 -0.3333 3.9552
Pedestrian -1 -1 0.4099 268.6366 174.3017 306.8745 232.4513 1.7259 0.5846 0.8920 -9.5742 1.5435 21.2780 -0.0129 2.3526
Car -1 -1 1.9289 157.7228 183.0747 240.0521 222.3879 1.4657 1.6150 3.9466 -16.3924 1.5793 28.7046 1.4100 2.8234
Cyclist -1 -1 -1.4254 845.2565 151.5318 871.9095 195.2483 1.7249 0.7675 1.8484 10.3517 0.5834 28.8885 -1.0813 2.6165
Pedestrian -1 -1 -0.3352 987.2409 143.6910 1030.8652 206.4579 1.6720 0.6404 0.8661 10.9405 0.6931 19.2230 0.1822 2.2105
Car -1 -1 1.0631 1055.2682 150.2256 1121.0434 175.2115 1.4919 1.6499 4.1699 30.8395 -0.3534 45.2743 1.6611 0.6206
Cyclist -1 -1 -1.2442 332.9285 175.3016 350.1896 200.8821 1.7127 0.5797 1.7322 -17.9512 1.3660 48.2088 -1.6007 -0.0734
Pedestrian -1 -1 0.2764 394.8405 154.3396 433.8288 223.7461 1.7635 0.6551 0.8282 -4.9620 1.1004 18.2925 0.0115 2.0701
Car -1 -1 -1.9878 944.3995 154.4133 998.9162 178.8391 1.4713 1.6048 3.9401 23.1932 -0.1088 44.8738 -1.5108 0.0184
Pedestrian -1 -1 0.4868 196.5967 179.0699 236.6831 231.2848 1.6127 0.6532 0.9019 -12.2004 1.5701 22.1667 -0.0163 2.0198
Pedestrian -1 -1 -0.4288 947.8400 143.4790 986.7848 197.2440 1.6410 0.6715 0.8740 11.1981 0.5126 21.9293 0.0433 0.8621
Pedestrian -1 -1 -1.6042 513.7176 164.8123 524.1611 188.9100 1.6443 0.6859 0.8293 -5.9284 0.5752 48.7023 -1.7253 0.4299
