Car -1 -1 -1.3929 433.9639 171.0994 517.4423 230.3235 1.4347 1.5693 3.6774 -3.3958 1.2085 18.9620 -1.5701 12.5313
Cyclist -1 -1 -0.5985 297.0281 165.8307 359.8343 225.4009 1.7852 0.5536 1.8376 -8.6511 1.3472 22.0988 -0.9716 6.1728
Pedestrian -1 -1 1.4604 530.3369 160.7996 550.6272 207.9875 1.7147 0.6645 0.7705 -2.4159 1.0003 26.1316 1.3682 4.0725
Car -1 -1 -0.4942 952.2333 157.4324 1045.4413 187.4936 1.4394 1.5886 3.6784 19.2439 0.3363 34.6677 0.0126 6.0102
Cyclist -1 -1 -0.1793 867.0346 142.2996 929.0293 196.9102 1.6992 0.5575 1.7460 9.2554 0.5122 22.4508 0.2118 5.5618
Pedestrian -1 -1 0.4911 348.6052 168.9036 381.2007 219.1152 1.7359 0.6315 0.8921 -8.4536 1.3365 24.8228 0.1629 2.1364
Car -1 -1 -0.5906 1040.0792 147.8917 1149.1219 180.2709 1.5604 1.6391 4.2336 24.1107 -0.0102 34.9304 0.0135 5.8895
Cyclist -1 -1 -0.5285 668.4926 157.8037 706.1253 193.9487 1.8031 0.6144 1.8408 4.1702 0.6723 35.9161 -0.4129 5.3714
Pedestrian -1 -1 0.2632 412.8773 158.9894 442.9183 211.8051 1.7386 0.6238 0.8402 -5.9330 1.0320 23.5883 0.0167 2.1286
Car -1 -1 1.7073 482.6911 168.1504 507.9368 186.3211 1.4749 1.5684 3.9981 -9.1626 0.4737 59.3977 1.5542 0.8056
Cyclist -1 -1 -0.3578 801.4661 149.5391 854.0167 197.0297 1.8055 0.5928 1.8383 8.5426 0.6299 27.2207 -0.0537 5.3695
Pedestrian -1 -1 -2.9051 434.2446 156.3043 458.8284 205.3361 1.7637 0.6420 0.7455 -5.7948 0.8949 25.7547 -3.1265 1.7142
Car -1 -1 2.2532 0.0000 149.8237 72.3743 180.3196 1.4545 1.5983 3.8000 -29.0927 -0.0082 35.6422 1.5687 0.1264
Cyclist -1 -1 3.1572 340.5776 170.5693 391.6434 219.8899 1.6989 0.5907 1.6849 -8.4255 1.3584 24.8893 2.8308 2.0986
Pedestrian -1 -1 0.1846 304.6297 168.3140 337.2449 224.8915 1.7147 0.6330 0.8334 -8.7896 1.3469 21.8155 -0.1985 0.9281
Car -1 -1 -1.9650 868.6931 159.4610 937.3185 191.7894 1.5079 1.6495 4.1641 14.6624 0.5280 35.0585 -1.5688 -0.2020
Cyclist -1 -1 1.5671 568.7115 166.0290 575.7876 185.6890 1.6791 0.6039 1.7166 -2.8225 0.4444 61.2550 1.5210 0.3747
Pedestrian -1 -1 1.8833 340.1289 170.1222 352.8174 194.8091 1.7282 0.6249 0.8050 -18.2412 1.0030 49.9052 1.5329 0.3574
Car -1 -1 1.9463 336.4348 183.8887 384.8171 208.5054 1.4827 1.6038 3.8895 -15.5275 1.7097 45.1043 1.6147 -0.3453
Cyclist -1 -1 -1.2343 338.0827 170.1238 354.8990 194.8845 1.7206 0.5886 1.7047 -18.2618 1.0009 49.9829 -1.5846 -0.0836
Pedestrian -1 -1 0.2545 414.1279 144.4311 436.8753 189.0645 1.5859 0.6111 0.6616 -6.4785 0.3058 25.4254 0.0050 0.1288
Pedestrian -1 -1 0.4508 249.0241 171.0012 279.0617 217.7398 1.8029 0.6352 0.8665 -13.3233 1.4380 27.5867 0.0008 -0.1187
Pedestrian -1 -1 -0.3133 825.4792 137.6924 865.6744 206.6997 1.7816 0.6417 0.8416 6.2764 0.6780 18.5751 0.0125 -0.5644
