Car -1 -1 2.5716 915.0527 148.2365 1047.4173 189.5485 1.4700 1.5955 4.1065 13.8167 0.3235 26.1199 3.0582 6.8504
Cyclist -1 -1 -0.0526 638.0834 167.0484 667.0431 195.0784 1.7791 0.5606 1.8182 3.0309 0.9267 45.1666 0.0144 6.0361
Pedestrian -1 -1 1.7127 472.6028 173.6585 489.2164 211.3976 1.6977 0.6624 0.6296 -5.6543 1.3914 32.1275 1.5384 2.0378
Car -1 -1 -1.4554 519.9229 174.5037 555.7036 202.4054 1.5147 1.6074 3.7696 -3.7889 1.1906 40.2800 -1.5491 6.0241
Cyclist -1 -1 -0.0734 585.8709 171.1374 613.1307 196.9882 1.7356 0.6459 1.8022 -0.3754 1.1083 47.8619 -0.0813 5.8334
Pedestrian -1 -1 -0.4357 901.8399 146.0399 935.1872 196.9257 1.6945 0.6857 0.8160 10.5585 0.5485 23.8912 -0.0195 1.7305
Car -1 -1 1.2997 142.6287 149.5538 197.2147 179.0737 1.5759 1.6257 3.9232 -24.5661 -0.0829 39.8573 0.7473 2.2979
Cyclist -1 -1 -1.2619 389.1202 181.2745 409.4562 216.0009 1.7334 0.4818 1.7894 -10.5424 1.7755 36.2281 -1.5451 4.2636
Pedestrian -1 -1 -0.5382 1004.1395 135.1174 1046.3583 199.1120 1.6557 0.6259 0.7375 11.0138 0.4831 18.6020 -0.0036 1.0677
Car -1 -1 -3.4833 814.7761 160.6597 895.4734 188.5061 1.4471 1.5988 3.7170 13.2260 0.4175 37.5431 -3.1445 2.1829
Cyclist -1 -1 -0.5090 819.0630 153.7593 856.4247 188.0497 1.6477 0.5745 1.6573 11.3092 0.3642 34.4089 -0.1915 -0.6950
Pedestrian -1 -1 0.1809 450.0593 173.5286 466.1246 202.8661 1.8416 0.6739 0.8892 -9.2923 1.4053 44.7251 -0.0239 0.2925
Car -1 -1 3.3478 401.7072 176.3570 495.5251 212.1052 1.6158 1.6452 3.9988 -7.2168 1.4300 32.7960 3.1312 -0.0517
Pedestrian -1 -1 0.1881 456.2727 177.2144 470.5230 203.6146 1.6969 0.6608 0.7960 -9.1663 1.4871 45.7764 -0.0095 0.2336
Car -1 -1 -1.6267 581.8548 177.2920 607.0934 198.9453 1.4637 1.5709 3.5011 -0.7645 1.2482 49.5916 -1.6421 -0.6375
Pedestrian -1 -1 -3.1657 507.6598 171.2226 520.4620 197.1081 1.6745 0.6502 0.8121 -5.9348 1.0757 46.1151 -3.2937 -0.7905
