Car -1 -1 -1.2282 222.1374 184.9803 448.5380 321.3429 1.3773 1.5292 3.5987 -3.2162 1.4478 9.0550 -1.5695 13.8570
Cyclist -1 -1 -0.5826 897.9556 149.5567 952.7369 194.2446 1.7292 0.7207 1.8799 12.5917 0.5334 27.8580 -0.1581 5.5296
Pedestrian -1 -1 3.7063 64.9196 176.7108 133.6629 263.0289 1.7571 0.6814 0.9511 -10.5805 1.6816 14.7552 3.0843 5.7991
Car -1 -1 1.6904 464.7019 168.5710 493.1086 190.2117 1.4546 1.5446 3.5135 -8.7562 0.6541 49.3162 1.5147 6.9925
Cyclist -1 -1 -1.4986 899.5107 145.1963 926.4319 200.1304 1.7980 0.7093 1.9168 10.5056 0.6441 24.1510 -1.0882 3.4466
Pedestrian -1 -1 0.2412 594.7077 157.0023 641.9495 237.5272 1.7784 0.6834 0.9386 0.2703 1.2611 16.0606 0.2580 4.6979
Car -1 -1 -0.6475 1091.0755 149.4069 1223.0000 192.6359 1.4544 1.6178 3.9051 19.4285 0.4098 24.6316 0.0203 6.7963
Cyclist -1 -1 -0.6651 1189.6693 136.7077 1223.0000 209.7361 1.7143 0.5573 1.7187 15.0757 0.6879 16.9243 0.0626 1.4882
Pedestrian -1 -1 3.5799 221.2405 170.8156 274.7883 247.3575 1.7356 0.6281 0.9283 -8.2874 1.5177 16.3560 3.1109 3.6649
Car -1 -1 1.8662 342.0608 179.9061 375.2656 198.0493 1.4694 1.5843 3.8189 -20.5646 1.4226 59.1984 1.5318 0.6910
Cyclist -1 -1 -0.0481 594.9540 158.8142 672.0264 235.2658 1.6853 0.5811 1.7009 0.5855 1.2089 15.8814 -0.0113 0.2446
Pedestrian -1 -1 0.5504 124.6283 179.2914 176.8811 252.8510 1.6850 0.6065 0.8331 -10.6336 1.6590 16.5038 -0.0220 3.3067
Car -1 -1 1.3462 702.4718 159.4044 730.7034 178.2681 1.6230 1.6011 4.2083 10.0025 -0.2061 63.4925 1.5025 0.3336
Cyclist -1 -1 2.0366 179.6556 158.5871 205.0419 188.5653 1.6837 0.5643 1.6824 -23.6685 0.4544 40.5625 1.5084 0.0278
Pedestrian -1 -1 0.3099 385.4188 154.7155 438.6141 251.5254 1.8138 0.6468 0.8300 -3.7398 1.3323 13.5822 0.0412 3.1582
Car -1 -1 -2.3765 1127.0473 147.1400 1213.5617 175.1686 1.4969 1.5633 3.8624 32.3007 -0.3196 40.5431 -1.7038 -0.3286
Cyclist -1 -1 -0.1732 296.4534 144.6560 392.1380 232.4509 1.7392 0.6285 1.7885 -5.4601 1.0308 14.7241 -0.5284 -0.7877
Pedestrian -1 -1 0.5374 150.3505 179.9098 197.2061 247.6517 1.7098 0.6131 0.8315 -11.1007 1.6965 18.1526 -0.0115 2.7740
Car -1 -1 -1.1648 889.0816 149.5880 973.2669 192.5880 1.6604 1.6720 4.1321 13.5417 0.4683 29.3000 -0.7319 -0.3441
Pedestrian -1 -1 -0.6434 1076.5414 112.7945 1187.3357 261.0420 1.7550 0.6741 0.8615 6.4168 0.9552 8.7061 -0.0082 1.0842
