Car -1 -1 -1.3848 426.1784 174.1463 513.7564 236.6937 1.4443 1.5519 3.6489 -3.3905 1.2992 18.1466 -1.5695 13.8274
Cyclist -1 -1 -0.1478 885.6850 143.2434 951.8520 201.4083 1.7355 0.5877 1.7799 9.5356 0.6254 21.6103 0.2678 6.4455
Pedestrian -1 -1 -2.7956 340.4358 170.6870 373.2737 222.0306 1.7280 0.6201 0.9006 -8.4834 1.3993 24.1042 -3.1340 3.5278
Car -1 -1 -0.4775 956.0306 156.2889 1064.9988 187.2185 1.4433 1.6421 4.2523 19.3580 0.3150 33.8980 0.0414 7.8980
Cyclist -1 -1 -0.5940 293.4189 168.7234 359.4507 230.7520 1.8043 0.5652 1.8744 -8.4741 1.4633 21.4940 -0.9696 5.9918
Pedestrian -1 -1 0.3274 528.0488 161.4900 558.2756 210.9756 1.7424 0.6531 0.9180 -2.2378 1.0746 25.3171 0.2393 3.2392
Car -1 -1 -0.5920 1047.1759 149.1381 1164.2399 182.9938 1.5945 1.6808 4.4367 24.1226 0.1189 34.1852 0.0225 4.8620
Cyclist -1 -1 -0.3733 820.0896 150.2531 874.6429 198.6231 1.7875 0.5786 1.8469 9.0341 0.6713 26.4540 -0.0443 5.5982
Pedestrian -1 -1 0.2453 412.2525 156.7113 441.2331 211.2318 1.7317 0.6276 0.7772 -5.7658 0.9777 22.7680 -0.0027 2.8601
Car -1 -1 1.6892 482.6484 169.5731 507.4721 187.8905 1.4713 1.6019 3.7973 -9.0806 0.5949 58.7139 1.5357 3.6994
Cyclist -1 -1 -0.5627 681.4209 157.4050 719.3253 194.1708 1.7990 0.5971 1.8381 4.7432 0.6704 35.2451 -0.4289 5.0065
Pedestrian -1 -1 0.4694 253.1107 175.9171 281.6602 220.7478 1.7146 0.6236 0.8026 -13.0849 1.5409 27.3587 0.0233 2.8493
Car -1 -1 1.8071 249.6996 157.1590 286.6441 178.3706 1.4624 1.5870 3.7194 -24.2999 -0.1587 51.1251 1.3634 1.7956
Cyclist -1 -1 -1.9452 407.6423 154.2824 445.6261 209.8803 1.7232 0.5924 1.7275 -5.7940 0.9122 22.7841 -2.1942 0.5257
Pedestrian -1 -1 3.3774 425.6804 159.1056 450.4744 210.6275 1.8024 0.6399 0.7269 -5.9375 1.0555 25.0506 3.1446 2.2288
Car -1 -1 -0.8654 0.0000 149.9174 57.8054 181.6381 1.4661 1.5714 3.7916 -29.0372 0.0541 34.5756 -1.5639 1.3179
Cyclist -1 -1 -1.3901 814.7746 153.4339 836.6160 193.0196 1.8041 0.6535 1.8834 10.3592 0.5720 33.2048 -1.0877 0.0805
Pedestrian -1 -1 -0.2882 824.3594 151.0853 854.3764 196.0568 1.6594 0.6326 0.9216 8.7240 0.5755 26.4140 0.0308 1.9571
Car -1 -1 -1.7470 715.7997 161.7061 744.7470 182.1814 1.5980 1.6214 4.0076 10.1053 0.1325 57.1833 -1.5721 -0.2022
Cyclist -1 -1 1.6291 568.3535 166.8334 576.1813 186.7558 1.6814 0.5729 1.7002 -2.7792 0.5292 60.5214 1.5832 -0.3306
Pedestrian -1 -1 0.6379 243.5408 175.3704 272.6480 220.4385 1.6781 0.6325 0.7606 -13.1243 1.4887 26.7020 0.1810 1.8221
Cyclist -1 -1 1.9704 336.9714 172.4510 354.5223 196.8869 1.6858 0.5426 1.6928 -18.1857 1.1318 49.6313 1.6192 -0.5115
Pedestrian -1 -1 -0.3689 838.2085 136.3111 879.3211 209.4857 1.8071 0.6685 0.7846 6.3437 0.7174 17.8002 -0.0266 0.1497
