Car -1 -1 -1.3775 419.3813 175.0927 512.4319 240.8766 1.4505 1.5705 3.6266 -3.3428 1.3329 17.4007 -1.5673 12.6203
Cyclist -1 -1 -0.5863 289.3307 169.1237 357.9505 232.7260 1.7945 0.5812 1.8768 -8.3151 1.4751 20.8808 -0.9653 7.1948
Pedestrian -1 -1 3.4721 324.7759 172.1122 359.3466 226.0297 1.7516 0.6208 0.9166 -8.6843 1.4807 23.2874 3.1151 3.8880
Car -1 -1 -0.6225 1058.7718 148.7068 1180.6870 185.0273 1.6693 1.7185 4.4925 24.1992 0.2095 33.3624 0.0050 6.5152
Cyclist -1 -1 -0.3635 837.6269 150.3164 893.0923 199.5541 1.7686 0.5156 1.8248 9.4140 0.6859 25.6602 -0.0119 5.7293
Pedestrian -1 -1 0.4793 246.6585 177.8971 276.9024 223.1350 1.6800 0.6303 0.8262 -12.9238 1.5848 26.5787 0.0268 2.6256
Car -1 -1 -0.5398 965.8773 159.9822 1073.7968 192.1212 1.4642 1.6206 4.0998 19.3105 0.5309 33.0403 -0.0108 5.9694
Cyclist -1 -1 -0.3548 900.7457 140.8099 970.9590 200.6687 1.7252 0.5929 1.7693 9.6553 0.5828 20.7396 0.0809 5.3785
Pedestrian -1 -1 3.4628 337.1955 173.0077 369.9095 223.0913 1.7455 0.6841 0.9218 -8.9081 1.4859 24.9880 3.1204 2.4132
Car -1 -1 1.6824 481.1628 169.7960 506.5869 188.4953 1.4757 1.6296 3.9089 -9.0319 0.6322 57.7820 1.5273 3.1391
Cyclist -1 -1 -0.5526 690.8625 160.7507 730.2519 197.5844 1.7647 0.6459 1.8376 5.1419 0.8200 34.5290 -0.4047 3.4890
Pedestrian -1 -1 0.4797 234.9692 178.9030 267.9225 225.2428 1.6762 0.6564 0.8770 -12.9757 1.6200 25.9057 0.0153 2.3358
Car -1 -1 2.2977 0.0000 157.1856 45.8752 190.0476 1.4828 1.6033 3.7670 -29.0538 0.4323 33.7942 1.5876 0.2856
Cyclist -1 -1 -1.3610 817.4823 153.1979 841.1310 192.9130 1.7726 0.6710 1.8362 10.3096 0.5555 32.5165 -1.0540 1.1463
Pedestrian -1 -1 0.4074 298.2356 169.8301 336.5567 230.4865 1.7421 0.6486 0.8498 -8.4208 1.4373 20.6353 0.0200 1.1436
Car -1 -1 1.9897 242.7960 158.3128 289.9137 179.8390 1.4751 1.5962 3.8855 -24.1341 -0.0478 50.5315 1.5442 -0.3834
Cyclist -1 -1 1.1976 724.8435 161.6197 740.4437 184.1502 1.7141 0.6003 1.7186 9.8759 0.2790 54.6892 1.3762 -0.0093
Pedestrian -1 -1 0.2910 530.4331 164.5681 559.5099 214.1997 1.6905 0.6424 0.8559 -2.1027 1.1494 24.4798 0.2053 1.0387
Car -1 -1 1.9220 183.6645 187.4335 266.1867 228.9076 1.4709 1.6146 3.8895 -14.8469 1.7650 27.7905 1.4313 -0.5308
Pedestrian -1 -1 0.2615 407.3652 162.3891 437.0194 218.6105 1.7223 0.6319 0.7561 -5.7080 1.1691 21.9740 0.0074 0.7846
Pedestrian -1 -1 -0.5823 910.7634 144.9276 949.2607 203.4815 1.6840 0.6204 0.8170 9.4768 0.6625 20.6989 -0.1529 0.2703
Pedestrian -1 -1 0.1195 517.0887 169.2664 528.6182 190.9195 1.5941 0.6203 0.7805 -6.0738 0.7684 52.3602 0.0040 -0.6744
