Car -1 -1 -1.3465 376.8012 178.1389 495.0389 258.8999 1.4332 1.5564 3.5860 -3.3217 1.3930 14.3383 -1.5741 13.1496
Cyclist -1 -1 -0.4467 284.4214 168.3379 363.0720 239.6690 1.8025 0.6115 1.8581 -7.4707 1.4967 18.7517 -0.8259 8.4542
Pedestrian -1 -1 3.3751 261.3059 171.4754 302.7003 234.6263 1.7661 0.6592 0.9498 -9.2450 1.5153 20.1843 2.9456 4.5346
Car -1 -1 -3.6789 1001.2974 152.1606 1119.5371 189.2695 1.5297 1.6197 3.9471 19.2414 0.3630 30.0147 -3.1088 5.8829
Cyclist -1 -1 -0.6462 746.3412 157.2671 785.9529 196.2778 1.7505 0.5702 1.7841 7.3583 0.7095 32.3481 -0.4225 4.7333
Pedestrian -1 -1 0.1119 546.1715 164.7177 578.4585 220.4941 1.6635 0.6825 0.9088 -1.3203 1.1944 21.4460 0.0504 3.5600
Car -1 -1 1.6564 474.0859 168.7225 500.6769 188.6273 1.4902 1.6898 4.2426 -9.1162 0.6097 55.1092 1.4925 4.6211
Cyclist -1 -1 -0.4490 921.3635 143.5906 988.3031 198.8688 1.7444 0.6552 1.8170 11.1589 0.5812 22.6431 0.0089 4.5970
Pedestrian -1 -1 0.4034 280.6459 174.2045 318.1067 229.8396 1.7023 0.6233 0.8956 -9.5107 1.5112 21.9430 -0.0056 3.4974
Car -1 -1 -2.2066 1045.7771 154.4082 1113.7683 178.4161 1.4764 1.5955 3.9921 30.7034 -0.1399 45.8611 -1.6166 -0.0031
Cyclist -1 -1 -0.3581 996.2121 134.8751 1084.2350 206.7827 1.7322 0.5733 1.7634 10.6946 0.6347 17.4758 0.1911 4.4857
Pedestrian -1 -1 -2.6558 217.5199 181.0147 251.6266 233.6797 1.7250 0.6275 0.8042 -12.3233 1.7438 23.4743 -3.1392 3.2326
Car -1 -1 -1.1267 219.3375 155.4709 270.7569 178.3983 1.4699 1.5897 3.8468 -24.1768 -0.1461 47.6267 -1.5964 -0.6209
Cyclist -1 -1 -1.4575 843.0372 150.1949 865.8736 195.2541 1.8196 0.6911 1.9092 10.4192 0.5973 29.5569 -1.1185 4.4515
Pedestrian -1 -1 0.0291 974.4385 140.1745 1011.6434 202.1523 1.7076 0.6564 0.9044 10.9387 0.5981 19.9867 0.5298 2.6797
Cyclist -1 -1 1.8416 511.4081 166.0316 526.4182 189.9185 1.6365 0.6245 1.6406 -5.9907 0.6466 49.2936 1.7207 1.7407
Pedestrian -1 -1 0.5014 204.7297 176.2792 242.8402 230.1061 1.7182 0.6379 0.8898 -12.3643 1.5850 22.8862 0.0061 2.4925
Cyclist -1 -1 -0.0814 539.6868 162.8252 600.6853 221.7953 1.7525 0.6460 1.8003 -1.0975 1.2288 21.4464 -0.1326 1.6857
Pedestrian -1 -1 0.2732 399.1250 154.6528 436.2449 222.6490 1.7896 0.6521 0.8169 -5.0452 1.1109 18.9354 0.0128 1.6745
Cyclist -1 -1 1.5503 551.5808 167.1625 558.9702 189.1952 1.6457 0.5238 1.6454 -3.7682 0.6507 53.6489 1.4802 1.0690
Pedestrian -1 -1 -0.4336 901.1602 130.9810 957.7701 224.5263 1.8054 0.6743 0.8075 6.3623 0.8513 13.9807 -0.0065 0.7283
Cyclist -1 -1 1.5937 567.8120 168.5018 575.9684 189.8543 1.6857 0.6161 1.6943 -2.6358 0.7397 56.6686 1.5472 0.5073
Pedestrian -1 -1 -0.5225 1002.6231 135.9061 1051.8097 204.1862 1.6518 0.6492 0.8266 10.3619 0.5746 17.4297 0.0139 0.6669
Cyclist -1 -1 1.3774 734.9463 161.8734 747.3664 184.8993 1.6551 0.5818 1.6546 9.9460 0.3175 51.6472 1.5677 0.1219
Cyclist -1 -1 1.5049 584.4249 168.3539 592.0783 188.1366 1.6804 0.5473 1.6921 -1.4289 0.6499 60.9202 1.4814 0.0840
Cyclist -1 -1 1.6079 592.9355 169.0109 600.0440 187.6748 1.6886 0.5905 1.6990 -0.7523 0.6503 64.8217 1.5963 -0.1471
Cyclist -1 -1 -1.2017 332.7768 172.1825 352.3719 198.5743 1.7752 0.6493 1.8174 -17.9753 1.2170 48.4660 -1.5569 -0.2229
Cyclist -1 -1 1.5689 531.5927 168.0187 540.0777 191.0345 1.6023 0.5883 1.5939 -4.8932 0.7347 50.0391 1.4714 -0.2249
