Car -1 -1 -0.9512 0.0000 198.4450 335.8508 369.0000 1.4227 1.5480 3.8060 -3.1999 1.5842 4.3771 -1.5825 12.0901
Cyclist -1 -1 -0.1587 447.9585 162.1718 562.8385 273.4666 1.7005 0.6381 1.7485 -1.6507 1.4221 11.3633 -0.3030 6.1903
Pedestrian -1 -1 0.2269 430.0726 156.9785 510.4032 302.3808 1.7573 0.6339 0.8728 -1.7238 1.4747 8.8723 0.0350 5.0562
Car -1 -1 1.8648 448.0409 169.3648 489.3706 194.9635 1.5592 1.5867 3.6722 -8.6205 0.8823 44.9690 1.6754 3.6413
Cyclist -1 -1 -1.5574 980.4376 141.3664 1007.7962 209.6828 1.7869 0.6319 1.7982 10.6677 0.7649 19.4270 -1.0552 5.4443
Pedestrian -1 -1 -0.0506 754.2983 149.8343 822.7901 271.8779 1.7643 0.6327 0.9612 2.6922 1.3227 10.6211 0.1976 3.8529
Car -1 -1 -1.7862 760.8016 162.0198 801.0885 187.5422 1.4893 1.6001 3.8156 10.6879 0.4123 43.1833 -1.5436 -0.2542
Cyclist -1 -1 -1.2396 331.8672 172.6111 347.9090 197.0452 1.7016 0.5408 1.7057 -18.7705 1.1535 50.0939 -1.5981 1.8175
Pedestrian -1 -1 0.1986 434.1661 174.7782 482.8820 273.7481 1.5308 0.6027 0.6545 -2.3640 1.4440 11.2355 -0.0087 1.6222
Cyclist -1 -1 1.5000 593.3991 167.4057 602.4602 189.6818 1.7013 0.5808 1.7240 -0.5433 0.7025 54.8785 1.4901 0.7739
Pedestrian -1 -1 -1.1994 974.6678 146.7431 1013.5794 211.1869 1.7097 0.6490 0.8994 10.5848 0.8157 19.2902 -0.6975 0.7650
Cyclist -1 -1 0.2304 749.2514 155.3578 876.6130 278.9388 1.6959 0.5944 1.7034 2.9910 1.3525 10.3735 0.5111 0.6360
Pedestrian -1 -1 -3.0101 515.5753 169.7813 530.9122 200.0702 1.7023 0.6164 0.7899 -4.6364 1.1013 40.0473 -3.1254 0.6144
Cyclist -1 -1 1.0597 810.2224 157.5799 833.0554 186.4042 1.6396 0.5106 1.6786 12.5715 0.3372 41.0883 1.3566 -0.1637
Pedestrian -1 -1 0.1009 541.5334 166.2921 554.8337 192.9221 1.6278 0.6046 0.7599 -3.4991 0.7607 43.5257 0.0207 0.2635
Pedestrian -1 -1 1.5574 585.3202 165.5123 594.0307 188.7146 1.6510 0.6150 0.5781 -1.0934 0.5858 50.6065 1.5358 -0.4804
