Car -1 -1 -0.9240 0.0000 198.0833 325.2054 369.0000 1.4046 1.5199 3.7134 -3.1976 1.5568 4.1866 -1.5762 11.7579
Cyclist -1 -1 -0.2031 464.8085 156.9537 582.5391 270.1871 1.7198 0.6174 1.7826 -1.3480 1.3639 11.3086 -0.3217 6.0445
Pedestrian -1 -1 0.2033 430.6369 147.6302 528.0568 309.9921 1.9078 0.7125 1.0574 -1.5676 1.5233 8.6722 0.0245 5.1928
Car -1 -1 1.8119 448.5067 168.4118 489.0084 194.4734 1.5784 1.6372 3.9026 -8.5827 0.8476 44.8077 1.6227 6.4671
Cyclist -1 -1 -1.5271 987.4966 138.0024 1016.5832 207.6032 1.8107 0.6176 1.8091 10.8296 0.7067 19.3211 -1.0162 3.0035
Pedestrian -1 -1 -0.0694 770.5237 149.7564 844.3230 274.3196 1.7409 0.6953 0.9850 2.8850 1.3129 10.3168 0.2033 4.3841
Car -1 -1 2.3044 0.0000 190.7655 21.6343 245.7549 1.5025 1.5945 3.8773 -20.5546 1.8518 21.9954 1.5529 -0.7380
Cyclist -1 -1 1.6401 542.3991 165.3968 553.2854 193.3602 1.6796 0.5507 1.6989 -3.4996 0.7738 43.3155 1.5594 2.8905
Pedestrian -1 -1 0.2168 444.0120 158.6486 516.9100 290.0592 1.6997 0.6126 0.8517 -1.7008 1.4187 9.4626 0.0390 3.2038
Cyclist -1 -1 1.9589 330.7310 170.8475 348.7116 195.7541 1.7396 0.5868 1.7313 -18.8402 1.0667 50.2519 1.6002 -0.4548
Pedestrian -1 -1 -0.6519 978.1739 146.2563 1023.9002 210.0919 1.6961 0.6349 0.8749 10.6900 0.7878 19.1580 -0.1430 1.6294
Pedestrian -1 -1 0.0824 540.0298 166.5098 553.7322 192.8726 1.6051 0.5989 0.7914 -3.5645 0.7547 43.3434 0.0004 0.6361
Pedestrian -1 -1 0.9240 334.0201 173.8098 347.9852 197.4240 1.6609 0.6100 0.7333 -18.7323 1.1916 50.1790 0.5668 0.4765
