Car -1 -1 -0.8190 0.0000 194.4228 291.6782 369.0000 1.4497 1.5652 3.9903 -3.1812 1.5566 3.3314 -1.5814 8.6995
Cyclist -1 -1 -0.3893 818.3547 154.3012 943.6630 263.4877 1.7221 0.6373 1.7887 4.4134 1.3105 11.4851 -0.0225 6.8392
Pedestrian -1 -1 -0.0821 619.3474 152.7372 720.0385 316.7788 1.7792 0.6518 1.0781 0.6582 1.4798 7.9898 0.0001 7.6119
Car -1 -1 1.7678 447.1882 172.0240 486.7599 198.7611 1.5845 1.6388 4.1346 -8.5296 1.0835 43.9671 1.5762 5.5785
Cyclist -1 -1 -1.6088 990.2488 142.0609 1028.6894 213.3989 1.7745 0.8012 1.8412 10.5702 0.8199 18.5838 -1.0916 6.2389
Pedestrian -1 -1 -0.0376 602.6880 155.3116 689.5865 301.8986 1.7491 0.6346 1.0370 0.4456 1.4502 8.7559 0.0133 4.8524
Car -1 -1 1.9166 315.2157 183.8181 359.2353 205.7388 1.4754 1.6524 4.0465 -18.9590 1.7220 50.2357 1.5558 3.6716
Cyclist -1 -1 -1.4267 540.3623 169.2766 553.3058 196.7511 1.6230 0.5524 1.6183 -3.5018 0.9614 42.5881 -1.5087 1.2412
Pedestrian -1 -1 -0.5466 999.0673 140.1314 1112.7970 286.9628 1.7602 0.7183 0.9649 5.5610 1.2779 8.8375 0.0151 4.5947
Car -1 -1 -3.6341 974.0744 156.9444 1098.7506 199.3680 1.6609 1.6602 3.9963 17.3539 0.7402 28.6098 -3.0889 3.6215
Cyclist -1 -1 1.7020 526.2681 172.7717 534.1783 190.0085 1.6838 0.5630 1.6901 -7.3599 0.9300 69.9178 1.5972 0.3879
Pedestrian -1 -1 0.5359 160.1578 166.9239 231.8789 272.8775 1.7190 0.6063 0.8438 -6.8430 1.5004 11.7734 0.0094 4.4392
Car -1 -1 0.1286 786.0808 163.9174 873.8249 193.2959 1.5029 1.6641 4.2960 12.0152 0.6560 37.8255 0.4361 3.1571
Pedestrian -1 -1 0.0207 539.4935 167.0289 553.7289 195.7196 1.7146 0.6257 0.8428 -3.5190 0.9109 42.5872 -0.0618 0.3235
Car -1 -1 -0.7199 511.1506 172.9545 558.9056 192.0384 1.4925 1.5931 3.7177 -5.6191 0.9036 57.1912 -0.8179 -0.4238
Pedestrian -1 -1 0.0058 562.4026 171.7476 575.0513 198.6413 1.7275 0.6092 0.8118 -2.3461 1.1666 45.7353 -0.0455 -0.7120
