Car -1 -1 -1.4567 498.2528 173.8498 543.5718 208.8227 1.4632 1.6049 3.5269 -3.6911 1.1864 31.3418 -1.5740 10.5021
Cyclist -1 -1 -0.1620 635.7985 163.5906 670.5341 196.2212 1.8046 0.5859 1.8645 2.6755 0.8708 39.4775 -0.0943 5.9552
Pedestrian -1 -1 -0.8426 1074.3826 122.7626 1138.1084 203.1009 1.6686 0.6861 0.9012 10.6688 0.4710 15.1166 -0.2280 2.9357
Car -1 -1 2.4186 1065.0083 134.0331 1223.0000 196.7594 1.4568 1.6298 4.1284 13.8084 0.3792 17.3341 3.0912 8.4978
Cyclist -1 -1 -0.3825 559.6730 166.4600 588.3480 193.7681 1.7489 0.5191 1.7957 -2.0095 0.8511 45.8854 -0.4263 4.8563
Pedestrian -1 -1 0.9750 326.6008 180.8306 345.3438 210.8349 1.7043 0.6591 0.8238 -15.4851 1.7249 40.6736 0.6112 2.0358
Car -1 -1 1.6728 681.6891 165.9699 701.1442 181.3065 1.4618 1.5290 3.6798 8.5285 0.0780 69.3491 1.7952 2.4711
Cyclist -1 -1 -1.1060 351.3070 174.2603 384.5180 218.2316 1.8454 0.5828 1.8879 -10.2768 1.5850 30.6439 -1.4296 4.7977
Pedestrian -1 -1 0.9558 338.2941 182.0708 356.3284 211.5605 1.6977 0.6413 0.8055 -15.0405 1.7919 41.2457 0.6061 1.6911
Car -1 -1 -3.6024 883.8442 159.6643 996.1631 196.3438 1.4500 1.5778 3.8279 13.5527 0.6278 28.7732 -3.1622 1.4739
Cyclist -1 -1 -0.0184 695.1488 158.9937 732.5690 195.4259 1.8360 0.5754 1.8704 5.5262 0.7536 36.0362 0.1338 4.7898
Pedestrian -1 -1 -0.6531 1109.8556 131.9423 1155.0212 196.1829 1.6095 0.6000 0.7018 13.3951 0.3945 18.0139 -0.0137 0.5378
Car -1 -1 1.0161 977.5504 152.7061 1072.5011 190.0311 1.4836 1.5994 3.9948 17.7382 0.3803 30.1142 1.5484 1.1076
Pedestrian -1 -1 0.4423 274.3618 177.0081 289.9194 205.8412 1.8039 0.5975 0.7042 -20.3372 1.5868 44.5340 0.0140 0.4931
Car -1 -1 1.7417 428.0026 180.4690 480.4432 215.5409 1.4783 1.6402 4.0840 -6.7395 1.4785 31.8697 1.5333 0.8215
Pedestrian -1 -1 0.3739 464.0954 165.8490 484.1635 199.2752 1.7434 0.6780 0.8528 -6.9108 0.9807 37.2861 0.1906 0.3779
Car -1 -1 -1.1232 193.8309 160.6050 244.9446 182.8494 1.4564 1.5872 3.7672 -26.2230 0.1551 48.2083 -1.6214 0.7806
Pedestrian -1 -1 -0.4548 906.0194 137.2886 941.0958 189.2367 1.7151 0.6522 0.8724 10.6330 0.2900 23.6784 -0.0328 0.3314
Car -1 -1 -2.1900 473.9731 167.3305 543.0992 198.7464 1.5952 1.6206 4.0468 -5.2307 0.9279 37.9245 -2.3270 0.7033
Pedestrian -1 -1 0.2048 437.6961 169.0440 456.9718 200.7543 1.5913 0.6761 0.8342 -7.9979 1.0178 35.8201 -0.0149 -0.2101
Car -1 -1 1.0624 1004.3575 152.0494 1061.1507 175.2379 1.4796 1.5640 3.9589 28.9791 -0.3711 48.0255 1.6053 0.2257
Car -1 -1 -1.3114 358.3111 176.5294 390.7500 194.9390 1.4637 1.5978 3.8830 -18.9092 1.1492 58.1919 -1.6255 -0.0092
Car -1 -1 -2.2752 0.0000 167.3207 71.4916 192.9596 1.4769 1.5994 3.7899 -33.9329 0.7191 41.8576 -2.9565 -0.6640
