Car -1 -1 1.6688 541.5669 166.6449 570.2484 188.3888 1.5224 1.6903 4.1716 -3.5354 0.5536 51.6094 1.6004 3.7276
Cyclist -1 -1 -0.0844 594.3399 164.7873 616.2530 185.7833 1.6726 0.5895 1.7129 0.0335 0.4221 56.6873 -0.0839 1.9811
Pedestrian -1 -1 0.9324 177.5277 178.8649 199.5873 215.7373 1.7884 0.6134 0.7400 -20.4629 1.7105 34.7152 0.3998 1.7947
Car -1 -1 -1.8768 811.0933 152.2979 864.5860 180.5197 1.4625 1.6243 4.0438 12.6474 0.0024 38.6649 -1.5607 1.0406
Cyclist -1 -1 1.7822 508.1178 165.8178 523.2856 194.0535 1.7011 0.5861 1.6867 -5.4843 0.8179 43.4566 1.6567 1.8069
Pedestrian -1 -1 -1.4277 509.2720 165.9048 520.9792 193.9273 1.7057 0.6224 0.6838 -5.5161 0.8187 43.3802 -1.5542 0.4225
Car -1 -1 -1.1963 287.4938 165.2385 318.5996 180.6562 1.4484 1.5301 3.6644 -29.0884 0.0158 68.2694 -1.5991 -0.0052
Cyclist -1 -1 -0.9058 411.3514 171.8824 437.8803 201.5430 1.7705 0.5507 1.8433 -11.0013 1.2574 43.1533 -1.1554 0.2314
Pedestrian -1 -1 3.0586 200.1788 177.7756 219.3262 210.8305 1.6541 0.6243 0.7985 -20.0627 1.5192 35.8591 2.5485 0.1604
Cyclist -1 -1 2.2109 0.0000 180.9766 39.8240 235.0143 1.7327 0.5534 1.7720 -19.8277 1.7508 23.5832 1.5118 -0.6629
Pedestrian -1 -1 2.8099 211.8951 174.6432 232.8804 208.8011 1.7451 0.6411 0.7906 -19.8341 1.4473 36.6257 2.3136 0.0207
Pedestrian -1 -1 1.1166 143.9949 182.7062 175.9045 234.0095 1.6426 0.6172 0.7495 -14.5921 1.7177 23.1315 0.5538 -0.1988
Pedestrian -1 -1 -0.1095 1179.9527 97.1177 1223.0000 204.5631 1.7316 0.6184 0.8460 10.1999 0.3895 11.8842 0.5998 -0.7471
