Car -1 -1 -0.8218 0.0000 210.9743 292.2221 369.0000 1.4401 1.6122 3.8977 -3.1824 1.6705 3.3407 -1.5829 11.3545
Cyclist -1 -1 -1.5760 991.5724 148.9409 1025.1885 215.2042 1.6660 0.7412 1.6336 10.6034 0.8741 18.6649 -1.0594 7.5996
Pedestrian -1 -1 -0.2704 892.4258 150.6899 984.2121 289.8973 1.7119 0.7700 0.8966 4.2344 1.3470 9.1425 0.1633 6.7156
Car -1 -1 2.4022 1097.9688 151.7285 1223.0000 188.8740 1.4505 1.6262 4.1908 22.5063 0.3285 28.5657 3.0695 7.7011
Cyclist -1 -1 -0.2330 630.5412 154.0014 752.2845 269.2624 1.7699 0.6141 1.8323 1.3144 1.3647 11.2642 -0.1169 6.5071
Pedestrian -1 -1 0.0706 523.2222 153.5302 616.5480 316.9235 1.7795 0.5951 1.0185 -0.4288 1.4874 8.0015 0.0171 6.4018
Car -1 -1 1.7494 445.9595 169.7175 484.5928 195.3051 1.5153 1.6742 3.9684 -8.6181 0.8781 43.8640 1.5554 7.4950
Cyclist -1 -1 -1.2272 344.5957 174.4818 359.4529 196.9222 1.6860 0.5307 1.6913 -19.2911 1.2351 53.9641 -1.5705 0.9583
Pedestrian -1 -1 0.0915 511.5625 157.8896 596.9376 305.5963 1.7666 0.6297 1.0068 -0.6607 1.4979 8.7747 0.0163 4.4307
Car -1 -1 -1.7668 759.8159 159.5059 800.2631 186.5837 1.5506 1.6100 3.9591 10.4593 0.3498 42.4978 -1.5255 1.1568
Cyclist -1 -1 1.6246 584.1967 166.3687 593.5197 190.6932 1.6848 0.5687 1.6892 -1.1278 0.7073 49.8217 1.6019 0.8123
Pedestrian -1 -1 0.7542 103.7948 168.7635 176.8170 268.8080 1.6392 0.6176 0.8364 -7.8937 1.4486 11.9555 0.1706 3.5993
Car -1 -1 -3.5474 996.4595 157.2158 1098.0528 190.6512 1.5495 1.6296 3.7862 21.0825 0.4719 33.8518 -2.9903 0.0826
Cyclist -1 -1 1.1364 836.5337 155.0185 860.0629 186.4528 1.6451 0.5415 1.6569 13.0015 0.3129 37.8500 1.4673 -0.1006
Pedestrian -1 -1 0.6384 75.2376 169.3139 148.1586 273.3786 1.6338 0.6336 0.7344 -8.0027 1.4599 11.4226 0.0272 3.2477
Pedestrian -1 -1 0.9172 343.1311 173.6704 356.5724 195.9297 1.6719 0.6124 0.7761 -19.3227 1.1602 53.5673 0.5710 1.8788
Pedestrian -1 -1 -1.7883 757.2405 165.1851 766.8166 184.4394 1.5660 0.6335 0.6737 12.8585 0.3216 57.8369 -1.5696 -0.6714
