Car -1 -1 -2.4914 718.6838 167.8453 803.2767 199.4283 1.4327 1.6037 3.7700 7.4363 0.8601 34.0251 -2.2762 8.0377
Cyclist -1 -1 -1.6026 991.8355 148.5630 1029.7696 217.0391 1.6990 0.8005 1.6770 10.5399 0.9082 18.4661 -1.0840 8.6330
Pedestrian -1 -1 -0.3775 825.3348 146.1852 943.6338 320.0668 1.8691 0.6382 1.0708 3.0559 1.5019 7.9194 -0.0093 7.4760
Car -1 -1 -0.8342 0.0000 188.4693 285.9103 369.0000 1.4368 1.5132 3.7058 -3.1672 1.4980 3.4066 -1.5832 7.6049
Cyclist -1 -1 -1.4254 540.3029 168.8768 553.4868 196.4050 1.6271 0.5658 1.6160 -3.5000 0.9415 42.6114 -1.5074 1.8558
Pedestrian -1 -1 -0.3180 797.9746 160.2484 889.1360 304.3713 1.6767 0.6163 0.8917 2.8101 1.4428 8.5292 0.0003 5.9785
Car -1 -1 1.7548 445.8003 170.7027 484.1358 197.7808 1.6131 1.6476 3.9767 -8.6864 1.0308 44.1120 1.5604 7.2572
Cyclist -1 -1 1.6935 526.4360 172.4474 534.2673 189.7715 1.6916 0.5688 1.6876 -7.3435 0.9064 69.8824 1.5888 0.3116
Pedestrian -1 -1 0.4608 250.9038 165.2054 329.4070 281.1488 1.7387 0.6838 0.9033 -4.9098 1.5110 10.9575 0.0396 4.8433
Car -1 -1 -1.6988 702.8073 165.7574 724.5941 181.7553 1.5264 1.5919 4.1872 10.6932 0.1209 69.5665 -1.5463 0.0805
Cyclist -1 -1 1.3284 786.1604 160.2366 805.0988 192.4188 1.6846 0.5854 1.6997 10.1865 0.6253 37.8611 1.5912 0.1516
Pedestrian -1 -1 0.4192 293.5317 168.8933 365.5505 271.0573 1.6332 0.6466 0.9235 -4.5675 1.4494 11.6421 0.0453 4.7946
Car -1 -1 -0.3586 508.0849 172.3496 559.0692 191.2300 1.4917 1.6015 3.7995 -5.7817 0.8490 57.4151 -0.4589 -0.0384
Pedestrian -1 -1 0.0552 540.0186 168.4580 553.5359 196.0249 1.6494 0.6140 0.7803 -3.5119 0.9303 42.6176 -0.0270 1.3460
