Car -1 -1 1.7238 443.4030 171.9376 480.9483 199.8476 1.5964 1.6276 3.9528 -8.5275 1.1080 42.4485 1.5255 8.8114
Cyclist -1 -1 -1.6130 991.1497 151.7609 1029.2150 217.8988 1.6482 0.7917 1.6221 10.5540 0.9336 18.5178 -1.0950 9.5545
Pedestrian -1 -1 -0.2102 723.8307 157.8707 788.9063 268.1218 1.7665 0.6233 0.9356 2.4328 1.4055 11.6370 -0.0041 5.8620
Car -1 -1 -0.8447 0.0000 197.7919 299.2755 369.0000 1.4485 1.5615 3.9691 -3.1503 1.5831 3.4312 -1.5875 7.3197
Cyclist -1 -1 -1.5489 564.7166 170.0187 574.0876 196.3634 1.6672 0.5691 1.6588 -2.2906 1.0052 45.5759 -1.5991 1.0004
Pedestrian -1 -1 -0.2275 734.5053 163.1348 804.8527 271.1482 1.6377 0.6710 0.9412 2.5127 1.3761 11.0526 -0.0040 5.6884
Car -1 -1 -0.0748 784.8532 161.3648 871.4527 190.8135 1.5315 1.6619 4.3284 11.9246 0.5378 38.0647 0.2288 1.1760
Pedestrian -1 -1 -2.2716 16.3241 179.7841 59.2900 237.5047 1.7973 0.6248 0.9071 -18.0017 1.7766 22.4047 -2.9484 0.4862
Car -1 -1 2.1287 98.6808 164.9570 146.4277 183.8516 1.5029 1.5582 3.6266 -39.5543 0.2678 58.0771 1.5308 -0.0769
Pedestrian -1 -1 0.1490 490.2651 164.9616 506.6331 197.3605 1.7427 0.6368 0.7930 -5.7861 0.9083 38.3441 -0.0008 0.2970
Pedestrian -1 -1 0.0471 538.7544 167.7237 552.9703 196.0601 1.6953 0.6165 0.8268 -3.5668 0.9323 42.6182 -0.0364 0.2550
Pedestrian -1 -1 -0.7199 985.9274 152.3092 1033.0452 219.7045 1.7075 0.6527 0.8363 10.4344 0.9949 18.3123 -0.2020 0.1415
Pedestrian -1 -1 1.9799 273.8317 172.2513 317.8703 254.0813 1.6328 0.6172 0.6513 -6.3433 1.4699 14.4306 1.5657 -0.3556
Pedestrian -1 -1 -0.2762 775.4355 159.5060 792.6335 189.0324 1.6801 0.6339 0.8135 10.2593 0.4869 40.5566 -0.0285 -0.4586
Pedestrian -1 -1 1.5713 584.7099 166.9624 593.5785 191.6000 1.7196 0.6189 0.8010 -1.1118 0.7760 49.7508 1.5490 -0.7537
