Car -1 -1 -0.8226 0.0000 199.2242 293.5242 369.0000 1.4537 1.5776 4.0934 -3.1841 1.5982 3.3247 -1.5864 9.9796
Cyclist -1 -1 1.4877 584.8371 168.9838 594.8034 193.2274 1.6783 0.5615 1.6914 -1.0710 0.8824 49.8126 1.4662 1.7693
Pedestrian -1 -1 -0.5262 954.1496 149.1972 1033.8716 257.1142 1.7613 0.6631 0.9713 6.4755 1.2520 11.8790 -0.0271 5.4040
Car -1 -1 1.3941 447.2151 173.3416 500.2062 208.7519 1.4623 1.6205 3.9942 -5.9006 1.1681 31.3471 1.2081 9.2465
Cyclist -1 -1 -1.5056 541.2742 168.3252 552.8284 196.1754 1.6476 0.5907 1.6499 -3.4945 0.9287 42.6531 -1.5874 1.2143
Pedestrian -1 -1 -0.5496 969.7128 152.1234 1052.5467 259.5348 1.6697 0.6374 0.9577 6.4414 1.2302 11.3197 -0.0322 3.9944
Car -1 -1 3.0780 519.3519 170.1577 574.6912 193.2335 1.4668 1.5429 3.4922 -3.7894 0.8107 45.9549 2.9957 1.4576
Cyclist -1 -1 1.7062 526.2220 172.5048 534.1995 189.8183 1.6904 0.5620 1.6938 -7.3573 0.9109 69.8818 1.6013 0.7330
Pedestrian -1 -1 3.2903 491.9536 165.3690 508.5798 197.1715 1.7103 0.6233 0.8092 -5.6856 0.8980 38.3313 3.1431 -0.2164
Car -1 -1 -1.5316 680.3686 173.9634 702.3203 193.2228 1.4764 1.5823 3.9634 6.9145 0.9766 56.2798 -1.4093 0.0846
Pedestrian -1 -1 0.0361 539.3664 166.6276 553.2293 195.1452 1.7020 0.6487 0.8093 -3.5338 0.8754 42.5360 -0.0468 -0.3932
Car -1 -1 2.8204 504.8141 168.3016 572.4505 194.7067 1.5531 1.6260 3.7845 -4.0486 0.8370 43.0889 2.7267 0.0157
Pedestrian -1 -1 1.9509 274.0785 168.1683 317.3146 249.9131 1.6400 0.6310 0.6146 -6.3763 1.3942 14.4980 1.5365 -0.4286
Car -1 -1 -0.5500 510.0837 173.3104 560.0610 192.3012 1.4888 1.5788 3.7521 -5.6248 0.9264 57.1878 -0.6481 -0.1652
Car -1 -1 1.8391 317.5918 184.7069 358.7931 207.0998 1.4984 1.6673 4.2959 -18.9336 1.8125 50.3540 1.4795 -0.4173
