Car -1 -1 -0.8283 0.0000 203.1623 300.9701 369.0000 1.4537 1.5582 3.9388 -3.1643 1.6293 3.4483 -1.5707 11.4600
Cyclist -1 -1 -1.5979 991.2757 147.5773 1029.2899 215.9344 1.6972 0.8109 1.6926 10.5383 0.8814 18.4874 -1.0798 8.8823
Pedestrian -1 -1 -0.6673 1074.7329 122.1729 1215.4126 305.2683 1.8525 0.6735 0.9791 5.6464 1.2641 7.4960 -0.0217 6.5191
Car -1 -1 -1.6606 646.7530 169.3804 674.3915 190.6108 1.4433 1.6096 3.7534 3.8942 0.6887 49.9491 -1.5828 4.9834
Cyclist -1 -1 0.7388 869.3034 155.4276 908.3671 192.4895 1.7091 0.6429 1.7367 13.4244 0.5544 33.5223 1.1197 1.0512
Pedestrian -1 -1 0.2289 430.3995 162.3731 500.4171 276.3452 1.7006 0.6750 0.9323 -2.1826 1.4318 10.8967 0.0312 5.2616
Car -1 -1 1.7013 446.5462 171.7777 482.8971 199.5723 1.6559 1.6902 4.3088 -8.7406 1.1376 44.3216 1.5065 4.7986
Cyclist -1 -1 -1.4482 540.7565 169.3008 553.4825 197.4790 1.6669 0.5681 1.6656 -3.4906 1.0058 42.6640 -1.5299 0.8081
Pedestrian -1 -1 0.1654 463.3956 162.5760 521.2771 272.1088 1.7424 0.6279 0.8451 -1.8752 1.4589 11.5582 0.0045 4.9291
Cyclist -1 -1 -1.4754 563.1701 170.1387 574.3814 196.8641 1.6930 0.5657 1.6985 -2.3334 1.0380 45.6461 -1.5265 0.1759
Pedestrian -1 -1 -0.6080 1034.6492 140.4742 1154.0819 298.2030 1.7474 0.6890 0.9037 5.5840 1.3056 8.1764 -0.0089 4.4473
Pedestrian -1 -1 -3.1016 583.6273 169.0439 594.9981 191.8535 1.5959 0.6181 0.7771 -1.0979 0.7957 49.7805 -3.1236 -0.4843
Pedestrian -1 -1 0.0604 539.7661 170.1161 552.7679 197.2858 1.6226 0.6160 0.7446 -3.5361 1.0038 42.5368 -0.0225 -0.7073
