Car -1 -1 -0.8065 0.0000 195.2398 287.1086 369.0000 1.4528 1.5611 3.9846 -3.2264 1.5658 3.3385 -1.5749 8.6936
Cyclist -1 -1 -1.5811 992.2846 144.8838 1028.5180 214.4491 1.7272 0.7886 1.7049 10.5480 0.8445 18.4866 -1.0626 9.3641
Pedestrian -1 -1 -0.6266 1065.6236 140.2630 1189.0227 294.4834 1.7274 0.6640 0.9489 6.0182 1.2784 8.2483 0.0037 6.1196
Car -1 -1 1.7492 445.1120 171.5503 484.6002 199.3864 1.6469 1.6748 4.2967 -8.6628 1.1188 43.9880 1.5548 7.0424
Cyclist -1 -1 1.5410 585.4353 168.2746 593.8725 192.3349 1.6625 0.5414 1.6679 -1.0795 0.8190 49.6960 1.5193 1.2925
Pedestrian -1 -1 0.1632 484.3818 162.7870 541.0022 271.4104 1.7342 0.6223 0.8342 -1.5494 1.4531 11.6072 0.0305 4.9171
Car -1 -1 -1.5708 647.1495 168.4897 669.1807 189.0992 1.4874 1.5872 3.5935 3.9812 0.6219 52.8740 -1.4957 3.9457
Cyclist -1 -1 1.7179 526.1263 172.8408 534.3537 190.0884 1.6843 0.5689 1.6882 -7.3557 0.9374 69.8955 1.6131 0.3442
Pedestrian -1 -1 0.1869 463.2748 167.1292 524.7142 277.7671 1.6539 0.6736 0.8289 -1.7463 1.4557 10.9131 0.0282 4.3756
Car -1 -1 0.1865 786.8973 162.5611 870.7414 192.7066 1.5429 1.6430 4.0468 11.9627 0.6262 37.8647 0.4925 0.2802
Pedestrian -1 -1 -0.6751 1111.0829 116.9893 1223.0000 305.5228 1.8826 0.7006 1.0093 6.0116 1.2501 7.4088 0.0066 4.2339
Pedestrian -1 -1 0.0609 539.2388 167.9743 553.1783 196.0789 1.6803 0.6264 0.8011 -3.5436 0.9328 42.5885 -0.0221 0.3809
