Car -1 -1 -0.8108 0.0000 201.1611 296.4191 369.0000 1.4377 1.5721 3.9586 -3.1885 1.5963 3.3825 -1.5667 10.3386
Cyclist -1 -1 -1.6304 992.1063 149.3010 1029.3543 217.2673 1.6880 0.7409 1.6501 10.5347 0.9147 18.4585 -1.1118 7.7226
Pedestrian -1 -1 -0.3544 815.6793 159.8480 889.3231 266.7047 1.7309 0.5957 1.0108 4.0571 1.3980 11.7568 -0.0221 5.6490
Car -1 -1 1.6742 438.5302 171.8727 477.4467 202.6542 1.5849 1.6527 4.2306 -7.9746 1.1421 38.5887 1.4704 9.1099
Cyclist -1 -1 -1.4475 540.8054 170.1372 553.0952 197.1513 1.5966 0.5478 1.5958 -3.4955 0.9855 42.5915 -1.5294 1.5440
Pedestrian -1 -1 -0.3904 832.9024 158.7435 908.5062 270.2129 1.7116 0.6812 0.9312 4.1509 1.3792 11.2089 -0.0357 5.2692
Car -1 -1 0.1380 786.7977 160.9059 872.9338 191.9867 1.5829 1.6507 4.1844 11.9544 0.5864 37.6498 0.4454 1.4288
Cyclist -1 -1 1.7060 526.2455 172.8664 534.2322 190.1064 1.6839 0.5642 1.6892 -7.3571 0.9394 69.9066 1.6011 0.3596
Pedestrian -1 -1 0.0524 540.6683 168.2135 553.9273 195.9436 1.6594 0.6194 0.7663 -3.4812 0.9255 42.6265 -0.0290 0.7204
Car -1 -1 -0.3824 510.0261 173.0204 560.4488 191.9189 1.4867 1.5733 3.7420 -5.6224 0.8995 57.1788 -0.4805 0.0009
Pedestrian -1 -1 2.0602 0.2379 183.7227 39.2705 239.0094 1.7211 0.6323 0.8554 -18.6830 1.8276 22.5448 1.3682 -0.4413
Car -1 -1 1.8992 314.8306 184.4688 358.9578 206.7915 1.4944 1.6606 4.2169 -18.9733 1.7895 50.2198 1.5380 -0.3727
Pedestrian -1 -1 3.1845 561.8748 170.5822 574.7251 197.1953 1.7064 0.6235 0.8034 -2.3678 1.0718 45.6449 3.1326 -0.6814
