Car -1 -1 1.6691 440.2852 172.8177 476.0612 201.2362 1.5207 1.6055 3.8388 -8.2291 1.1110 39.8232 1.4654 9.3936
Cyclist -1 -1 -1.6145 992.2183 145.4855 1029.9963 215.2586 1.7359 0.7788 1.6934 10.5772 0.8664 18.5171 -1.0955 8.0512
Pedestrian -1 -1 -0.4987 801.3247 157.4380 878.3711 273.5477 1.7482 0.6513 0.9454 3.6119 1.4026 11.0466 -0.1827 6.0068
Car -1 -1 -0.8253 0.0000 196.4350 290.1047 369.0000 1.4518 1.5684 3.9590 -3.1793 1.5736 3.3331 -1.5871 7.9371
Cyclist -1 -1 1.7086 526.0597 173.4441 534.3252 190.7515 1.6907 0.5833 1.7236 -7.3644 1.0025 69.9343 1.6036 0.0175
Pedestrian -1 -1 -0.3420 789.1146 162.1073 856.3853 264.9488 1.6458 0.7105 0.8727 3.5393 1.3531 11.6861 -0.0479 4.4788
Car -1 -1 -1.7256 700.9257 164.8060 723.6241 180.5938 1.5137 1.5891 4.1645 10.5985 0.0101 69.8701 -1.5751 0.7202
Cyclist -1 -1 -1.4874 584.5507 169.3591 594.2578 193.1947 1.6508 0.5501 1.6472 -1.0888 0.8805 49.8018 -1.5093 -0.1075
Pedestrian -1 -1 0.6980 5.3056 182.3493 46.8651 235.6091 1.7186 0.6314 0.8458 -18.9824 1.7816 23.1530 0.0112 2.0739
Car -1 -1 2.9704 509.2557 167.7738 574.1226 192.5067 1.5599 1.6457 3.9709 -4.1238 0.7586 45.8946 2.8808 0.6071
Cyclist -1 -1 -1.5218 563.0301 170.2633 573.3577 197.0264 1.6986 0.5850 1.7352 -2.3759 1.0502 45.7384 -1.5737 -0.6357
Pedestrian -1 -1 -0.7022 0.0000 183.7345 33.2479 237.8034 1.6499 0.6851 0.8145 -18.5780 1.7546 22.0844 -1.4016 1.4921
Pedestrian -1 -1 0.0531 540.1688 169.5725 553.0617 196.8375 1.6310 0.6201 0.7435 -3.5213 0.9787 42.6128 -0.0293 0.2728
Pedestrian -1 -1 1.9747 272.3007 168.9736 315.9903 250.6907 1.6287 0.6198 0.6275 -6.3671 1.4006 14.4046 1.5585 -0.0084
Pedestrian -1 -1 1.5844 594.0895 169.9558 602.2686 191.9048 1.6605 0.6142 0.6810 -0.5079 0.8641 53.8266 1.5749 -0.2432
Pedestrian -1 -1 -3.0869 562.9068 170.7719 574.9036 198.1328 1.7531 0.6225 0.7408 -2.3272 1.1311 45.6094 -3.1379 -0.5422
