Car -1 -1 -0.8184 0.0000 200.0475 299.4391 369.0000 1.4385 1.5771 3.9159 -3.1663 1.5887 3.4035 -1.5677 8.4721
Cyclist -1 -1 -1.6115 992.2146 148.1712 1030.0167 215.7941 1.6810 0.7844 1.6626 10.5618 0.8789 18.4894 -1.0925 8.4738
Pedestrian -1 -1 -0.4546 899.1710 157.1575 974.7255 260.4603 1.6830 0.6752 0.9458 5.5084 1.3044 11.8613 -0.0198 5.8255
Car -1 -1 1.6153 442.6578 173.9121 480.6377 207.2899 1.5177 1.6267 4.0496 -6.9080 1.2196 34.2700 1.4164 8.1659
Pedestrian -1 -1 -0.4836 923.3054 159.8593 1000.6692 266.9831 1.6455 0.7090 0.8639 5.6023 1.3301 11.2193 -0.0205 3.4211
Car -1 -1 2.8056 521.6021 169.6893 583.1917 192.7989 1.4546 1.6001 3.6711 -3.4210 0.7755 45.9664 2.7313 1.5794
Pedestrian -1 -1 -0.5549 984.7218 152.7215 1025.6365 217.1944 1.6456 0.6178 0.7043 10.3518 0.9382 18.3646 -0.0416 0.4617
Car -1 -1 -1.7606 762.5281 163.8881 804.0501 191.7993 1.5897 1.6672 4.0433 10.6090 0.6449 42.3296 -1.5151 1.4998
Pedestrian -1 -1 -0.6899 537.9992 169.2355 555.3767 198.0360 1.7146 0.6192 0.8423 -3.5182 1.0453 42.6028 -0.7723 0.0156
Car -1 -1 2.0972 99.9703 165.5601 147.7914 184.1980 1.4866 1.5878 3.7630 -39.6082 0.2962 58.3216 1.5006 0.3995
Pedestrian -1 -1 0.2903 491.0786 163.3845 509.6523 195.2848 1.7133 0.6555 0.8453 -5.6839 0.7955 38.3544 0.1432 -0.1908
Car -1 -1 1.8233 317.0544 183.9888 357.2473 206.3770 1.5000 1.6715 4.2160 -18.9648 1.7600 50.2336 1.4623 0.3765
Pedestrian -1 -1 -0.5771 988.6603 134.4521 1075.3615 270.5030 1.8133 0.6388 0.8050 5.8269 1.2012 9.7531 -0.0385 -0.7072
