Car -1 -1 -0.8495 0.0000 192.5817 298.2629 369.0000 1.4405 1.5370 3.8620 -3.1512 1.5350 3.4845 -1.5847 8.3761
Cyclist -1 -1 -1.6026 992.0520 148.4434 1029.2656 216.2424 1.6845 0.7854 1.6696 10.5468 0.8896 18.4835 -1.0841 8.8901
Pedestrian -1 -1 -0.2262 731.1265 161.7691 796.5147 268.7748 1.7224 0.6380 0.9341 2.5694 1.4226 11.6996 -0.0101 6.2973
Car -1 -1 1.7564 444.6702 171.8907 484.7410 199.4924 1.5722 1.6427 3.9913 -8.3372 1.0832 42.2708 1.5617 7.5435
Cyclist -1 -1 -1.9710 10.5913 183.4466 59.8013 238.5007 1.7017 0.6056 1.7070 -18.2459 1.8002 22.5913 -2.6504 2.3630
Pedestrian -1 -1 -0.2345 739.8081 159.4532 807.0980 270.8734 1.6970 0.6454 0.8987 2.5818 1.3781 11.0890 -0.0058 5.8548
Car -1 -1 1.7543 627.2705 176.0968 660.5076 198.0023 1.4833 1.6315 4.0921 2.8001 1.1865 50.0536 1.8102 -0.5677
Cyclist -1 -1 1.7051 526.0220 171.2656 534.1490 188.4002 1.6739 0.5802 1.6853 -7.3735 0.7729 69.9188 1.6000 -0.5814
Pedestrian -1 -1 -2.2584 15.8104 179.9722 58.8676 237.3847 1.7939 0.6256 0.9214 -18.0828 1.7789 22.4871 -2.9357 2.6673
Pedestrian -1 -1 -0.6682 964.6954 151.6455 1010.8321 216.5360 1.6913 0.6362 0.8729 10.1431 0.9408 18.8124 -0.1737 1.5604
Pedestrian -1 -1 -0.7242 983.9929 151.5293 1031.5604 218.5038 1.6974 0.6657 0.8413 10.3983 0.9648 18.3270 -0.2081 -0.2007
Pedestrian -1 -1 1.5857 583.9687 169.7837 592.7162 192.8262 1.6100 0.6058 0.7046 -1.1659 0.8626 49.7536 1.5623 -0.2156
Pedestrian -1 -1 0.0191 540.3086 169.7220 554.1185 198.4102 1.7169 0.6090 0.8196 -3.4872 1.0733 42.6401 -0.0625 -0.4529
