Car -1 -1 -0.8368 0.0000 201.4664 291.2859 369.0000 1.4358 1.5534 3.9366 -3.1849 1.5973 3.4022 -1.5893 10.3276
Cyclist -1 -1 -1.5866 991.7370 146.6943 1027.9286 216.1355 1.7255 0.7886 1.6898 10.5324 0.8871 18.4947 -1.0689 8.7587
Pedestrian -1 -1 -0.0672 634.7013 164.8808 690.8012 275.4452 1.6651 0.6568 0.8220 0.8375 1.4315 10.9752 0.0089 5.0416
Car -1 -1 1.6948 447.2828 171.7705 481.7668 198.7140 1.5999 1.6369 3.8912 -8.6934 1.0829 43.9797 1.4996 7.6331
Cyclist -1 -1 1.7077 526.2892 172.7592 534.2470 190.0667 1.6903 0.5582 1.6917 -7.3539 0.9354 69.9029 1.6029 0.4450
Pedestrian -1 -1 -0.0804 646.1724 160.3202 694.8364 268.2743 1.7116 0.6220 0.7387 1.0114 1.3933 11.5190 0.0071 4.5136
Car -1 -1 1.8205 316.4877 184.0257 357.1560 206.5333 1.5064 1.6986 4.2764 -18.9852 1.7692 50.2303 1.4591 1.0463
Cyclist -1 -1 2.2461 0.0000 184.3686 38.2105 239.8465 1.7074 0.5919 1.7260 -19.2387 1.8381 22.7466 1.5441 -0.4833
Pedestrian -1 -1 2.0025 11.5438 182.5546 51.6226 242.6617 1.7330 0.6457 0.7988 -16.9573 1.7966 20.8794 1.3204 2.1122
Cyclist -1 -1 -1.5770 585.4482 168.4315 593.1431 192.1234 1.6463 0.5313 1.6604 -1.1099 0.8090 49.9638 -1.5992 -0.5776
Pedestrian -1 -1 2.2207 0.0000 182.4753 34.9562 236.3937 1.7113 0.6529 0.8974 -19.2023 1.7782 22.9334 1.5236 1.9968
Pedestrian -1 -1 0.0615 540.3341 167.2321 554.7107 196.1669 1.7300 0.6208 0.8275 -3.4644 0.9381 42.5888 -0.0197 -0.2171
Pedestrian -1 -1 -3.0866 562.1732 171.2663 574.0376 198.5315 1.7466 0.6229 0.7318 -2.3783 1.1564 45.5996 -3.1387 -0.4171
Pedestrian -1 -1 0.1938 878.4543 154.5795 901.0628 192.5224 1.7763 0.6501 0.8887 13.5217 0.5643 33.6097 0.5763 -0.4882
