Car -1 -1 -0.8200 0.0000 193.6988 300.0686 369.0000 1.4687 1.5765 4.0983 -3.1454 1.5708 3.3186 -1.5786 7.9262
Cyclist -1 -1 -1.6207 991.3770 148.4463 1028.7046 217.2043 1.7069 0.7573 1.6837 10.5225 0.9128 18.4695 -1.1029 8.1881
Pedestrian -1 -1 -0.1020 653.7276 166.3637 703.5832 273.1528 1.6092 0.7178 0.6987 1.0886 1.3978 11.0093 -0.0035 3.2340
Car -1 -1 1.6665 446.0614 172.2526 479.3937 198.6816 1.5571 1.6569 3.8762 -8.7431 1.0725 43.6628 1.4689 6.8938
Cyclist -1 -1 -1.5208 563.2779 169.7329 572.9867 196.0276 1.6683 0.5459 1.6710 -2.3780 0.9865 45.6899 -1.5728 1.3040
Pedestrian -1 -1 -0.1035 657.2129 164.3661 709.0863 270.8242 1.6923 0.5749 0.7823 1.2181 1.4375 11.5226 0.0018 3.0659
Car -1 -1 -0.1465 780.7816 164.3177 861.9976 192.9950 1.5081 1.6414 4.0045 11.6445 0.6585 38.2863 0.1487 0.3446
Cyclist -1 -1 2.1992 0.0000 181.3482 41.1133 236.0100 1.6879 0.5856 1.6770 -19.0635 1.7177 22.7113 1.5009 1.2315
Pedestrian -1 -1 2.1784 0.0000 181.1428 31.8702 237.1802 1.7588 0.6356 0.8499 -19.0384 1.7814 22.6496 1.4795 2.3116
Cyclist -1 -1 -1.5778 584.5543 168.6779 592.5492 192.0912 1.6205 0.5491 1.6066 -1.1577 0.8036 49.7445 -1.6011 0.3811
Pedestrian -1 -1 -1.2821 18.8215 180.8432 56.7907 241.0354 1.7602 0.6855 0.8143 -17.0166 1.7723 21.1834 -1.9588 1.0136
Cyclist -1 -1 -2.9489 484.3243 164.8854 517.9570 197.1567 1.7390 0.5885 1.7288 -5.6501 0.8990 38.4291 -3.0949 -0.7362
Pedestrian -1 -1 0.1276 879.9015 157.1499 900.3430 192.0518 1.6311 0.6347 0.8251 13.5017 0.5413 33.5159 0.5106 0.4090
Pedestrian -1 -1 0.0770 538.7636 167.1259 553.3024 195.7941 1.7128 0.6371 0.8265 -3.5516 0.9151 42.5589 -0.0063 -0.3461
