Car -1 -1 1.7082 438.6506 172.2075 478.7475 202.0483 1.5513 1.6334 3.9095 -7.9737 1.1216 38.7564 1.5053 9.1076
Cyclist -1 -1 -1.6121 990.8779 150.2355 1028.7006 216.6307 1.6551 0.7878 1.6349 10.5492 0.9023 18.5274 -1.0945 8.6132
Pedestrian -1 -1 -0.3627 823.9908 158.6542 900.5363 270.3332 1.7004 0.6759 0.9502 3.9793 1.3694 11.1070 -0.0187 7.0192
Car -1 -1 -0.8474 0.0000 200.1520 296.0560 369.0000 1.4390 1.5632 3.9206 -3.1506 1.5908 3.4155 -1.5925 8.6421
Cyclist -1 -1 1.7116 526.1878 172.5755 534.2111 189.8695 1.6890 0.5577 1.6967 -7.3609 0.9162 69.9053 1.6067 0.6037
Pedestrian -1 -1 -0.3569 814.8937 165.7100 879.7916 266.4830 1.6335 0.7256 0.8235 3.9958 1.3954 11.8314 -0.0312 4.7623
Car -1 -1 2.8934 513.6975 170.7904 575.6483 194.1387 1.4675 1.5945 3.7204 -3.9152 0.8586 45.7971 2.8081 1.9535
Cyclist -1 -1 -1.4618 540.9140 169.8228 552.9772 197.3956 1.6329 0.5535 1.6354 -3.5040 1.0020 42.6935 -1.5437 0.4319
Pedestrian -1 -1 0.0376 539.7783 166.0884 554.0048 195.1009 1.7347 0.6369 0.8321 -3.5039 0.8744 42.6083 -0.0444 -0.4833
Car -1 -1 -0.7238 508.0379 172.9504 557.5873 191.9482 1.4897 1.5808 3.9477 -5.8170 0.8989 57.4227 -0.8247 1.2381
Pedestrian -1 -1 3.2902 491.4588 163.1990 507.8052 196.2681 1.7772 0.6526 0.7894 -5.7183 0.8488 38.3204 3.1421 -0.6076
