Car -1 -1 -0.8326 0.0000 193.9138 293.9328 369.0000 1.4431 1.5734 4.0856 -3.1830 1.5477 3.3573 -1.5913 8.4034
Cyclist -1 -1 -1.6058 992.3888 148.2057 1029.2204 215.7931 1.6799 0.7720 1.6516 10.5490 0.8788 18.4797 -1.0871 8.8445
Pedestrian -1 -1 -0.2540 750.0022 159.8705 813.8264 268.7809 1.7455 0.6713 0.8789 2.8606 1.4165 11.6683 -0.0136 5.5207
Car -1 -1 1.7233 444.0357 173.4628 481.2796 199.4008 1.4600 1.5974 3.8041 -8.3574 1.0653 41.7304 1.5256 7.1326
Cyclist -1 -1 -1.4537 540.2942 168.5127 552.5587 196.4955 1.6576 0.5509 1.6553 -3.5369 0.9489 42.7148 -1.5363 1.6588
Pedestrian -1 -1 1.2909 15.6605 178.8285 51.5750 236.2824 1.8058 0.6669 0.9327 -18.4259 1.7548 22.7578 0.6103 2.7544
Car -1 -1 -3.6477 1005.5621 151.8907 1121.6047 186.0843 1.5879 1.6921 4.3865 21.8418 0.2608 33.8218 -3.0742 0.1255
Pedestrian -1 -1 -0.2579 759.9707 167.6135 825.8439 268.5396 1.5298 0.7295 0.8361 2.8825 1.3361 11.0780 -0.0033 2.7333
Car -1 -1 2.1076 95.8839 167.7077 142.8457 186.2878 1.4700 1.5509 3.5836 -39.6092 0.4592 57.7732 1.5066 -0.0049
Pedestrian -1 -1 0.0405 540.5545 168.8811 554.5105 197.4365 1.7070 0.6131 0.8146 -3.4635 1.0138 42.5847 -0.0407 -0.1735
