Car -1 -1 1.2537 453.2227 174.2766 518.3769 210.5145 1.4239 1.5862 3.8261 -5.1140 1.1809 29.8400 1.0840 10.2666
Cyclist -1 -1 -1.5891 991.5261 151.7429 1028.1814 216.4221 1.6118 0.7980 1.5751 10.5346 0.8967 18.4966 -1.0714 7.8600
Pedestrian -1 -1 -0.5974 1007.0149 149.9051 1090.2682 254.7297 1.6389 0.6756 0.9158 7.0953 1.1622 11.4057 -0.0409 4.7252
Car -1 -1 -0.8230 0.0000 197.0803 290.7158 369.0000 1.4235 1.5800 3.7714 -3.2243 1.5509 3.4691 -1.5719 9.4712
Cyclist -1 -1 1.7064 526.3122 172.9025 534.2484 190.2088 1.6902 0.5581 1.6920 -7.3525 0.9493 69.9009 1.6016 0.4235
Pedestrian -1 -1 -0.5398 977.8874 154.4829 1054.7306 253.4707 1.6336 0.6919 0.9006 6.9303 1.2059 12.0171 -0.0167 3.9022
Car -1 -1 1.9012 316.1515 184.6305 360.2052 206.9930 1.4971 1.6484 4.2276 -18.8949 1.8044 50.2537 1.5416 0.3540
Cyclist -1 -1 -2.5705 481.9633 162.6410 514.6169 194.6614 1.7127 0.5509 1.7311 -5.8118 0.7589 38.4177 -2.7206 0.1414
Pedestrian -1 -1 0.0696 540.1857 168.2773 553.4933 195.8871 1.6516 0.6119 0.7593 -3.5069 0.9218 42.6012 -0.0125 0.4586
Car -1 -1 0.2013 787.6411 162.5345 870.4829 192.8539 1.5435 1.6287 3.9614 11.9106 0.6303 37.6628 0.5076 -0.3898
Cyclist -1 -1 -1.5057 584.5809 168.5322 593.7520 192.5250 1.6604 0.5405 1.6576 -1.1051 0.8335 49.7663 -1.5279 -0.4299
Pedestrian -1 -1 1.9451 273.7782 175.5906 319.8906 256.3105 1.6051 0.6415 0.7326 -6.3222 1.5091 14.4332 1.5322 0.3736
Car -1 -1 -1.3321 679.6395 173.4787 710.7940 192.8328 1.4811 1.5897 3.8599 7.2162 0.9450 56.1900 -1.2044 -0.4422
Pedestrian -1 -1 0.1894 877.5646 155.5285 899.6552 192.7095 1.7406 0.6215 0.8730 13.4600 0.5730 33.5921 0.5705 -0.2626
Car -1 -1 2.8553 489.2055 170.0595 556.7931 195.8441 1.5051 1.6053 3.7584 -4.9625 0.8970 42.7399 2.7397 -0.5086
Pedestrian -1 -1 -0.6760 967.6161 154.2982 1013.0051 218.8238 1.6771 0.6228 0.8555 10.1796 0.9977 18.7546 -0.1787 -0.3827
Car -1 -1 -0.3692 509.8876 172.9791 560.7121 191.8422 1.4841 1.5822 3.7747 -5.6184 0.8936 57.1816 -0.4672 -0.5926
