Car -1 -1 -0.8157 0.0000 204.1302 289.7552 369.0000 1.4374 1.5523 3.9700 -3.2087 1.6183 3.3683 -1.5768 8.7803
Cyclist -1 -1 -1.6016 991.3618 148.7342 1028.5950 216.8188 1.6911 0.7874 1.6903 10.5315 0.9037 18.4883 -1.0838 9.2878
Pedestrian -1 -1 -0.3713 816.0558 159.2286 892.3854 271.9564 1.7089 0.6707 0.9462 3.8391 1.3881 11.0660 -0.0374 6.2650
Car -1 -1 1.7140 437.5266 173.4576 478.4954 202.3395 1.5117 1.6400 4.1916 -8.0864 1.1445 39.1448 1.5103 7.1646
Cyclist -1 -1 -1.4455 540.5338 170.1767 553.3606 197.8098 1.6339 0.5723 1.6423 -3.4988 1.0249 42.6358 -1.5274 1.8935
Pedestrian -1 -1 -0.3381 806.0054 157.9947 874.6385 265.2620 1.7336 0.6442 0.9193 3.8533 1.3715 11.7539 -0.0213 5.4155
Car -1 -1 0.1594 788.6620 158.7652 875.5628 189.9030 1.5820 1.6630 4.1906 12.0576 0.4792 37.6085 0.4696 -0.4732
Cyclist -1 -1 1.0450 873.7151 159.2184 907.5297 195.9010 1.6919 0.6874 1.7723 13.5108 0.7118 33.5313 1.4280 0.5435
Pedestrian -1 -1 0.5328 878.7018 159.7397 902.9380 194.7569 1.6337 0.6334 0.8628 13.5313 0.6666 33.5165 0.9166 1.3171
Cyclist -1 -1 -1.4782 563.2180 171.0094 573.9960 197.2622 1.6646 0.5465 1.6543 -2.3456 1.0642 45.6645 -1.5295 0.5024
Pedestrian -1 -1 -0.1302 539.4481 167.9899 554.9974 196.3408 1.6913 0.6444 0.8563 -3.4876 0.9464 42.5809 -0.2119 0.7676
Cyclist -1 -1 1.7069 525.9819 172.3358 533.8089 189.4958 1.6766 0.5499 1.6668 -7.3924 0.8800 69.9177 1.6016 -0.7014
Pedestrian -1 -1 0.1246 493.1529 167.3892 506.5146 198.8176 1.6897 0.6104 0.6464 -5.7082 0.9862 38.3200 -0.0232 0.0057
Pedestrian -1 -1 0.7187 871.6059 157.6279 896.1834 195.0056 1.7288 0.6232 0.8819 13.0890 0.6724 33.2328 1.0939 -0.0303
Pedestrian -1 -1 -3.0898 561.7534 170.6296 574.6922 197.9536 1.7527 0.6109 0.8046 -2.3733 1.1209 45.6539 -3.1417 -0.6027
