Car -1 -1 -0.8168 0.0000 195.6784 298.9164 369.0000 1.4553 1.5698 4.0540 -3.1805 1.5732 3.3815 -1.5716 8.1955
Cyclist -1 -1 -1.6054 991.2438 147.1655 1029.3504 216.6229 1.7241 0.7998 1.7105 10.5391 0.8982 18.4886 -1.0874 8.3541
Pedestrian -1 -1 0.1987 616.0887 157.2061 678.0742 270.4169 1.7766 0.6654 0.8974 0.6499 1.4127 11.5256 0.2550 3.9209
Car -1 -1 1.7092 448.1356 172.1342 483.5807 198.8515 1.5852 1.6384 3.9167 -8.6024 1.0902 43.9457 1.5159 7.5021
Cyclist -1 -1 1.1208 874.5669 155.6995 906.6940 193.2011 1.7278 0.6973 1.7933 13.4938 0.5866 33.4886 1.5039 0.7418
Pedestrian -1 -1 1.2992 0.0000 180.8103 26.3803 236.1610 1.7681 0.6360 0.9020 -19.5006 1.7800 23.1036 0.5982 3.7924
Car -1 -1 -1.4995 639.5100 167.7429 658.0381 182.9429 1.4447 1.5609 3.5246 4.3260 0.2333 69.0499 -1.4370 1.8829
Pedestrian -1 -1 0.0364 610.8755 163.6779 663.5767 275.9871 1.6956 0.6456 0.7975 0.4656 1.4433 11.0229 0.0787 2.2575
Car -1 -1 1.5001 677.0315 174.4045 700.2436 193.6294 1.4733 1.5515 3.9290 6.6259 1.0075 56.1797 1.6175 -0.0993
Pedestrian -1 -1 3.2860 492.3912 164.8114 508.5948 196.9360 1.7281 0.6317 0.7877 -5.6758 0.8856 38.3476 3.1391 1.9146
Car -1 -1 1.0669 944.6718 146.6151 1015.4939 177.2816 1.5261 1.6183 3.9305 19.8273 -0.1787 37.5766 1.5524 -0.6127
Pedestrian -1 -1 1.9380 274.8070 167.1268 318.1113 246.1888 1.5838 0.6225 0.6540 -6.3608 1.3175 14.4999 1.5246 1.6257
Car -1 -1 -1.3832 521.8464 170.4594 557.6132 195.1642 1.4781 1.5679 3.6918 -4.0402 0.8787 44.2111 -1.4744 -0.6666
Pedestrian -1 -1 0.0590 540.2000 167.0411 553.8755 195.1091 1.6758 0.6073 0.7862 -3.4884 0.8736 42.5209 -0.0228 1.0815
Car -1 -1 0.0193 786.2076 160.3958 870.4001 191.0178 1.5750 1.6587 4.2045 11.9093 0.5424 37.8181 0.3244 -0.8190
Pedestrian -1 -1 2.1593 3.6738 183.8115 45.6221 245.7879 1.7564 0.6411 0.7328 -16.8297 1.8558 20.4719 1.4713 0.7453
Pedestrian -1 -1 0.1558 879.2593 158.2311 900.3439 194.0720 1.6751 0.5977 0.8449 13.4848 0.6358 33.5128 0.5383 -0.5045
