Car -1 -1 -0.8167 0.0000 197.6848 294.0779 369.0000 1.4469 1.5645 4.0492 -3.1700 1.5787 3.3137 -1.5799 8.8112
Cyclist -1 -1 -1.5894 992.7542 148.5231 1028.9702 215.9483 1.6756 0.7847 1.6496 10.5497 0.8825 18.4777 -1.0706 8.5067
Pedestrian -1 -1 -0.1960 698.5549 156.5117 765.7023 271.8554 1.7484 0.6759 0.9168 1.9280 1.3864 11.0609 -0.0235 5.5947
Car -1 -1 1.7281 446.3197 171.9141 484.0799 199.2997 1.5975 1.6503 4.0902 -8.5141 1.0980 43.3144 1.5340 8.3886
Cyclist -1 -1 1.1961 875.0849 157.7802 905.4544 194.4198 1.6924 0.7274 1.7936 13.5032 0.6444 33.5527 1.5787 1.7973
Pedestrian -1 -1 -2.9837 493.2860 165.3269 509.8585 197.5684 1.7334 0.6311 0.8007 -5.6146 0.9191 38.3291 -3.1292 1.1180
Car -1 -1 1.9119 315.4035 183.7416 358.7794 205.7245 1.4779 1.6348 3.9972 -18.9326 1.7183 50.1362 1.5508 1.7312
Cyclist -1 -1 -1.4703 562.4485 173.1584 573.7603 199.5455 1.6711 0.5667 1.6648 -2.3754 1.2075 45.6184 -1.5223 1.2224
Pedestrian -1 -1 0.5263 19.3548 183.9849 62.0971 240.7195 1.7323 0.6389 0.8326 -17.5877 1.8442 22.0071 -0.1480 1.0684
Car -1 -1 -1.5386 636.3840 176.8325 660.3387 198.8948 1.5009 1.5700 4.0416 3.1153 1.2527 50.1811 -1.4766 -0.2237
Cyclist -1 -1 1.6826 526.3193 172.6721 533.9064 190.0080 1.6931 0.5613 1.6987 -7.3693 0.9297 69.9019 1.5776 0.3973
Pedestrian -1 -1 -0.1495 538.8996 168.5793 554.1334 196.9404 1.6914 0.6296 0.8289 -3.5285 0.9818 42.5637 -0.2322 0.4718
Cyclist -1 -1 -1.4687 540.8916 169.6685 553.0905 197.5840 1.6499 0.5688 1.6606 -3.4951 1.0111 42.6202 -1.5505 -0.1533
Pedestrian -1 -1 2.2397 868.3093 157.5291 887.8880 189.5916 1.6879 0.6341 0.7676 14.5455 0.4800 37.6857 2.6081 0.0286
Pedestrian -1 -1 3.6763 0.0000 187.6009 25.8450 243.1650 1.6934 0.6301 0.7971 -18.7193 1.9199 22.0174 2.9717 -0.0129
Pedestrian -1 -1 -0.7130 985.6720 153.2730 1029.8137 220.8154 1.7184 0.6200 0.7807 10.4195 1.0273 18.3641 -0.1969 -0.1320
Pedestrian -1 -1 -0.1965 700.9805 160.5220 765.1846 267.9049 1.7108 0.6631 0.9222 2.0425 1.3942 11.6012 -0.0223 -0.2202
Pedestrian -1 -1 -2.4717 876.8003 156.2500 901.1061 192.4720 1.6907 0.6452 0.8529 13.4465 0.5603 33.5281 -2.0903 -0.7107
