Car -1 -1 -0.8387 0.0000 190.7185 290.9761 369.0000 1.4371 1.5578 3.9486 -3.1733 1.5165 3.3748 -1.5933 8.9591
Cyclist -1 -1 -1.6081 990.8492 150.3348 1028.0701 217.8773 1.6801 0.7781 1.6679 10.5262 0.9314 18.5022 -1.0908 7.9099
Pedestrian -1 -1 0.2876 522.8081 163.4942 578.6777 271.5721 1.6958 0.6431 0.7555 -0.9176 1.4306 11.4815 0.2078 5.1862
Car -1 -1 1.6805 446.8493 172.1792 481.2193 198.8537 1.5750 1.6624 3.9962 -8.6881 1.0851 43.8062 1.4847 7.0706
Pedestrian -1 -1 0.3078 497.1383 163.8660 562.5892 276.7348 1.6814 0.6498 0.8515 -1.1975 1.4352 10.9302 0.1987 5.0996
Car -1 -1 -1.5912 643.7605 167.1011 664.4387 185.6259 1.4474 1.5860 3.6762 3.9529 0.4018 57.1146 -1.5221 3.8191
Pedestrian -1 -1 -0.5399 1153.5819 128.6745 1223.0000 303.2239 1.7409 0.6615 0.8060 6.3738 1.2257 7.4406 0.1685 3.9745
Car -1 -1 -1.6211 677.6587 174.8783 700.1803 194.2627 1.4861 1.5749 3.9632 6.6548 1.0563 56.2298 -1.5033 0.3235
Pedestrian -1 -1 -0.6740 1113.8200 135.5655 1223.0000 291.1739 1.7214 0.6450 0.8307 6.4598 1.2260 8.1405 -0.0032 3.9013
Car -1 -1 -1.7824 718.1763 162.6969 748.6724 183.1577 1.6117 1.6378 4.0079 10.4565 0.2106 57.7189 -1.6032 0.3093
Pedestrian -1 -1 -0.1456 561.8604 169.0221 574.8856 195.8856 1.7211 0.6109 0.7591 -2.3692 0.9871 45.6694 -0.1974 0.0702
Car -1 -1 -1.7388 762.6770 164.3185 801.9018 191.8667 1.5839 1.6484 3.9594 10.6424 0.6549 42.6832 -1.4944 -0.8305
