Car -1 -1 1.2748 449.6574 172.7415 511.5674 209.5357 1.4646 1.5852 3.6747 -5.3795 1.1572 30.1352 1.0981 10.9050
Cyclist -1 -1 1.7270 510.6161 166.9751 520.4119 186.9291 1.6920 0.5766 1.7229 -7.6737 0.5464 60.8202 1.6015 -0.1635
Pedestrian -1 -1 -0.5403 970.0531 150.2380 1048.9075 251.8930 1.6813 0.6126 0.9877 6.8104 1.1824 12.0070 -0.0244 5.0112
Car -1 -1 -0.8154 0.0000 190.9958 295.1858 369.0000 1.4520 1.5589 3.9940 -3.1642 1.5329 3.3334 -1.5748 6.9016
Cyclist -1 -1 2.1576 109.9195 159.4397 145.2332 195.0904 1.7115 0.5892 1.7191 -23.4956 0.7019 34.8006 1.5638 -0.2278
Pedestrian -1 -1 -0.7317 1002.8668 149.6708 1079.1216 258.7426 1.6835 0.6379 0.8212 6.9101 1.2093 11.2962 -0.1827 4.1400
Car -1 -1 2.0639 96.1104 167.3793 141.4223 186.0000 1.4725 1.5597 3.5454 -39.6478 0.4362 57.7556 1.4623 -0.0896
Cyclist -1 -1 -1.5980 585.0032 169.3345 593.1630 193.1430 1.6583 0.5306 1.6714 -1.1279 0.8819 50.0908 -1.6205 -0.3316
Pedestrian -1 -1 0.9343 491.2328 163.4944 509.3619 195.8288 1.7335 0.6203 0.7993 -5.6990 0.8232 38.4034 0.7870 0.7923
Car -1 -1 1.6305 678.4802 174.5809 701.4974 193.8372 1.4776 1.5858 4.0445 6.8207 1.0247 56.3820 1.7509 -0.3467
Cyclist -1 -1 1.7051 526.0227 171.2895 534.1421 188.4185 1.6736 0.5796 1.6845 -7.3746 0.7748 69.9266 1.6000 -0.5819
Pedestrian -1 -1 -0.5634 984.3452 145.3528 1083.4579 274.9663 1.7304 0.5475 1.0326 5.8331 1.2628 9.7200 -0.0229 0.2666
Cyclist -1 -1 -1.5486 517.2493 171.3829 528.4143 201.8053 1.6451 0.5790 1.6449 -4.5447 1.1535 39.0758 -1.6644 -0.6356
Pedestrian -1 -1 0.0354 540.1398 170.2579 554.2603 198.4774 1.6852 0.6104 0.8267 -3.4801 1.0749 42.5423 -0.0462 -0.3427
Pedestrian -1 -1 1.2009 880.4208 154.8040 900.6956 191.7778 1.7308 0.6232 0.8549 13.5184 0.5294 33.5240 1.5842 -0.7374
Pedestrian -1 -1 2.6290 968.8598 143.5814 1011.5116 210.9785 1.7579 0.6656 0.7657 10.1852 0.7965 18.7753 3.1261 -0.7531
