Car -1 -1 -0.8408 0.0000 195.7714 296.8531 369.0000 1.4419 1.5512 4.0066 -3.1687 1.5613 3.4243 -1.5874 9.5181
Cyclist -1 -1 -1.6186 992.4904 149.2538 1030.4453 217.3901 1.6916 0.7747 1.6779 10.5607 0.9174 18.4719 -1.0992 8.8140
Pedestrian -1 -1 -0.3594 792.0138 149.8760 903.2849 315.7157 1.7772 0.6459 1.0135 2.6434 1.4507 7.9136 -0.0370 7.5554
Car -1 -1 1.7069 447.5473 171.3783 484.8035 199.2526 1.6467 1.7083 4.2815 -8.5761 1.1092 43.9503 1.5142 7.2810
Cyclist -1 -1 -0.7169 1144.2043 125.8310 1223.0000 242.1080 1.8463 0.6317 1.8696 9.9353 0.9799 11.5438 -0.0062 5.7646
Pedestrian -1 -1 0.4874 228.5989 168.8405 308.2887 281.5320 1.7105 0.6474 0.9336 -5.3005 1.5352 11.0697 0.0408 5.7986
Car -1 -1 -2.7271 752.1456 167.6079 845.0797 201.4878 1.4664 1.6096 3.7800 8.8215 0.9099 32.4122 -2.4613 6.3575
Cyclist -1 -1 -1.5345 564.4109 171.3239 573.9992 197.9220 1.6899 0.5611 1.6870 -2.3123 1.1082 45.7635 -1.5850 2.2052
Pedestrian -1 -1 -0.2739 762.2567 153.9872 857.4902 306.5547 1.7739 0.6658 0.9585 2.4068 1.4673 8.5489 0.0005 4.7570
Car -1 -1 2.1482 100.7964 166.2109 147.4236 184.5175 1.4605 1.5077 3.5005 -39.4913 0.3217 58.1665 1.5518 0.5035
Cyclist -1 -1 -1.4827 540.6772 168.4407 552.2031 196.3717 1.6540 0.5529 1.6468 -3.5344 0.9413 42.6896 -1.5653 1.7226
Pedestrian -1 -1 0.4758 268.8252 170.1814 335.1636 275.7768 1.6798 0.6284 0.8018 -4.9982 1.5173 11.5834 0.0684 4.6722
Cyclist -1 -1 -0.8325 1157.6749 139.9120 1223.0000 227.4389 1.7091 0.5937 1.7323 12.1072 0.9182 14.2052 -0.1266 0.5121
Pedestrian -1 -1 -0.7125 1161.6638 123.1741 1223.0000 238.0606 1.8233 0.6628 0.7875 9.7097 0.9152 11.5532 -0.0136 1.3244
Cyclist -1 -1 1.1192 869.8739 156.5289 899.6378 193.0903 1.7170 0.6202 1.7738 13.4627 0.5927 34.1071 1.4952 -0.2850
Pedestrian -1 -1 0.0508 539.3181 166.3287 553.0390 194.7352 1.6981 0.6004 0.7948 -3.5443 0.8523 42.5734 -0.0322 0.5760
