Car -1 -1 -0.8052 0.0000 195.6298 293.9674 369.0000 1.4537 1.5636 4.0686 -3.1789 1.5696 3.2953 -1.5727 9.2142
Cyclist -1 -1 -1.5979 992.2733 148.7054 1029.4583 216.6319 1.6901 0.7937 1.6591 10.5652 0.9006 18.5059 -1.0792 8.5740
Pedestrian -1 -1 -0.2019 714.0009 157.5080 783.7008 271.2039 1.7318 0.6617 0.9561 2.1968 1.3832 11.0984 -0.0065 5.8773
Car -1 -1 1.7207 444.8791 172.6317 482.2297 199.4883 1.5546 1.6579 3.9193 -8.5387 1.1005 42.9180 1.5243 7.6955
Cyclist -1 -1 -1.5403 585.3592 168.9275 593.9876 192.6790 1.6500 0.5613 1.6450 -1.0732 0.8474 49.9374 -1.5618 0.8667
Pedestrian -1 -1 0.6807 16.6140 180.9476 59.6355 237.2899 1.7415 0.6398 0.8376 -17.8051 1.7572 22.1754 0.0041 1.5312
Car -1 -1 1.9139 314.4631 184.1563 359.6915 206.5324 1.4973 1.6593 4.2773 -18.9360 1.7691 50.1615 1.5530 0.5231
Cyclist -1 -1 1.0601 875.2330 157.9934 908.8326 195.2156 1.7124 0.7121 1.7346 13.5361 0.6785 33.4282 1.4448 0.6054
Pedestrian -1 -1 0.2152 878.4747 155.7832 900.5541 192.5795 1.7218 0.6048 0.8637 13.4949 0.5667 33.5729 0.5974 1.0452
Car -1 -1 1.4571 677.7010 174.9221 703.1641 194.1273 1.4716 1.5683 3.8989 6.7598 1.0455 56.1280 1.5770 0.1846
Cyclist -1 -1 1.7046 526.2755 172.7550 534.2250 190.0070 1.6850 0.5627 1.6892 -7.3558 0.9297 69.9047 1.5998 0.4311
Pedestrian -1 -1 -0.7096 538.1570 169.0437 555.1579 198.1224 1.7312 0.6101 0.8220 -3.5194 1.0505 42.5964 -0.7920 -0.3456
Pedestrian -1 -1 -3.0115 512.9701 173.2319 528.6019 201.8116 1.5652 0.6352 0.7823 -4.6568 1.1686 39.0405 -3.1302 -0.4008
