Car -1 -1 -1.9217 661.3098 167.5113 710.2666 194.5466 1.4752 1.6118 3.6893 4.5716 0.7679 40.5582 -1.8095 9.2133
Cyclist -1 -1 -1.4626 540.6906 169.7425 552.9986 197.5456 1.6435 0.5673 1.6448 -3.5040 1.0090 42.6207 -1.5447 2.4126
Pedestrian -1 -1 0.2858 371.3908 160.8115 441.2925 272.1339 1.7686 0.6281 0.9631 -3.2758 1.4575 11.5468 0.0093 6.5191
Car -1 -1 -0.8038 0.0000 190.7263 282.7700 369.0000 1.4401 1.5646 4.0136 -3.2423 1.5188 3.3022 -1.5801 8.4400
Cyclist -1 -1 -1.5178 563.7175 170.9825 573.5672 197.1772 1.6638 0.5516 1.6496 -2.3471 1.0606 45.7300 -1.5691 -0.0925
Pedestrian -1 -1 0.1624 338.7687 168.2555 405.0760 278.0987 1.6264 0.7360 0.8657 -3.6194 1.4467 10.8955 -0.1583 6.2845
Car -1 -1 1.7625 447.0048 171.2790 484.7848 198.0779 1.5926 1.6055 3.8223 -8.5951 1.0460 43.9250 1.5693 7.2906
Cyclist -1 -1 -1.5276 584.0234 169.6315 592.7918 192.9817 1.6196 0.5507 1.6163 -1.1606 0.8670 49.8491 -1.5509 -0.1838
Pedestrian -1 -1 -0.5324 941.6549 142.8595 1062.9886 311.3648 1.7633 0.6565 0.9557 4.2720 1.3711 7.7350 -0.0278 5.4809
Pedestrian -1 -1 -0.4742 905.2133 149.1396 1017.2154 302.8820 1.7334 0.7066 0.9598 4.1207 1.3815 8.3271 -0.0146 5.3013
Pedestrian -1 -1 0.0154 563.2890 169.8757 575.0308 196.5409 1.7109 0.6115 0.7492 -2.3143 1.0306 45.6808 -0.0352 -0.6369
