Car -1 -1 -0.8514 0.0000 204.8597 295.6862 369.0000 1.4300 1.5490 3.8236 -3.1336 1.6164 3.4296 -1.5918 9.9039
Cyclist -1 -1 -1.6020 991.7871 146.8262 1028.0556 215.6826 1.7128 0.7658 1.6854 10.5416 0.8768 18.5071 -1.0843 8.0347
Pedestrian -1 -1 0.0352 566.0058 162.7581 624.1408 273.0229 1.6618 0.6382 0.8771 -0.1910 1.3961 10.9780 0.0178 6.2023
Car -1 -1 1.6264 448.7780 172.1780 479.5226 198.5541 1.5594 1.6590 3.8578 -8.6904 1.0688 43.8233 1.4307 7.7595
Cyclist -1 -1 1.5044 644.0473 171.8194 652.3657 191.4088 1.7102 0.6197 1.7335 3.8409 0.9535 62.5908 1.5657 0.2004
Pedestrian -1 -1 0.0173 580.9792 163.2083 628.6225 271.1865 1.7075 0.6176 0.7538 -0.0451 1.4357 11.4894 0.0134 4.2989
Car -1 -1 2.1034 98.9463 165.5866 146.0284 184.3506 1.4922 1.5705 3.6322 -39.5675 0.3075 58.0882 1.5054 1.1729
Cyclist -1 -1 1.7111 526.1088 173.1885 534.2842 190.4966 1.6910 0.5716 1.7139 -7.3647 0.9778 69.9401 1.6062 -0.1606
Pedestrian -1 -1 -2.2313 0.0000 181.5809 35.0504 246.5675 1.7667 0.6533 0.8582 -16.5428 1.7989 19.6391 -2.9313 1.9204
Car -1 -1 -1.6376 677.3181 174.4263 700.2751 193.4996 1.4665 1.5625 3.7343 6.6503 1.0008 56.2627 -1.5199 0.2025
Pedestrian -1 -1 -0.5029 967.1666 150.3415 1011.9605 215.7137 1.7114 0.6259 0.8504 10.1932 0.9234 18.8203 -0.0065 0.0493
Pedestrian -1 -1 0.1836 878.8691 155.4312 900.3666 192.1741 1.7203 0.6144 0.8498 13.5052 0.5480 33.5852 0.5659 -0.3452
