Car -1 -1 -0.8179 0.0000 199.2943 289.3818 369.0000 1.4406 1.5552 3.9817 -3.2330 1.5860 3.4078 -1.5769 11.1739
Cyclist -1 -1 -1.6173 990.5345 144.2906 1026.3263 216.4684 1.7917 0.7254 1.7841 10.5016 0.8945 18.5064 -1.1012 5.4792
Pedestrian -1 -1 -0.5660 980.0844 141.9488 1111.7976 310.5532 1.7679 0.6454 1.0396 4.7500 1.3654 7.7395 -0.0155 6.7850
Car -1 -1 1.8407 445.0890 171.2524 489.3236 198.4871 1.6101 1.6605 4.1143 -8.4998 1.0647 43.9104 1.6495 7.7366
Cyclist -1 -1 -1.4300 540.5565 169.9232 553.1805 197.1029 1.6064 0.5406 1.6018 -3.5009 0.9826 42.5989 -1.5120 1.2838
Pedestrian -1 -1 -0.5109 947.2263 143.2451 1063.9434 300.9395 1.7866 0.6307 1.0163 4.6422 1.3662 8.3222 -0.0021 6.7148
Car -1 -1 -1.7796 655.4173 167.3188 693.3398 193.3471 1.5232 1.6006 3.5392 4.1922 0.7532 43.2188 -1.6829 7.5962
Cyclist -1 -1 1.6865 526.4630 172.0374 534.1149 189.3690 1.6923 0.5619 1.6926 -7.3500 0.8671 69.8837 1.5817 0.7646
Pedestrian -1 -1 0.2530 399.3273 162.9464 463.8775 272.2136 1.7389 0.5951 0.9061 -2.8656 1.4612 11.5492 0.0098 6.6595
Car -1 -1 1.8549 316.0478 184.3961 358.9068 206.7902 1.4981 1.6883 4.4046 -18.9757 1.7893 50.3411 1.4944 2.2875
Cyclist -1 -1 2.2183 0.0000 181.1567 34.7987 235.9718 1.7088 0.5616 1.7202 -19.4637 1.7324 22.9312 1.5145 0.5086
Pedestrian -1 -1 0.2881 365.3237 166.0907 436.1238 278.3937 1.6841 0.6656 0.9021 -3.1898 1.4697 10.9329 0.0043 6.1360
Car -1 -1 -0.6783 1028.0041 154.4352 1136.0591 187.9081 1.5533 1.6712 4.1565 22.7523 0.3452 33.8167 -0.0861 -0.1550
Cyclist -1 -1 -1.4939 584.6196 169.0896 594.0491 192.8266 1.6468 0.5425 1.6408 -1.0956 0.8565 49.8822 -1.5159 -0.1922
Pedestrian -1 -1 -0.1090 539.1381 168.9479 554.2135 197.3527 1.6974 0.6267 0.8422 -3.5249 1.0085 42.6352 -0.1915 0.9726
Car -1 -1 -1.5641 107.3395 168.0480 130.8819 186.4160 1.4604 1.5556 3.4749 -39.8859 0.4716 58.0871 -2.1658 -0.7958
Cyclist -1 -1 -1.4706 562.8229 170.5383 574.1528 196.8712 1.6673 0.5684 1.6621 -2.3500 1.0379 45.6055 -1.5221 -0.2725
Pedestrian -1 -1 -3.0874 562.0966 169.6362 574.3608 196.6073 1.7267 0.6183 0.7579 -2.3689 1.0326 45.5716 -3.1394 -0.5557
