Car -1 -1 -0.7896 0.0000 201.8233 293.3292 369.0000 1.4917 1.5936 4.0817 -3.2021 1.6538 3.2671 -1.5650 10.9308
Cyclist -1 -1 -1.5907 992.4773 151.0385 1028.7474 218.1725 1.6660 0.7828 1.6422 10.5270 0.9365 18.4496 -1.0722 9.6901
Pedestrian -1 -1 -0.4042 836.1771 144.2164 955.6507 313.4830 1.8176 0.6443 1.0692 3.1848 1.4297 7.9212 -0.0219 7.5209
Car -1 -1 -2.4220 707.1934 167.3468 791.0597 198.5600 1.4396 1.6055 3.9422 6.9864 0.8344 34.6581 -2.2231 8.4130
Cyclist -1 -1 -1.5168 542.1031 168.6089 552.7496 196.5114 1.6529 0.5547 1.6560 -3.4772 0.9498 42.7142 -1.5980 3.0372
Pedestrian -1 -1 -0.3495 804.9002 154.8891 908.7116 305.3274 1.7454 0.6156 1.0272 2.9623 1.4499 8.5135 -0.0146 6.7340
Car -1 -1 1.7388 446.3892 171.1876 484.6688 198.7350 1.6337 1.6704 4.1411 -8.6305 1.0828 44.0177 1.5452 6.3031
Cyclist -1 -1 -1.4811 563.2079 170.0580 574.2530 196.7294 1.6898 0.5650 1.6917 -2.3364 1.0296 45.6467 -1.5323 1.2759
Pedestrian -1 -1 0.3724 304.1263 165.4647 371.3087 273.4446 1.7265 0.6424 0.8604 -4.4267 1.4878 11.6251 0.0086 5.2605
Car -1 -1 1.6306 686.5278 175.4384 713.5803 197.8199 1.4811 1.6181 4.0497 6.6165 1.1475 48.9272 1.7650 0.6744
Cyclist -1 -1 1.3796 776.2306 159.5905 793.6425 190.0825 1.7148 0.6507 1.7280 10.3251 0.5403 40.6395 1.6284 0.5178
Pedestrian -1 -1 0.4098 260.8179 169.2397 336.9630 280.1375 1.6684 0.6681 0.8935 -4.7782 1.5006 10.9665 -0.0011 4.8166
Pedestrian -1 -1 -0.6974 538.0909 169.4413 555.3535 198.0639 1.7042 0.6142 0.8383 -3.5164 1.0472 42.6070 -0.7798 0.1713
Pedestrian -1 -1 -3.2422 561.5289 170.2259 575.2588 196.4741 1.6802 0.6431 0.8240 -2.3666 1.0239 45.6355 -3.2940 -0.8217
