Car -1 -1 -0.8096 0.0000 191.4991 295.5801 369.0000 1.4397 1.5761 4.0686 -3.2019 1.5254 3.3567 -1.5714 8.7639
Cyclist -1 -1 -1.6188 990.2283 146.5609 1028.4489 216.1564 1.7353 0.7830 1.7453 10.5663 0.8907 18.5804 -1.1018 7.9255
Pedestrian -1 -1 -0.6120 1053.3281 140.3913 1171.6147 287.0995 1.7268 0.7110 0.9411 6.1509 1.2564 8.6751 0.0048 5.2548
Car -1 -1 1.7007 447.9814 171.8011 483.5580 199.2306 1.6238 1.6609 4.0354 -8.6007 1.1102 43.9186 1.5074 6.1409
Cyclist -1 -1 -0.5348 914.8992 154.7199 1039.4729 261.7363 1.6966 0.5934 1.7433 6.0142 1.2896 11.5484 -0.0546 7.3393
Pedestrian -1 -1 -0.1296 672.8902 145.8633 768.6846 318.2763 1.8439 0.6868 0.9720 1.2222 1.4752 7.9116 0.0237 5.2038
Car -1 -1 -3.3932 906.4642 160.1361 1026.7762 199.7923 1.5687 1.6560 4.1406 14.8175 0.7646 29.2195 -2.9239 4.0661
Cyclist -1 -1 1.1981 859.3861 157.6421 884.0782 192.1806 1.6855 0.5720 1.7018 13.3099 0.5715 35.3544 1.5582 1.3335
Pedestrian -1 -1 -0.1014 651.6121 162.8651 734.6015 304.8175 1.6777 0.7135 0.9425 1.0162 1.4710 8.7153 0.0147 3.9143
Car -1 -1 0.1793 786.7004 160.6522 871.1878 190.1159 1.4928 1.6055 4.0478 11.8447 0.4886 37.4731 0.4854 -0.1972
Cyclist -1 -1 -1.4241 540.1209 169.9139 553.2589 197.2384 1.6113 0.5602 1.6084 -3.5041 0.9884 42.5092 -1.5064 0.9750
Pedestrian -1 -1 0.5047 192.6255 174.0207 259.0340 274.7768 1.6303 0.6135 0.7735 -6.3330 1.5272 11.7466 0.0103 3.8959
Car -1 -1 -1.8510 757.1066 162.0479 804.9633 191.1834 1.6586 1.6842 4.1686 10.4726 0.6095 42.3591 -1.6087 -0.6406
Cyclist -1 -1 1.7098 526.3011 171.9389 534.4013 189.0927 1.6751 0.5721 1.6673 -7.3437 0.8402 69.8838 1.6051 -0.6162
Pedestrian -1 -1 0.5319 158.4555 173.1468 237.7221 277.0681 1.6061 0.6601 0.8823 -6.5084 1.4942 11.2562 0.0076 2.1581
Pedestrian -1 -1 0.0519 539.7417 168.3640 553.1577 195.8516 1.6453 0.6091 0.7766 -3.5329 0.9203 42.6326 -0.0308 0.8172
