Car -1 -1 -0.8230 0.0000 195.4884 294.0240 369.0000 1.4483 1.5715 4.0776 -3.1796 1.5642 3.3324 -1.5850 8.0020
Cyclist -1 -1 -1.6263 991.2000 148.5095 1030.2499 216.9981 1.7021 0.7891 1.6538 10.5474 0.9087 18.4834 -1.1078 9.9485
Pedestrian -1 -1 -0.1418 684.7475 166.8242 741.4489 273.3088 1.6201 0.6652 0.7895 1.6363 1.4137 11.0865 0.0047 2.7465
Car -1 -1 1.6854 446.0882 172.7421 480.3123 198.8697 1.5315 1.6284 3.9034 -8.6706 1.0781 43.4519 1.4884 7.4263
Cyclist -1 -1 -0.7004 1157.4318 140.5796 1223.0000 228.6833 1.7193 0.5661 1.7470 12.0631 0.9419 14.0828 0.0079 -0.4706
Pedestrian -1 -1 -2.4606 19.2018 181.4430 61.8376 237.4975 1.6968 0.6311 0.8076 -17.3725 1.7278 21.7267 -3.1351 1.5926
Car -1 -1 0.0546 773.3777 161.6242 849.1200 190.6051 1.5627 1.6410 3.9850 11.5367 0.5463 39.5549 0.3384 -0.7619
Pedestrian -1 -1 -1.3080 788.2280 163.1821 805.7196 193.1744 1.5804 0.7208 0.7949 10.2492 0.6693 37.7777 -1.0431 0.1040
Car -1 -1 1.0408 966.7500 146.5132 1043.9787 178.3289 1.4811 1.5935 3.8632 19.7704 -0.1124 35.1209 1.5535 -0.7888
Pedestrian -1 -1 0.0540 540.3700 167.0696 554.5628 195.8057 1.7165 0.6084 0.8205 -3.4644 0.9156 42.5448 -0.0272 0.0495
Pedestrian -1 -1 0.3709 878.5293 156.0349 902.4101 193.5165 1.7465 0.6446 0.8743 13.4995 0.6080 33.4751 0.7543 -0.2812
Pedestrian -1 -1 -3.0811 561.9521 170.3316 574.8628 196.3612 1.6688 0.6254 0.7968 -2.3607 1.0182 45.6407 -3.1328 -0.4507
