Car -1 -1 -0.8250 0.0000 201.7792 292.1326 369.0000 1.4381 1.5554 3.9271 -3.1805 1.6009 3.3764 -1.5805 8.9775
Cyclist -1 -1 -1.6265 991.3735 150.1918 1029.5379 218.1450 1.6905 0.7684 1.6856 10.5563 0.9381 18.5106 -1.1082 7.7839
Pedestrian -1 -1 -0.2805 759.7315 151.8536 863.6414 314.6020 1.7552 0.6559 0.9749 2.2515 1.4479 7.9505 -0.0046 6.7659
Car -1 -1 -2.9651 799.3605 163.4947 895.5126 201.5729 1.5834 1.6023 3.7672 10.5996 0.8777 31.0090 -2.6358 8.2993
Cyclist -1 -1 -0.6114 1076.9235 132.0908 1223.0000 246.2978 1.8046 0.6359 1.8709 8.8092 1.0414 11.5237 0.0412 5.4520
Pedestrian -1 -1 -0.2293 720.8949 150.8150 815.8998 303.2374 1.7875 0.6553 1.0024 1.9221 1.4410 8.6192 -0.0099 4.4202
Car -1 -1 1.7062 448.6304 171.7824 484.0546 199.4896 1.6446 1.6470 3.9392 -8.5778 1.1285 43.9757 1.5136 8.0464
Cyclist -1 -1 -0.9843 244.3850 159.0407 275.2901 192.5793 1.7408 0.6080 1.7577 -18.3540 0.6284 37.6057 -1.4384 -0.7041
Pedestrian -1 -1 -0.7190 1149.2981 129.3775 1223.0000 281.9166 1.7654 0.6588 0.9922 7.2580 1.1755 8.5141 -0.0131 4.2921
Car -1 -1 1.5365 677.3183 174.2518 698.9183 193.4453 1.4786 1.5708 4.0590 6.6295 0.9985 56.5499 1.6532 0.9786
Pedestrian -1 -1 0.4810 214.9758 180.9380 280.8584 282.6180 1.5501 0.6700 0.6952 -5.6468 1.5588 11.1154 0.0110 1.1800
Pedestrian -1 -1 0.0448 539.7327 167.1887 553.2309 195.2667 1.6805 0.6155 0.7853 -3.5310 0.8851 42.6341 -0.0378 0.4613
Pedestrian -1 -1 -0.6496 1090.4950 138.6742 1172.4570 245.8262 1.7035 0.6414 0.8626 8.5492 1.0402 11.5620 -0.0129 0.1989
