Car -1 -1 1.7062 445.0298 172.2135 480.4984 199.6398 1.5962 1.6213 3.8161 -8.6269 1.1153 43.1008 1.5086 8.4593
Cyclist -1 -1 -1.6298 990.2456 144.0870 1030.1954 214.2032 1.7407 0.8018 1.6945 10.5340 0.8383 18.4850 -1.1118 8.8636
Pedestrian -1 -1 -0.1787 699.1270 163.4931 759.3956 268.2881 1.6739 0.6078 0.8770 1.9808 1.4039 11.5969 -0.0096 4.7794
Car -1 -1 -0.8199 0.0000 203.8290 293.9507 369.0000 1.4327 1.5683 3.9448 -3.1788 1.6109 3.3663 -1.5767 8.3757
Cyclist -1 -1 -1.4990 564.4993 171.2835 575.0412 197.8599 1.6885 0.5641 1.6839 -2.2753 1.1043 45.7638 -1.5486 1.8422
Pedestrian -1 -1 -0.2131 709.1427 165.2545 772.6815 274.0862 1.6449 0.7088 0.8410 2.0631 1.4161 11.0477 -0.0284 3.5481
Cyclist -1 -1 -1.4559 540.5844 169.3048 552.6921 197.2971 1.6541 0.5436 1.6509 -3.5155 0.9939 42.6085 -1.5382 1.3585
Pedestrian -1 -1 0.1967 879.3218 155.0976 901.5901 190.8279 1.6699 0.6474 0.8704 13.5302 0.4841 33.5486 0.5800 1.6220
Cyclist -1 -1 -1.5021 584.4093 168.4053 593.7450 192.3609 1.6634 0.5489 1.6518 -1.1147 0.8249 49.9267 -1.5245 -0.7697
Pedestrian -1 -1 1.9499 272.5545 169.1139 318.3604 251.7666 1.6496 0.6558 0.6771 -6.3614 1.4240 14.4562 1.5354 1.6123
Pedestrian -1 -1 -2.9825 492.6798 163.1320 509.5069 196.0580 1.7694 0.6577 0.8095 -5.6398 0.8375 38.3253 -3.1286 1.4760
Pedestrian -1 -1 -3.0435 540.3894 168.4834 554.0556 195.8007 1.6339 0.5964 0.7666 -3.4829 0.9165 42.5888 -3.1251 1.1816
Pedestrian -1 -1 -0.9945 18.8552 186.7132 59.2598 241.1935 1.6600 0.6300 0.8418 -17.7051 1.8597 22.0910 -1.6701 0.5763
