Car -1 -1 0.0369 695.2215 166.9244 834.0888 213.9332 1.4160 1.6179 4.1831 5.0501 1.0086 22.6059 0.2567 11.2372
Cyclist -1 -1 -1.5823 991.4005 150.2219 1027.4819 217.5615 1.6684 0.7840 1.6212 10.4798 0.9198 18.4122 -1.0649 9.4355
Pedestrian -1 -1 -0.8601 1158.2721 135.9993 1223.0000 234.2380 1.6741 0.7367 0.9081 10.4608 0.9174 12.4806 -0.1625 4.2825
Car -1 -1 -0.8216 0.0000 204.0245 289.8751 369.0000 1.4391 1.5665 4.0327 -3.1857 1.6187 3.3121 -1.5876 11.0844
Cyclist -1 -1 -1.5032 542.0299 169.1785 553.1586 196.8766 1.6400 0.5623 1.6396 -3.4644 0.9710 42.6837 -1.5841 2.5929
Pedestrian -1 -1 0.3532 878.8939 155.3383 902.6929 192.7285 1.7443 0.6104 0.8895 13.5266 0.5719 33.5047 0.7369 1.0954
Car -1 -1 1.9268 315.1509 183.9836 359.6954 205.9799 1.4798 1.6497 4.0606 -18.9454 1.7386 50.2387 1.5662 0.3832
Cyclist -1 -1 -1.6194 1184.2764 127.8006 1223.0000 232.0094 1.7095 0.5628 1.7178 10.5569 0.8467 12.4466 -0.9160 1.6688
Pedestrian -1 -1 1.9260 275.7730 172.1175 318.5922 249.4545 1.5408 0.6150 0.6504 -6.3130 1.3754 14.4239 1.5134 0.5060
Car -1 -1 -1.7641 762.9487 155.4909 804.6845 183.8863 1.6191 1.6418 4.2030 10.6690 0.1945 42.4518 -1.5179 -0.1015
Cyclist -1 -1 1.6700 526.6778 171.2943 534.0106 188.5324 1.6837 0.5578 1.6903 -7.3464 0.7857 69.9003 1.5652 1.0730
Pedestrian -1 -1 0.0633 539.4696 168.9730 553.8510 196.9026 1.6714 0.6195 0.8275 -3.5193 0.9829 42.6244 -0.0191 0.4439
Car -1 -1 2.2131 0.0000 195.7933 80.6832 228.5581 1.4751 1.5682 3.8253 -28.5514 2.2880 35.5739 1.5368 -0.5872
Cyclist -1 -1 -0.6689 1174.0498 148.2568 1223.0000 216.1543 1.6281 0.5979 1.6232 14.9437 0.8566 17.2839 0.0441 -0.6903
Pedestrian -1 -1 3.2854 492.3637 166.2181 508.3094 198.1636 1.7177 0.6238 0.7746 -5.6812 0.9512 38.3258 3.1383 0.1762
