Car -1 -1 -0.8228 0.0000 196.5252 296.9520 369.0000 1.4411 1.5608 4.0097 -3.1804 1.5654 3.3947 -1.5757 8.9075
Cyclist -1 -1 -1.6147 991.5960 146.1449 1030.2819 216.7466 1.7428 0.7933 1.6772 10.4911 0.8964 18.3760 -1.0959 9.5001
Pedestrian -1 -1 0.2086 879.0398 155.1321 902.4565 192.7495 1.7546 0.6492 0.9143 13.5232 0.5728 33.4980 0.5923 1.9490
Car -1 -1 1.9081 315.3758 186.9635 360.4829 209.5749 1.4937 1.6773 4.2499 -18.8410 1.9723 50.0684 1.5482 -0.8430
Cyclist -1 -1 -1.4969 563.0489 168.7017 573.5079 195.1297 1.6754 0.5545 1.6752 -2.3668 0.9288 45.6628 -1.5487 1.2931
Pedestrian -1 -1 -0.5137 989.3018 150.9119 1031.8937 217.9690 1.6901 0.6199 0.7369 10.3551 0.9459 18.1270 0.0053 1.7892
Cyclist -1 -1 -1.4212 539.6744 168.9683 552.8214 197.0414 1.6587 0.5510 1.6578 -3.5393 0.9787 42.6177 -1.5041 0.5356
Pedestrian -1 -1 0.0631 540.2111 167.4861 553.6503 195.4779 1.6751 0.6243 0.7706 -3.5032 0.8977 42.6255 -0.0189 0.1868
Cyclist -1 -1 1.6812 526.3710 172.6406 533.9131 189.9909 1.6948 0.5589 1.7015 -7.3673 0.9282 69.9106 1.5763 0.4888
Pedestrian -1 -1 -0.6511 967.0828 151.7595 1011.8233 216.7960 1.6953 0.6433 0.8238 10.1846 0.9477 18.8066 -0.1548 0.0079
Pedestrian -1 -1 1.9231 275.3196 174.1416 321.2442 256.7629 1.6400 0.6352 0.7710 -6.2919 1.5154 14.4332 1.5120 -0.1360
Pedestrian -1 -1 3.2585 493.1724 164.9445 508.4013 197.3574 1.7428 0.6347 0.7491 -5.6590 0.9078 38.3410 3.1120 -0.3543
Pedestrian -1 -1 -0.7357 581.5018 169.5153 595.9634 194.2276 1.7236 0.6149 0.8176 -1.1414 0.9588 49.8141 -0.7586 -0.7794
