Car -1 -1 -0.6322 986.9424 160.8843 1144.6553 207.3466 1.4222 1.6181 4.0448 14.5990 0.8233 22.5617 -0.0579 12.4847
Cyclist -1 -1 -1.6073 991.0460 148.5582 1029.3400 216.4209 1.6788 0.7999 1.6288 10.4825 0.8902 18.3934 -1.0893 10.5030
Pedestrian -1 -1 -0.4992 988.1923 150.8422 1031.9214 218.2118 1.7012 0.6240 0.7694 10.3647 0.9539 18.1688 0.0192 1.9660
Car -1 -1 -0.8143 0.0000 196.6968 292.9069 369.0000 1.4427 1.5701 4.0218 -3.2006 1.5675 3.3555 -1.5761 9.5565
Cyclist -1 -1 1.1946 877.0760 157.7406 906.6729 194.6654 1.6986 0.6863 1.7821 13.5237 0.6531 33.4145 1.5792 1.5718
Pedestrian -1 -1 -0.6766 963.5932 151.8043 1009.7336 217.9203 1.7289 0.6313 0.8830 10.1478 0.9801 18.8748 -0.1833 0.8755
Car -1 -1 -1.6371 676.1762 175.1846 699.5858 194.5487 1.4875 1.5822 4.0481 6.5871 1.0805 56.3710 -1.5208 1.2639
Cyclist -1 -1 -1.4485 540.7679 169.0766 553.0921 196.3529 1.6149 0.5510 1.6112 -3.5031 0.9399 42.6717 -1.5304 0.6561
Pedestrian -1 -1 0.1449 880.2619 158.3953 901.2876 194.5431 1.6883 0.6055 0.8453 13.5225 0.6573 33.4918 0.5286 -0.3455
Car -1 -1 1.8942 314.2023 184.0281 358.1720 206.4407 1.4951 1.6638 4.1751 -18.9202 1.7562 49.9450 1.5321 0.8660
Cyclist -1 -1 1.6970 526.2996 172.8634 534.1708 190.1218 1.6858 0.5667 1.6944 -7.3580 0.9409 69.9108 1.5921 0.3605
Pedestrian -1 -1 1.9509 277.3984 171.0305 320.5231 249.8255 1.5760 0.6129 0.6543 -6.2982 1.3882 14.4733 1.5405 -0.3759
Car -1 -1 -1.3651 630.9049 177.6213 664.2713 199.5436 1.4870 1.5787 3.9921 3.0623 1.2930 50.0868 -1.3040 0.1881
Cyclist -1 -1 -1.5246 584.5553 168.2437 593.4203 192.3525 1.6788 0.5525 1.6809 -1.1244 0.8267 50.0780 -1.5470 -0.1260
Pedestrian -1 -1 0.0533 539.7075 167.5656 554.0127 196.1204 1.7039 0.6824 0.8236 -3.4999 0.9334 42.5377 -0.0288 -0.4795
Car -1 -1 -1.6444 486.1583 170.7003 519.6493 198.9091 1.5293 1.6096 3.7801 -5.8743 0.9994 40.3469 -1.7890 0.1366
Pedestrian -1 -1 -0.0144 562.7988 172.2978 575.4892 199.4206 1.7408 0.6185 0.8099 -2.3220 1.2157 45.7109 -0.0652 -0.8171
Car -1 -1 -1.4487 529.0849 178.0097 553.5951 196.5264 1.4819 1.5615 3.8910 -5.2231 1.2838 58.5492 -1.5377 -0.6665
