Car -1 -1 0.2641 632.0839 167.9146 769.7453 216.0451 1.4671 1.6423 4.1767 3.1005 1.0850 23.1122 0.3975 12.1110
Cyclist -1 -1 -1.5950 991.3032 149.5902 1027.2915 217.3603 1.6798 0.7687 1.6712 10.4862 0.9152 18.4384 -1.0779 9.3312
Pedestrian -1 -1 -0.7203 1168.6428 133.5936 1223.0000 238.9507 1.7020 0.6780 0.7716 9.9921 0.9459 11.7620 -0.0161 5.0910
Car -1 -1 -0.8233 0.0000 199.3647 292.9002 369.0000 1.4422 1.5758 4.0812 -3.1752 1.5871 3.3085 -1.5881 10.2222
Cyclist -1 -1 -1.4910 541.6645 169.7067 552.8425 197.5085 1.6457 0.5448 1.6493 -3.4842 1.0082 42.6736 -1.5725 2.0141
Pedestrian -1 -1 -0.6956 1138.4028 133.3734 1216.9821 235.9233 1.7437 0.6811 0.8222 9.9568 0.9441 12.3654 -0.0177 4.9847
Car -1 -1 -1.3420 315.4078 184.6336 351.8932 206.9732 1.4917 1.5711 3.8796 -19.1285 1.7971 49.9857 -1.7075 -0.0819
Cyclist -1 -1 -1.4905 562.8036 171.3599 573.4051 197.4125 1.6554 0.5571 1.6438 -2.3826 1.0760 45.7518 -1.5426 -0.1948
Pedestrian -1 -1 1.9143 274.0542 172.5190 320.3760 251.6739 1.5719 0.6632 0.7238 -6.3083 1.4150 14.4197 1.5019 1.2363
Cyclist -1 -1 1.7992 491.4107 164.9764 510.1416 197.9102 1.7486 0.6258 1.7676 -5.6666 0.9258 38.4425 1.6529 -0.6806
Pedestrian -1 -1 -3.0567 539.6115 168.8533 553.6669 196.8852 1.6753 0.5982 0.7961 -3.5149 0.9806 42.5513 -3.1392 0.7938
Pedestrian -1 -1 3.4447 491.8712 165.3257 509.4298 197.0684 1.7043 0.6245 0.7921 -5.6647 0.8910 38.3264 3.2979 0.7432
Pedestrian -1 -1 2.4043 987.0618 146.6153 1029.4088 216.9832 1.7705 0.6648 0.6737 10.3284 0.9195 18.1830 2.9209 0.3707
Pedestrian -1 -1 -0.9218 786.8538 163.3238 806.0256 195.0331 1.6685 0.6029 0.8380 10.1958 0.7661 37.6928 -0.6576 0.1925
Pedestrian -1 -1 0.0108 562.3224 169.0096 574.6072 195.1999 1.6793 0.6232 0.7865 -2.3579 0.9439 45.6590 -0.0408 -0.4213
Pedestrian -1 -1 -0.4681 968.6671 152.7162 1009.8714 216.5212 1.6699 0.6082 0.7711 10.1831 0.9443 18.8149 0.0280 -0.5026
