Car -1 -1 -0.8136 0.0000 198.9370 294.9536 369.0000 1.4449 1.5777 4.0016 -3.1624 1.5853 3.3071 -1.5766 7.8459
Cyclist -1 -1 -1.6062 991.0699 144.7972 1029.2382 214.6353 1.7236 0.7957 1.6886 10.4718 0.8441 18.3775 -1.0882 8.8352
Pedestrian -1 -1 1.6147 541.2457 168.6302 552.3065 196.5850 1.6661 0.6287 0.8376 -3.5075 0.9601 42.5668 1.5325 0.3441
Car -1 -1 -1.6680 675.6570 175.1626 700.5634 194.5224 1.4891 1.5832 4.0319 6.6085 1.0798 56.4114 -1.5514 1.2638
Cyclist -1 -1 1.7101 526.1764 172.3606 534.1981 189.6924 1.6921 0.5596 1.6975 -7.3598 0.8986 69.8834 1.6052 0.8986
Pedestrian -1 -1 -0.5222 967.7355 146.5197 1013.0776 214.4006 1.7680 0.6499 0.8430 10.1745 0.8845 18.7455 -0.0250 0.1579
Car -1 -1 1.7619 448.8449 174.1779 481.0976 195.8887 1.5123 1.6009 3.7836 -10.0799 1.0732 51.1403 1.5673 1.2436
Pedestrian -1 -1 -0.5397 988.2971 147.2417 1028.7958 214.2998 1.6972 0.6225 0.6822 10.3500 0.8570 18.2089 -0.0228 0.0608
Car -1 -1 2.8786 516.4506 170.5811 580.5192 194.4095 1.4981 1.6239 3.8526 -3.6721 0.8758 45.8588 2.7987 0.2526
Pedestrian -1 -1 1.9509 275.1543 174.1907 319.0246 254.9495 1.6122 0.6150 0.6832 -6.3307 1.4879 14.4615 1.5383 -0.4640
Car -1 -1 1.9255 316.4262 184.0735 360.0961 206.1405 1.4825 1.6289 3.9443 -18.8406 1.7470 50.1102 1.5658 -0.8154
Pedestrian -1 -1 -1.2741 787.8441 163.8141 804.8189 193.1154 1.5455 0.6783 0.7794 10.2202 0.6668 37.7983 -1.0100 -0.7281
