Car -1 -1 -0.8287 0.0000 201.5718 293.4334 369.0000 1.4378 1.5731 4.0354 -3.1766 1.5999 3.3460 -1.5881 9.1628
Cyclist -1 -1 -1.6031 991.6431 146.4632 1029.1696 215.3895 1.7046 0.7882 1.6638 10.4921 0.8644 18.4000 -1.0848 8.8517
Pedestrian -1 -1 0.0576 539.6702 167.0185 553.7966 195.4099 1.6977 0.6212 0.8147 -3.5124 0.8929 42.5934 -0.0247 0.7617
Car -1 -1 0.1747 778.3464 165.6685 857.6734 194.8153 1.4992 1.6215 3.8547 11.4169 0.7378 37.9552 0.4669 0.3850
Cyclist -1 -1 0.7510 868.1959 158.8283 908.2613 194.8650 1.6603 0.6966 1.7589 13.3923 0.6633 33.5154 1.1312 0.1228
Pedestrian -1 -1 0.1584 492.5483 166.6954 507.4074 197.4289 1.6515 0.6058 0.7104 -5.6966 0.9111 38.2958 0.0107 0.7159
Cyclist -1 -1 -2.9281 484.6148 164.9965 518.3271 196.9656 1.7179 0.5635 1.7290 -5.6184 0.8862 38.3290 -3.0736 -0.7464
Pedestrian -1 -1 1.9661 272.9427 164.2116 317.4748 247.6379 1.6654 0.6440 0.6224 -6.3552 1.3419 14.4273 1.5512 0.5887
Pedestrian -1 -1 1.1842 874.2654 158.1598 894.2479 195.1945 1.7206 0.6332 0.7581 13.1025 0.6841 33.2264 1.5598 0.5214
Pedestrian -1 -1 1.0124 882.6765 158.4346 904.4682 194.8236 1.6945 0.6282 0.7897 13.5961 0.6684 33.3622 1.3994 -0.1204
