Car -1 -1 -0.0682 729.4318 165.6975 873.2512 213.7941 1.4488 1.5925 4.2668 6.1117 1.0045 22.4925 0.1971 12.7911
Cyclist -1 -1 -1.5981 990.2349 148.7765 1029.0473 215.8692 1.6631 0.8285 1.6268 10.4908 0.8783 18.4337 -1.0807 9.7127
Pedestrian -1 -1 -0.8865 1168.1907 131.7822 1223.0000 229.9504 1.6902 0.6737 0.8202 10.6451 0.8530 12.5746 -0.1840 3.2116
Car -1 -1 -0.8535 0.0000 192.9499 292.6002 369.0000 1.4350 1.5287 3.8058 -3.1708 1.5321 3.4900 -1.5910 8.4255
Cyclist -1 -1 -1.4555 540.5560 169.0116 553.1984 197.1458 1.6661 0.5760 1.6601 -3.5086 0.9871 42.7048 -1.5375 1.3704
Pedestrian -1 -1 1.9520 275.6515 166.6896 319.8647 250.8698 1.6773 0.6396 0.6299 -6.2945 1.4038 14.4077 1.5401 0.7350
Car -1 -1 1.9543 311.1568 186.1243 359.3371 208.8084 1.5043 1.6607 4.4321 -19.0829 1.9229 50.2221 1.5912 -0.3420
Cyclist -1 -1 -1.5796 585.2598 168.6282 592.9124 192.1114 1.6351 0.5252 1.6471 -1.1266 0.8098 50.0584 -1.6021 0.1753
Pedestrian -1 -1 0.0640 538.5253 167.3634 553.1968 195.6744 1.6918 0.6287 0.8427 -3.5627 0.9081 42.5686 -0.0195 0.1049
Cyclist -1 -1 1.4035 703.8481 167.5065 712.9420 185.2688 1.6850 0.5833 1.7290 9.9578 0.4535 67.9375 1.5491 -0.6866
Pedestrian -1 -1 -2.9963 493.0057 163.2881 510.5604 195.3169 1.7228 0.6169 0.8626 -5.6039 0.7984 38.3356 -3.1415 -0.5837
Cyclist -1 -1 1.7044 526.0301 171.1859 534.1189 188.3302 1.6752 0.5776 1.6852 -7.3759 0.7662 69.9310 1.5993 -0.8257
Pedestrian -1 -1 -0.5836 878.7839 157.3547 902.0111 193.2923 1.6848 0.6054 0.8235 13.5123 0.6012 33.5214 -0.2005 -0.6075
