Car -1 -1 -0.8218 0.0000 196.5231 292.4221 369.0000 1.4478 1.5619 3.9885 -3.1709 1.5704 3.3302 -1.5827 8.8937
Cyclist -1 -1 -1.6371 990.2271 147.4458 1028.2821 217.7014 1.7389 0.7435 1.7076 10.4761 0.9224 18.4255 -1.1202 7.0244
Pedestrian -1 -1 -0.6735 986.0681 147.8577 1032.4317 215.1203 1.6988 0.6586 0.8024 10.3861 0.8760 18.2400 -0.1559 1.3000
Car -1 -1 -0.7607 1122.1580 153.6401 1223.0000 200.1878 1.4489 1.6281 4.1562 19.3793 0.6144 22.9391 -0.0592 7.9891
Cyclist -1 -1 -1.4397 540.4074 169.5495 552.9320 197.4655 1.6494 0.5441 1.6430 -3.5131 1.0038 42.6039 -1.5220 0.9465
Pedestrian -1 -1 0.0504 540.1409 168.1596 553.8740 195.9818 1.6643 0.6238 0.7955 -3.4976 0.9275 42.6147 -0.0315 0.7920
Cyclist -1 -1 1.6454 525.5002 172.0785 532.7714 189.2641 1.6791 0.5916 1.6976 -7.4693 0.8574 69.9325 1.5390 -0.8467
Pedestrian -1 -1 -0.3040 786.8865 161.2757 806.1760 193.4939 1.7047 0.6199 0.8461 10.2072 0.6889 37.7324 -0.0398 0.4052
Pedestrian -1 -1 -0.6703 966.1462 149.3139 1013.3578 215.1522 1.7161 0.6509 0.8925 10.2009 0.9048 18.8221 -0.1736 0.0146
Pedestrian -1 -1 0.1443 491.9878 164.1091 507.9632 196.5869 1.7463 0.6250 0.7757 -5.7007 0.8664 38.3255 -0.0034 -0.2603
Pedestrian -1 -1 -0.5493 986.6193 146.8553 1077.8431 273.8604 1.7037 0.5493 0.9273 5.8348 1.2541 9.7592 -0.0105 -0.3738
Pedestrian -1 -1 -2.8513 513.7097 172.6938 531.0125 202.3907 1.6223 0.6562 0.7945 -4.5670 1.1973 39.0128 -2.9678 -0.5465
Pedestrian -1 -1 -0.1441 561.5709 169.5805 575.5933 196.4853 1.7228 0.6311 0.8217 -2.3555 1.0249 45.6598 -0.1957 -0.5857
