Car -1 -1 -0.6608 1020.3583 154.5204 1193.9293 204.3288 1.5264 1.6771 4.4321 15.9355 0.7318 22.6039 -0.0468 12.0489
Cyclist -1 -1 -1.5997 993.4757 151.5879 1029.8113 217.5239 1.6286 0.7659 1.6033 10.4948 0.9161 18.3460 -1.0801 10.4018
Pedestrian -1 -1 0.3736 877.2207 155.3526 901.2141 192.5331 1.7353 0.6188 0.8913 13.4605 0.5631 33.5263 0.7554 2.0579
Car -1 -1 -0.8171 0.0000 190.8033 292.8066 369.0000 1.4378 1.5599 3.9597 -3.1872 1.5175 3.3636 -1.5756 8.0917
Cyclist -1 -1 -1.4593 541.2280 168.2898 553.3529 196.4234 1.6627 0.5493 1.6597 -3.4771 0.9425 42.6201 -1.5407 2.1653
Pedestrian -1 -1 0.0626 540.3107 167.6873 554.0475 196.0486 1.6947 0.6360 0.7870 -3.4836 0.9304 42.5690 -0.0190 0.1876
Car -1 -1 -1.6972 702.5221 165.5200 724.2495 181.7391 1.5525 1.5939 4.2348 10.6999 0.1197 69.8121 -1.5451 0.5640
Cyclist -1 -1 1.6563 526.8404 170.6525 533.9095 187.7967 1.6752 0.5554 1.6780 -7.3464 0.7141 69.9277 1.5516 -0.4452
Pedestrian -1 -1 -0.5069 990.1311 153.8013 1029.2617 218.9235 1.6464 0.6148 0.6565 10.3638 0.9730 18.1811 0.0112 -0.0574
Car -1 -1 0.1602 788.0696 162.2342 866.9409 191.9099 1.5166 1.6053 3.8047 11.8463 0.5845 37.6990 0.4646 -0.0772
Pedestrian -1 -1 1.9386 272.1794 173.0167 316.6244 254.9315 1.6309 0.6296 0.6805 -6.3703 1.4835 14.4269 1.5228 -0.3892
Car -1 -1 1.9047 313.1143 186.5524 358.5530 209.1098 1.4924 1.6896 4.3190 -19.0101 1.9415 50.1274 1.5422 -0.2064
Pedestrian -1 -1 -3.0805 562.1911 169.3855 574.2917 196.1383 1.7126 0.6163 0.7435 -2.3680 1.0024 45.5688 -3.1325 -0.7956
