Car -1 -1 0.8064 509.9957 171.5870 620.6087 215.3802 1.4664 1.6122 4.0972 -1.5303 1.1695 25.6540 0.7468 12.0681
Cyclist -1 -1 -1.6206 991.6584 149.0078 1032.1158 216.7717 1.6780 0.8271 1.6446 10.5424 0.8998 18.4239 -1.1009 9.2590
Pedestrian -1 -1 -0.6805 1099.3342 146.4239 1180.4063 248.1238 1.6088 0.6848 0.8026 8.6669 1.0714 11.5368 -0.0362 5.7409
Car -1 -1 -0.8091 0.0000 204.0298 292.5443 369.0000 1.4357 1.5421 3.8768 -3.2234 1.6171 3.4488 -1.5608 8.0536
Cyclist -1 -1 0.7290 872.7021 157.8671 909.2414 193.9155 1.6619 0.5497 1.6556 13.5005 0.6199 33.4560 1.1126 -0.7906
Pedestrian -1 -1 -0.6414 1066.1561 144.0060 1139.1529 244.0596 1.6755 0.6481 0.7981 8.5098 1.0660 12.1717 -0.0313 5.5888
Car -1 -1 1.5175 678.1430 174.4213 700.7701 193.5864 1.4769 1.5838 3.8764 6.7265 1.0097 56.4656 1.6360 0.5318
Pedestrian -1 -1 -2.1532 878.0063 154.4798 902.1465 192.5045 1.7747 0.6523 0.9374 13.4926 0.5617 33.5182 -1.7705 0.3754
Car -1 -1 0.0281 786.6342 164.1782 868.0989 193.6577 1.5190 1.6503 4.0772 11.8855 0.6794 37.8722 0.3321 -0.7678
Pedestrian -1 -1 -2.9900 491.6954 165.8197 507.9558 197.7413 1.7172 0.6045 0.7907 -5.7101 0.9289 38.3335 -3.1379 0.0240
Pedestrian -1 -1 1.9398 275.0673 174.7069 319.1539 257.0076 1.6519 0.6465 0.6339 -6.3550 1.5372 14.5170 1.5272 -0.1878
