Car -1 -1 -0.8295 0.0000 195.9243 293.8448 369.0000 1.4422 1.5568 3.9837 -3.1812 1.5616 3.3888 -1.5833 9.0412
Cyclist -1 -1 -1.6130 991.2965 145.4646 1029.7725 215.6149 1.7371 0.7941 1.6787 10.5123 0.8711 18.4309 -1.0946 9.1369
Pedestrian -1 -1 -0.6721 987.5969 151.3476 1031.5300 218.8149 1.7037 0.6419 0.7447 10.3852 0.9691 18.2235 -0.1541 0.8844
Car -1 -1 2.4285 1080.5142 148.9691 1223.0000 201.0349 1.6057 1.6262 3.8831 17.7072 0.6348 22.7108 3.0907 8.2209
Cyclist -1 -1 1.0600 871.7424 155.9944 906.9956 194.2994 1.7711 0.7213 1.8926 13.5058 0.6395 33.6725 1.4414 0.8892
Pedestrian -1 -1 -0.5043 968.6171 150.7673 1012.3355 216.2251 1.7077 0.6203 0.8197 10.1814 0.9336 18.7536 -0.0069 0.5672
Car -1 -1 -0.7173 510.3245 173.2700 559.0592 192.2331 1.4846 1.5802 3.8378 -5.6538 0.9198 57.2891 -0.8156 0.6119
Cyclist -1 -1 -1.9041 723.8483 167.9629 738.1255 189.5017 1.6758 0.5927 1.6783 9.9626 0.7016 55.8820 -1.7276 -0.6617
Pedestrian -1 -1 0.9954 878.4060 159.6017 900.4957 195.0770 1.6590 0.6167 0.8334 13.4680 0.6831 33.5275 1.3774 0.3854
Car -1 -1 -2.2815 1118.2950 140.8371 1223.0000 173.8593 1.4828 1.6573 4.3574 27.7542 -0.3466 34.8423 -1.6089 -0.0728
Pedestrian -1 -1 0.0669 540.5390 169.7443 554.0719 198.1499 1.6989 0.6130 0.7742 -3.4781 1.0570 42.5937 -0.0146 -0.5610
Pedestrian -1 -1 -3.0805 562.2043 169.9103 574.5532 196.9565 1.7334 0.6334 0.7595 -2.3621 1.0560 45.6306 -3.1322 -0.5640
