Car -1 -1 -0.8247 0.0000 202.7947 293.8092 369.0000 1.4458 1.5646 4.0328 -3.1732 1.6170 3.3412 -1.5843 9.8336
Cyclist -1 -1 -1.6023 991.0574 145.5969 1030.5362 216.5239 1.7514 0.8316 1.7161 10.5043 0.8912 18.4075 -1.0838 9.8731
Pedestrian -1 -1 -0.5109 965.8313 146.5625 1014.7224 214.9935 1.7883 0.6579 0.9396 10.2038 0.9030 18.8073 -0.0138 3.2319
Car -1 -1 2.6688 507.8734 169.1816 572.6810 195.2701 1.5269 1.6007 3.5926 -3.9295 0.8659 43.0143 2.5777 0.6057
Cyclist -1 -1 -1.4568 541.1588 169.8522 553.4320 197.0928 1.6109 0.5597 1.6134 -3.4772 0.9826 42.6238 -1.5382 1.8520
Pedestrian -1 -1 -0.5328 988.4316 147.7585 1030.6384 216.4142 1.7313 0.6478 0.7090 10.3430 0.9072 18.1536 -0.0149 0.9671
Car -1 -1 -0.8725 509.8527 172.9901 555.0762 191.8459 1.4772 1.5736 3.8086 -5.8391 0.8901 57.4028 -0.9738 0.4855
Cyclist -1 -1 1.7059 526.3082 172.7496 534.2357 190.0679 1.6916 0.5580 1.6939 -7.3546 0.9357 69.9136 1.6011 0.4635
Pedestrian -1 -1 -0.0184 880.6382 157.0771 900.0863 192.9238 1.6771 0.6481 0.8421 13.5102 0.5827 33.5268 0.3647 0.3819
Car -1 -1 1.8375 317.6929 183.8148 358.3614 206.0294 1.4906 1.6611 4.1832 -18.9055 1.7376 50.2415 1.4776 0.4024
Cyclist -1 -1 -1.5225 585.1301 168.6718 593.7054 192.6028 1.6602 0.5268 1.6693 -1.0902 0.8409 49.8874 -1.5443 -0.4067
Pedestrian -1 -1 -0.9608 785.9512 161.6069 805.8932 193.3092 1.6706 0.6429 0.8765 10.1928 0.6764 37.7825 -0.6973 0.2651
Car -1 -1 3.0567 522.9290 170.0964 578.2401 193.2231 1.4713 1.5521 3.4691 -3.5619 0.8108 46.0216 2.9795 -0.2320
Cyclist -1 -1 2.7139 868.3637 156.9419 909.8293 193.0306 1.6917 0.6303 1.7153 13.4344 0.5888 33.4922 3.0954 -0.7408
Pedestrian -1 -1 -2.8561 514.0151 176.4941 530.3154 207.8798 1.7136 0.6240 0.7476 -4.5730 1.4963 38.9686 -2.9729 0.1806
Car -1 -1 0.0559 776.1135 161.8802 850.6076 189.9369 1.5132 1.6246 3.9132 11.6531 0.5104 39.5500 0.3424 -0.6063
Pedestrian -1 -1 0.0480 540.9419 169.1327 554.0950 196.9853 1.6652 0.6206 0.7618 -3.4650 0.9870 42.5902 -0.0332 0.0816
