Car -1 -1 0.3855 603.3333 169.2659 744.8257 215.4637 1.4191 1.6241 4.3805 2.2320 1.0756 23.4467 0.4804 11.4823
Cyclist -1 -1 -1.5831 994.3450 153.3000 1029.6024 218.4059 1.6127 0.7646 1.6043 10.5361 0.9406 18.3962 -1.0630 8.3005
Pedestrian -1 -1 -0.8402 1122.7747 138.0913 1205.5801 238.8169 1.7033 0.6884 0.9355 9.7283 0.9878 12.3711 -0.1739 7.1213
Car -1 -1 -0.8037 0.0000 196.1537 286.7034 369.0000 1.4282 1.5920 3.9371 -3.2386 1.5476 3.3423 -1.5733 6.9303
Cyclist -1 -1 -1.6143 1182.4017 138.2668 1223.0000 244.2149 1.6233 0.7075 1.6107 9.9777 0.9779 11.6808 -0.9074 3.2791
Pedestrian -1 -1 -0.7081 1151.0419 128.8463 1223.0000 237.5908 1.7446 0.7375 0.9701 9.7747 0.9176 11.7133 -0.0127 6.7834
Car -1 -1 -0.9973 78.3475 184.8279 140.7384 207.7023 1.4739 1.5923 3.9747 -33.7781 1.7833 48.3288 -1.6073 1.4734
Cyclist -1 -1 1.6891 526.4674 171.8760 534.1455 189.2291 1.6946 0.5599 1.6969 -7.3492 0.8535 69.8928 1.5843 0.7605
Pedestrian -1 -1 0.2031 538.8691 166.3962 555.1424 195.4066 1.7327 0.6379 0.8671 -3.4962 0.8917 42.5943 0.1212 -0.0207
Car -1 -1 -1.9587 752.6663 160.8118 806.4989 190.0031 1.6651 1.6807 4.1677 10.4187 0.5434 42.5101 -1.7183 -0.1402
Cyclist -1 -1 1.2214 875.1899 155.8183 904.6157 193.4110 1.7356 0.7117 1.8215 13.4892 0.5975 33.5608 1.6036 0.0280
Pedestrian -1 -1 3.2887 493.6592 164.3395 509.5161 196.3526 1.7208 0.6260 0.7678 -5.6118 0.8535 38.3149 3.1433 -0.3316
Car -1 -1 -0.7273 511.2577 172.8335 558.5728 191.8340 1.4859 1.5815 3.6924 -5.6273 0.8876 57.1825 -0.8254 -0.1443
Pedestrian -1 -1 -1.3160 787.4153 161.8134 803.2001 192.5940 1.6240 0.6357 0.7951 10.1667 0.6395 37.8017 -1.0533 -0.6506
Car -1 -1 -1.6678 702.4216 164.0251 724.5456 182.3498 1.7508 1.6998 4.8162 10.7329 0.1779 69.9986 -1.5157 -0.4737
Car -1 -1 1.8392 317.6641 185.9274 359.4183 208.4213 1.4957 1.6984 4.3120 -18.8894 1.9002 50.3053 1.4800 -0.5325
