Car -1 -1 0.8705 502.8857 171.4447 607.8209 214.4204 1.4548 1.5991 4.0474 -1.9142 1.1498 25.9368 0.7969 12.6017
Cyclist -1 -1 -1.6038 992.4564 147.5714 1030.1559 215.6199 1.6833 0.7905 1.6723 10.5205 0.8704 18.4092 -1.0846 9.8476
Pedestrian -1 -1 -0.6386 1060.0246 144.5777 1139.6493 245.1328 1.6837 0.6894 0.8888 8.4733 1.0839 12.1924 -0.0312 6.0718
Car -1 -1 -0.8265 0.0000 199.1506 296.8649 369.0000 1.4349 1.5675 3.7897 -3.1793 1.5782 3.4667 -1.5687 7.8632
Cyclist -1 -1 0.9457 873.9005 157.3976 909.4133 193.6793 1.6686 0.6684 1.7287 13.5199 0.6076 33.4313 1.3300 1.9532
Pedestrian -1 -1 -0.6683 1089.3126 141.0999 1174.7568 247.5891 1.6897 0.6562 0.9085 8.5533 1.0662 11.5562 -0.0311 5.7514
Car -1 -1 -1.6971 702.5435 165.5591 724.3048 181.4894 1.5250 1.5961 4.2484 10.7052 0.0958 69.8228 -1.5450 0.7032
Cyclist -1 -1 1.6049 564.0248 166.4256 573.4730 193.0165 1.6885 0.5549 1.7042 -2.3411 0.7961 45.7480 1.5537 -0.0237
Pedestrian -1 -1 0.1835 878.2512 157.1957 899.9774 193.1653 1.6815 0.6214 0.8577 13.4628 0.5935 33.5395 0.5652 0.7948
Pedestrian -1 -1 1.9278 273.2782 171.8424 318.6303 253.2489 1.6170 0.6284 0.7482 -6.3388 1.4467 14.4306 1.5139 0.3676
