Car -1 -1 -0.3983 828.0065 164.8080 990.5859 211.2230 1.4127 1.5916 4.4451 9.4839 0.9367 22.3192 0.0035 12.7080
Cyclist -1 -1 -1.5916 991.6776 147.8406 1028.0743 217.7796 1.7291 0.7810 1.7490 10.4956 0.9233 18.4306 -1.0740 5.4828
Pedestrian -1 -1 2.3025 985.0834 146.7186 1034.1962 216.5394 1.7504 0.6618 0.9036 10.3626 0.9051 18.1770 2.8206 0.5871
Car -1 -1 -0.8277 0.0000 202.5623 293.7760 369.0000 1.4369 1.5485 3.9342 -3.1716 1.6060 3.3876 -1.5802 9.8573
Cyclist -1 -1 -2.5038 483.5569 164.9494 515.7711 197.2877 1.7257 0.5748 1.7266 -5.7334 0.8972 38.3850 -2.6520 0.6625
Pedestrian -1 -1 2.2795 967.3090 144.4938 1013.7839 214.3359 1.8108 0.6358 0.9248 10.2073 0.8788 18.7881 2.7772 0.0532
Car -1 -1 0.1671 788.2130 163.9104 871.7961 193.0083 1.4891 1.6304 4.0471 12.0171 0.6416 37.8298 0.4747 -0.3696
Cyclist -1 -1 1.7024 526.0558 171.5372 534.1553 188.6553 1.6724 0.5817 1.6862 -7.3718 0.7979 69.9214 1.5973 -0.3910
Pedestrian -1 -1 0.1630 491.6425 165.3891 508.5277 197.0015 1.7035 0.6207 0.8185 -5.7074 0.8906 38.4122 0.0155 0.0098
Cyclist -1 -1 -1.4447 540.0781 168.8963 552.4539 196.8473 1.6507 0.5436 1.6340 -3.5356 0.9668 42.5800 -1.5275 -0.6113
Pedestrian -1 -1 0.0600 538.9462 169.7165 552.3590 197.1165 1.6366 0.6235 0.7693 -3.5740 0.9939 42.5487 -0.0238 -0.2680
