Car -1 -1 1.1926 458.5875 172.6811 530.1028 210.1848 1.4288 1.5607 3.8892 -4.6270 1.1325 29.0030 1.0344 11.5815
Cyclist -1 -1 -1.6021 991.9568 146.4150 1030.2260 216.1162 1.7268 0.8073 1.7021 10.5391 0.8840 18.4526 -1.0831 8.3075
Pedestrian -1 -1 -0.7612 1023.7596 145.3864 1108.3307 253.7871 1.6750 0.7050 0.8995 7.3429 1.1341 11.3502 -0.1870 4.6171
Car -1 -1 -0.8295 0.0000 203.3181 292.0397 369.0000 1.4416 1.5675 4.0224 -3.1687 1.6162 3.3265 -1.5906 10.9697
Pedestrian -1 -1 -0.5854 1007.3838 144.8077 1082.8833 249.6048 1.7184 0.6456 0.8686 7.3653 1.1348 11.9256 -0.0321 4.1178
Car -1 -1 2.8668 515.9471 168.6366 575.2125 192.2052 1.4791 1.5456 3.5312 -3.8473 0.7359 45.7101 2.7828 1.8189
Pedestrian -1 -1 0.0695 539.4864 169.5641 553.5515 197.4726 1.6685 0.6154 0.8043 -3.5241 1.0161 42.5782 -0.0131 0.0797
Car -1 -1 1.9271 315.9127 184.1855 361.6160 206.3653 1.4910 1.6718 4.2443 -18.8894 1.7659 50.3557 1.5683 0.1097
Pedestrian -1 -1 -3.0822 561.6862 170.1616 574.9465 196.9793 1.7176 0.6260 0.8191 -2.3642 1.0568 45.5964 -3.1340 -0.6185
Car -1 -1 0.1941 789.2542 162.3212 870.7419 192.4139 1.5323 1.6238 3.8949 11.9569 0.6081 37.6463 0.5016 -0.6695
Car -1 -1 1.0476 967.0829 147.1099 1043.0715 179.1375 1.4857 1.5838 3.7568 19.6016 -0.0694 34.8411 1.5600 -0.7770
