Car -1 -1 -0.8015 0.0000 195.2164 295.3937 369.0000 1.5327 1.5978 4.0376 -3.2476 1.6477 3.4132 -1.5621 7.4671
Cyclist -1 -1 -1.6238 990.2093 149.4758 1029.7836 216.6157 1.6584 0.8014 1.6251 10.4608 0.8937 18.3658 -1.1060 9.8706
Pedestrian -1 -1 3.2836 491.3388 162.7057 508.9370 195.8512 1.7824 0.6196 0.8657 -5.6920 0.8269 38.3285 3.1362 1.8936
Car -1 -1 1.7573 434.0974 174.7584 472.2798 199.9351 1.5088 1.6372 3.9658 -9.4765 1.1661 44.3699 1.5469 4.8612
Cyclist -1 -1 -1.4374 540.1528 168.7723 553.2633 196.9382 1.6658 0.5751 1.6572 -3.5145 0.9736 42.6541 -1.5196 0.4363
Pedestrian -1 -1 0.0753 539.4777 168.4534 553.9582 196.8179 1.6929 0.6311 0.8235 -3.5066 0.9753 42.5120 -0.0070 1.4692
Car -1 -1 -0.9112 0.0000 192.4457 49.8128 223.1134 1.4964 1.6155 3.8689 -32.1157 2.1731 37.9939 -1.6130 0.3368
Pedestrian -1 -1 0.2231 878.4814 155.1570 902.4294 193.8984 1.8065 0.6644 0.9286 13.5112 0.6262 33.5028 0.6064 0.7846
Pedestrian -1 -1 2.2253 868.0627 158.0797 888.7691 190.3923 1.7033 0.6806 0.8075 14.5935 0.5229 37.7660 2.5940 0.0112
Pedestrian -1 -1 0.2241 872.2424 155.2475 894.8965 193.6482 1.7745 0.6429 0.8683 13.0569 0.6090 33.1786 0.5991 -0.2297
Pedestrian -1 -1 -0.9355 786.8665 164.3216 806.7891 195.9047 1.6643 0.6448 0.8568 10.2380 0.8132 37.7721 -0.6708 -0.3363
Pedestrian -1 -1 -3.0849 562.6889 171.7120 575.2800 198.0886 1.6908 0.6031 0.7793 -2.3227 1.1288 45.6220 -3.1357 -0.4447
Pedestrian -1 -1 0.1145 513.3367 169.3601 528.3125 196.4850 1.4872 0.6344 0.7554 -4.6594 0.8778 39.0793 -0.0041 -0.5011
