Car -1 -1 0.6210 563.5541 168.4179 670.7252 212.5882 1.5678 1.5788 3.8754 0.3969 1.1405 26.8773 0.6358 10.4338
Cyclist -1 -1 -1.6311 987.7074 144.9138 1030.3589 215.0621 1.7337 0.8581 1.6964 10.4636 0.8558 18.4202 -1.1145 10.4721
Pedestrian -1 -1 -0.9197 786.0627 162.0683 807.0778 193.8485 1.6734 0.6841 0.8903 10.2226 0.7043 37.7666 -0.6554 1.2787
Car -1 -1 -0.7996 0.0000 202.0806 288.5827 369.0000 1.4395 1.5985 4.0503 -3.2000 1.6023 3.2429 -1.5784 9.4919
Cyclist -1 -1 -1.4826 541.3389 169.6430 552.8449 197.4160 1.6439 0.5510 1.6503 -3.4936 1.0026 42.6719 -1.5643 2.0427
Pedestrian -1 -1 1.9444 272.8671 169.6563 317.9535 251.9063 1.6361 0.6394 0.6810 -6.3434 1.4220 14.4128 1.5298 0.5351
Car -1 -1 1.4893 678.9167 174.4594 703.5121 193.7742 1.4845 1.6180 4.0225 6.8527 1.0215 56.3806 1.6102 -0.1257
Cyclist -1 -1 -1.0393 0.0000 176.9463 72.8437 298.9452 1.7008 0.5217 1.7214 -8.9252 1.6530 10.7437 -1.7325 0.2915
Pedestrian -1 -1 1.2984 882.7964 156.6718 902.4251 194.2436 1.7532 0.6434 0.8903 13.5917 0.6428 33.4663 1.6842 0.2828
Cyclist -1 -1 -1.4529 562.9169 169.4139 574.5198 195.9149 1.6791 0.5555 1.6888 -2.3374 0.9781 45.6558 -1.5041 -0.0286
Pedestrian -1 -1 -1.6453 540.5582 167.4002 552.7234 195.4372 1.6721 0.6697 0.8340 -3.5269 0.8922 42.6265 -1.7278 0.1414
Cyclist -1 -1 1.6956 493.1783 162.5898 508.7035 196.3983 1.7964 0.6181 1.8081 -5.6636 0.8462 38.4744 1.5494 -0.3259
