Car -1 -1 -0.4834 1039.9254 155.8629 1207.1817 202.7055 1.4655 1.6156 4.1543 16.8694 0.6963 23.2151 0.1450 10.2838
Cyclist -1 -1 -1.5603 992.3948 149.8435 1028.3871 217.8434 1.6751 0.7774 1.6266 10.4675 0.9215 18.3107 -1.0409 10.0798
Pedestrian -1 -1 -0.6658 987.4282 151.2961 1029.0307 218.5249 1.6906 0.6404 0.6755 10.3044 0.9578 18.1419 -0.1492 1.9692
Car -1 -1 1.9606 184.7765 182.9963 284.2469 232.0451 1.6697 1.7358 4.4792 -13.8079 1.7733 26.6067 1.4819 9.9635
Cyclist -1 -1 -1.4657 541.3769 168.9995 553.4383 196.8473 1.6465 0.5575 1.6456 -3.4708 0.9679 42.6288 -1.5470 1.9888
Pedestrian -1 -1 1.9522 273.5429 167.3064 318.5191 250.4287 1.6605 0.6601 0.6198 -6.3437 1.3986 14.4400 1.5383 1.5763
Car -1 -1 1.3730 441.2705 173.8680 487.6415 205.2944 1.4917 1.5796 3.7189 -7.1331 1.1783 35.5760 1.1751 8.4535
Cyclist -1 -1 1.1478 876.0114 154.6148 906.5167 192.8349 1.7550 0.6449 1.8115 13.4800 0.5679 33.3793 1.5316 1.7761
Pedestrian -1 -1 -0.5066 969.9339 149.4324 1012.6346 215.3373 1.7177 0.6200 0.7908 10.1936 0.9096 18.7363 -0.0084 0.8235
Car -1 -1 -0.7835 0.0000 195.4085 287.3562 369.0000 1.4410 1.6018 4.0110 -3.2640 1.5552 3.3168 -1.5609 7.8254
Cyclist -1 -1 1.6493 526.7213 171.4343 533.7188 188.6141 1.6786 0.5591 1.6871 -7.3620 0.7939 69.9301 1.5444 0.6677
Pedestrian -1 -1 -2.2029 1173.2978 169.9183 1211.1705 223.6592 1.6645 0.6282 0.6934 18.4495 1.3383 22.2585 -1.5108 0.0727
Car -1 -1 0.1567 786.9741 165.0902 869.2158 194.9740 1.5262 1.6392 3.9781 11.8843 0.7406 37.7241 0.4619 -0.4425
Cyclist -1 -1 -1.4918 562.4306 170.7906 573.3862 197.6587 1.7018 0.5740 1.7265 -2.3896 1.0882 45.6507 -1.5441 -0.3051
Pedestrian -1 -1 3.1737 562.3461 169.5160 574.6866 196.8276 1.7487 0.6174 0.7760 -2.3508 1.0468 45.5826 3.1222 -0.5784
Car -1 -1 1.7375 334.5490 172.1647 383.3531 209.9122 1.8116 1.6946 4.1116 -12.5015 1.4130 36.0955 1.4040 -0.8452
Cyclist -1 -1 -1.5317 585.0973 169.2505 593.5768 192.8785 1.6409 0.5366 1.6430 -1.0968 0.8610 49.9247 -1.5536 -0.8442
Pedestrian -1 -1 -1.7389 880.9644 153.6478 898.3951 191.0999 1.7502 0.6260 0.8863 13.4815 0.4968 33.5358 -1.3566 -0.7679
