Car -1 -1 0.4577 544.5217 169.9528 670.7091 212.7561 1.4530 1.6523 4.2967 0.0490 1.0965 25.6903 0.4596 11.1061
Cyclist -1 -1 -1.6270 990.9087 143.4943 1030.0354 216.5614 1.7957 0.7757 1.7714 10.4556 0.8879 18.3377 -1.1088 7.8740
Pedestrian -1 -1 3.4513 490.8591 164.0941 509.4455 197.0494 1.7682 0.6399 0.8422 -5.6898 0.8893 38.3148 3.3039 1.8048
Car -1 -1 -0.8188 0.0000 195.1255 291.9237 369.0000 1.4448 1.5912 4.0579 -3.1711 1.5566 3.2758 -1.5880 6.7856
Cyclist -1 -1 1.6446 525.4814 172.2184 532.8058 189.4092 1.6796 0.5979 1.7032 -7.4691 0.8716 69.9386 1.5382 -0.8002
Pedestrian -1 -1 1.9584 273.4988 168.1582 318.3799 247.8189 1.5900 0.6322 0.6810 -6.3519 1.3453 14.4565 1.5444 1.6147
Car -1 -1 1.8445 344.4933 178.1425 388.7742 202.1412 1.5046 1.6687 4.2691 -15.6093 1.3582 46.4976 1.5206 4.7277
Cyclist -1 -1 -1.4796 541.7507 169.8315 553.1160 197.7279 1.6536 0.5384 1.6540 -3.4783 1.0226 42.7369 -1.5608 -0.8003
Pedestrian -1 -1 -0.2885 787.4611 161.2444 805.1556 193.3764 1.7006 0.6022 0.7712 10.1939 0.6829 37.7259 -0.0246 0.1927
Car -1 -1 1.7133 453.8915 174.9685 482.5945 195.2182 1.4623 1.5956 3.7606 -10.1992 1.0641 52.9705 1.5230 4.2734
Pedestrian -1 -1 -0.6810 966.1465 152.5457 1011.9051 217.9552 1.7027 0.6352 0.8606 10.1657 0.9766 18.7919 -0.1851 0.1846
Car -1 -1 1.9622 310.9343 184.1188 358.2728 206.4779 1.4992 1.6678 4.1922 -19.1276 1.7683 50.2050 1.5982 -0.1109
Pedestrian -1 -1 3.2580 515.1215 173.0957 530.5865 202.4564 1.6086 0.6276 0.7818 -4.5435 1.2044 39.0476 3.1422 -0.5940
Car -1 -1 -1.7577 762.4021 161.8749 803.6225 190.1967 1.6153 1.6639 4.0435 10.6076 0.5544 42.3880 -1.5125 -0.2729
Pedestrian -1 -1 -3.0374 540.2623 167.0467 554.1552 194.1742 1.6224 0.6320 0.7738 -3.4849 0.8192 42.6056 -3.1190 -0.6484
