Car -1 -1 -0.8294 0.0000 194.1434 294.8474 369.0000 1.4380 1.5720 3.9594 -3.1610 1.5431 3.3590 -1.5845 8.9919
Cyclist -1 -1 -1.5732 993.5171 148.2112 1030.8433 216.7336 1.6851 0.8041 1.6646 10.4975 0.8927 18.3050 -1.0525 10.2580
Pedestrian -1 -1 3.2741 491.6920 164.1246 508.6075 196.9517 1.7668 0.6464 0.8312 -5.6985 0.8868 38.3777 3.1267 0.5178
Car -1 -1 -0.8033 1092.4229 152.9851 1223.0000 197.2063 1.4335 1.5414 3.5640 18.6962 0.5431 23.9269 -0.1400 8.6572
Cyclist -1 -1 -0.7019 1158.7185 141.8180 1223.0000 228.7343 1.7042 0.5610 1.7377 12.1309 0.9474 14.1449 0.0070 0.9094
Pedestrian -1 -1 0.9691 872.5061 157.9735 896.7888 195.6072 1.7409 0.6545 0.9196 13.1185 0.7003 33.2234 1.3452 0.4948
Car -1 -1 -2.3348 1106.2156 145.1379 1223.0000 182.3248 1.7158 1.7515 4.8510 27.6438 0.0857 35.1175 -1.6679 1.4104
Cyclist -1 -1 1.1108 875.7308 156.8399 908.9433 193.8000 1.7068 0.7333 1.8041 13.6088 0.6157 33.5739 1.4959 0.3588
Pedestrian -1 -1 0.0523 539.2878 166.6256 552.9035 194.9849 1.6952 0.6017 0.7875 -3.5492 0.8672 42.5712 -0.0308 0.3813
Car -1 -1 3.2953 493.5856 169.3657 559.9068 195.5878 1.5760 1.6310 3.8424 -4.7725 0.9082 43.3885 3.1857 0.1206
Cyclist -1 -1 -1.4555 540.5559 170.3815 552.7646 197.5903 1.6097 0.5551 1.6032 -3.5165 1.0124 42.6345 -1.5378 0.0906
Pedestrian -1 -1 0.6824 880.5456 157.4825 905.4631 193.8827 1.6955 0.6374 0.8892 13.6155 0.6248 33.4729 1.0688 0.3517
Car -1 -1 -0.0235 784.4280 159.4119 866.0683 190.2471 1.5987 1.6663 4.1029 11.7768 0.5068 38.0144 0.2770 -0.1408
Pedestrian -1 -1 1.9462 272.6157 172.9952 319.5867 255.8385 1.6469 0.6570 0.7342 -6.3355 1.4993 14.4300 1.5325 0.0653
Car -1 -1 1.9606 312.3972 185.8116 359.9265 208.1184 1.4866 1.6628 4.2727 -19.0510 1.8819 50.2991 1.5985 -0.6409
Pedestrian -1 -1 -2.8584 514.2934 174.5437 530.7453 202.7967 1.5441 0.6413 0.7534 -4.5587 1.2200 39.0154 -2.9747 -0.1968
Pedestrian -1 -1 -3.0976 582.2924 168.6410 594.1946 192.7722 1.6871 0.6353 0.8109 -1.1725 0.8593 49.7541 -3.1211 -0.2948
