Car -1 -1 -0.4101 906.2815 159.8851 1051.3515 206.0955 1.4888 1.6264 3.9854 12.4209 0.8262 23.7296 0.0721 10.2960
Cyclist -1 -1 -1.5919 991.5425 144.1581 1029.3242 215.4560 1.7585 0.8098 1.7491 10.4887 0.8637 18.3952 -1.0737 9.0068
Pedestrian -1 -1 -0.4786 966.8198 150.3008 1012.2626 218.0033 1.7724 0.6386 0.8657 10.1981 0.9834 18.8317 0.0177 2.9929
Car -1 -1 -0.8048 0.0000 203.1829 297.8346 369.0000 1.4570 1.5727 4.0701 -3.1641 1.6302 3.3023 -1.5688 6.7152
Cyclist -1 -1 -1.4665 541.1450 168.0404 553.2935 196.3482 1.6788 0.5626 1.6830 -3.4937 0.9413 42.7748 -1.5480 3.0431
Pedestrian -1 -1 3.2836 492.1508 163.8113 508.2340 196.3926 1.7530 0.6400 0.7815 -5.6938 0.8565 38.3592 3.1363 1.0971
Car -1 -1 1.9589 246.3004 181.7302 321.8956 218.7175 1.5565 1.6856 4.0943 -14.4165 1.6172 31.9619 1.5352 5.6751
Pedestrian -1 -1 -0.5157 987.6950 147.2362 1029.0423 215.4956 1.7257 0.6423 0.6971 10.3349 0.8863 18.1916 0.0009 0.9468
Car -1 -1 1.6673 434.2931 173.9551 471.8564 202.5585 1.5140 1.6674 4.1110 -8.4530 1.1690 39.5568 1.4568 5.3161
Pedestrian -1 -1 0.1725 878.0819 156.2528 899.9608 192.9194 1.7132 0.6124 0.8707 13.4506 0.5817 33.5202 0.5541 0.7139
Car -1 -1 1.5286 678.5533 175.6005 700.9154 194.9566 1.4873 1.5948 4.0630 6.7406 1.1121 56.4091 1.6475 0.2802
Pedestrian -1 -1 1.9787 275.4894 166.1417 319.0506 248.9374 1.6627 0.6432 0.5782 -6.3391 1.3760 14.4849 1.5662 0.0341
Car -1 -1 -1.2250 898.1829 154.1503 957.0094 183.5777 1.4740 1.6078 3.8830 17.0711 0.1556 37.3613 -0.7964 -0.5920
Pedestrian -1 -1 -3.0342 539.6293 166.6471 553.8568 194.4453 1.6636 0.6498 0.7911 -3.5159 0.8359 42.6437 -3.1165 -0.2234
Car -1 -1 2.1234 97.5442 166.5711 144.3927 185.0548 1.4655 1.5367 3.5391 -39.5378 0.3624 57.8587 1.5239 -0.6211
Pedestrian -1 -1 -0.1375 561.2456 169.7006 575.1303 196.6927 1.7291 0.6337 0.8161 -2.3818 1.0386 45.6768 -0.1896 -0.7353
Pedestrian -1 -1 0.3778 872.3898 156.8450 896.3035 194.6494 1.7450 0.6369 0.8696 13.0849 0.6546 33.1607 0.7536 -0.7523
