Car -1 -1 2.0322 109.3060 186.1358 238.2701 244.1689 1.5938 1.6843 4.3011 -13.2834 1.7888 22.0542 1.4901 11.6343
Cyclist -1 -1 -1.5862 991.5420 148.7582 1029.4178 216.9381 1.6829 0.8199 1.6531 10.4775 0.9010 18.3691 -1.0679 9.8616
Pedestrian -1 -1 -0.5184 986.7018 151.7149 1030.8010 218.2785 1.6812 0.6361 0.7693 10.3327 0.9558 18.1715 -0.0013 0.2954
Car -1 -1 -0.8114 0.0000 197.2661 291.9798 369.0000 1.4425 1.5476 3.9562 -3.1793 1.5704 3.3364 -1.5727 10.7535
Cyclist -1 -1 -1.4374 541.3282 168.2772 553.7865 196.4277 1.6693 0.5354 1.6735 -3.4730 0.9459 42.7718 -1.5184 0.4069
Pedestrian -1 -1 0.0666 540.0895 167.6544 554.7150 196.3006 1.7132 0.6313 0.8391 -3.4726 0.9463 42.6019 -0.0148 -0.1156
Car -1 -1 1.2044 454.8960 171.1445 515.2051 206.7781 1.5492 1.5620 3.5756 -5.6097 1.1439 32.6699 1.0343 9.6511
Pedestrian -1 -1 0.7180 451.3203 174.5150 474.0204 208.5637 1.5875 0.6598 0.8221 -6.7506 1.3099 33.4521 0.5189 -0.6697
Car -1 -1 -0.6136 1144.3808 150.6528 1223.0000 197.7709 1.4419 1.6469 4.2137 20.0839 0.5301 22.6839 0.1111 6.8124
Pedestrian -1 -1 0.1970 880.1655 156.4737 902.1055 192.9235 1.7039 0.6032 0.8636 13.5570 0.5822 33.5358 0.5812 -0.6698
Car -1 -1 3.5488 238.4610 182.0167 344.6380 221.5571 1.5608 1.6037 3.6147 -12.7249 1.6258 28.7851 3.1326 -0.5299
Pedestrian -1 -1 2.7645 464.2039 170.1368 482.2752 206.7411 1.6410 0.6152 0.6240 -6.0065 1.1779 32.1198 2.5797 -0.7607
