Car -1 -1 -0.8497 0.0000 203.0412 290.4204 369.0000 1.4231 1.5470 3.7554 -3.1508 1.5945 3.4211 -1.5940 9.8380
Cyclist -1 -1 -1.5860 993.2109 146.5359 1029.4990 214.2895 1.6719 0.7845 1.6161 10.4841 0.8354 18.3394 -1.0667 7.1835
Pedestrian -1 -1 1.9632 273.5061 167.7452 319.2625 248.2191 1.6067 0.6448 0.6901 -6.3455 1.3537 14.4634 1.5498 2.1456
Car -1 -1 -0.8160 1136.2082 153.8842 1223.0000 198.4349 1.4590 1.5473 3.2874 20.2460 0.5889 24.1116 -0.1175 6.2332
Cyclist -1 -1 -1.5442 564.6361 171.9393 573.7147 198.4096 1.6825 0.5447 1.6818 -2.3156 1.1397 45.7841 -1.5947 2.2247
Pedestrian -1 -1 0.0633 540.1140 166.7488 553.9591 195.0715 1.6909 0.6081 0.7939 -3.4883 0.8713 42.5194 -0.0185 1.3222
Car -1 -1 1.6290 676.9066 173.6265 699.9870 192.8889 1.4821 1.6016 4.0540 6.7159 0.9545 56.5326 1.7472 1.4156
Cyclist -1 -1 -1.4579 540.6990 169.0510 552.8211 197.0033 1.6523 0.5483 1.6472 -3.5092 0.9769 42.6205 -1.5401 2.0979
Pedestrian -1 -1 2.2067 870.3564 157.3779 889.6141 189.4102 1.6875 0.6321 0.7556 14.6566 0.4708 37.7122 2.5774 0.9633
Pedestrian -1 -1 -0.6503 967.7709 146.1387 1014.4423 214.2699 1.7740 0.6420 0.8789 10.2185 0.8809 18.7887 -0.1522 0.9538
Pedestrian -1 -1 -3.1106 582.2973 169.2430 594.1369 193.4626 1.6927 0.6209 0.8144 -1.1737 0.9073 49.7251 -3.1342 -0.2063
Pedestrian -1 -1 1.1622 880.9453 160.5340 901.1561 195.9952 1.6590 0.6040 0.8362 13.5316 0.7264 33.4984 1.5461 -0.2262
