Car -1 -1 -0.8321 0.0000 199.5898 300.3402 369.0000 1.4448 1.5582 3.9592 -3.1708 1.5935 3.4562 -1.5745 10.8246
Cyclist -1 -1 -1.5972 991.8313 144.9412 1029.5458 215.3938 1.7345 0.7979 1.7105 10.4665 0.8606 18.3441 -1.0787 7.3656
Pedestrian -1 -1 0.0624 539.8489 168.1701 553.2636 195.7968 1.6538 0.6104 0.7705 -3.5266 0.9171 42.6341 -0.0201 0.8342
Car -1 -1 1.1414 461.4357 170.3134 524.6994 207.1426 1.5682 1.5432 3.3936 -5.1204 1.1359 31.9417 0.9824 10.2464
Cyclist -1 -1 1.5360 583.7391 167.1525 592.7822 191.8831 1.7128 0.5753 1.7327 -1.1814 0.7897 49.8466 1.5123 2.0412
Pedestrian -1 -1 -0.2760 785.9077 162.4782 803.7583 193.8870 1.6632 0.6062 0.7841 10.1202 0.7103 37.7449 -0.0140 0.1387
Car -1 -1 2.0356 83.6677 184.8639 224.7599 250.6103 1.7079 1.7338 4.3616 -13.1459 1.8524 20.9146 1.4745 9.5331
Cyclist -1 -1 -1.2325 305.5300 171.5210 338.1433 219.5321 1.7580 0.5824 1.8106 -10.7399 1.4307 26.8010 -1.6136 0.3269
Pedestrian -1 -1 0.1924 877.8193 155.3940 899.9545 192.4019 1.7291 0.6060 0.8745 13.4449 0.5575 33.5224 0.5738 0.1107
Car -1 -1 -0.6326 1165.6952 148.5450 1223.0000 198.1465 1.5157 1.6796 4.2832 20.8392 0.5408 22.6727 0.1107 7.4986
Cyclist -1 -1 -1.4687 540.7502 169.0157 552.6095 196.9836 1.6531 0.5495 1.6465 -3.5137 0.9757 42.6152 -1.5509 -0.2236
Pedestrian -1 -1 -1.7530 1192.7000 148.4386 1223.0000 199.2601 1.5686 0.6731 0.7685 19.0400 0.5806 22.3185 -1.0467 -0.1474
Car -1 -1 2.2095 67.9743 187.7493 167.2318 222.7703 1.4888 1.7162 4.0821 -22.6159 1.8497 32.9820 1.6084 0.4477
Cyclist -1 -1 1.6422 525.5335 172.1578 532.7682 189.3397 1.6788 0.5932 1.6998 -7.4683 0.8648 69.9376 1.5358 -0.7073
Pedestrian -1 -1 2.7189 869.8936 156.4869 888.9360 188.3139 1.6841 0.5997 0.7683 14.6296 0.4149 37.7283 3.0888 -0.5071
Car -1 -1 2.2428 100.1520 163.6189 151.1838 182.0879 1.4785 1.5387 3.6826 -39.5779 0.1284 58.4928 1.6480 -0.1821
Pedestrian -1 -1 2.6192 455.1780 175.8570 478.5554 213.0677 1.6956 0.6359 0.8599 -6.4136 1.4855 32.7353 2.4257 -0.7048
Car -1 -1 1.9600 265.9837 180.6720 349.2977 225.2384 1.5934 1.6297 3.8041 -11.3524 1.6020 27.1957 1.5646 -0.5948
