Car -1 -1 -0.1885 744.8588 164.8033 890.8242 209.7817 1.4731 1.6664 4.5475 7.1500 0.9605 24.2046 0.0988 12.4388
Cyclist -1 -1 -1.5963 993.0714 144.0926 1028.4071 215.5164 1.7587 0.7451 1.7415 10.4716 0.8638 18.3480 -1.0777 5.2755
Pedestrian -1 -1 3.2669 494.2013 164.7294 509.6495 197.2781 1.7526 0.6442 0.7566 -5.6053 0.9049 38.3970 3.1220 2.4425
Car -1 -1 1.8716 301.9954 179.6763 359.1904 210.6941 1.5924 1.7014 4.3142 -14.8666 1.5516 38.5043 1.5031 8.3672
Cyclist -1 -1 -1.5133 563.8550 171.1246 573.8174 197.5601 1.6772 0.5495 1.6782 -2.3327 1.0837 45.6958 -1.5643 1.5338
Pedestrian -1 -1 0.0504 539.4683 167.2798 552.9774 195.3949 1.6808 0.5982 0.7824 -3.5418 0.8918 42.5749 -0.0326 1.0000
Car -1 -1 -0.8087 0.0000 193.5878 297.8909 369.0000 1.4790 1.5854 4.1441 -3.1485 1.5795 3.2520 -1.5779 7.8764
Pedestrian -1 -1 1.9441 275.2290 173.1295 319.8075 255.0313 1.6348 0.6314 0.6862 -6.3223 1.4893 14.4629 1.5320 0.8324
Car -1 -1 1.7147 440.3854 174.0280 473.9864 198.2914 1.4808 1.5958 3.5943 -9.3643 1.0871 44.9878 1.5095 6.8725
Pedestrian -1 -1 3.2605 514.5227 175.1896 529.3328 203.4370 1.5452 0.6430 0.7412 -4.5885 1.2561 38.9940 3.1434 0.7072
Car -1 -1 1.5217 677.6412 174.4625 699.4940 193.5961 1.4754 1.5407 3.8533 6.6599 1.0111 56.4915 1.6391 -0.5780
Pedestrian -1 -1 -0.6522 967.5367 149.3371 1015.5083 215.9297 1.7347 0.6487 0.9129 10.2374 0.9245 18.8033 -0.1536 0.4002
Pedestrian -1 -1 -0.6552 984.6448 147.7928 1035.6062 217.0892 1.7371 0.6699 0.9135 10.3348 0.9188 18.1133 -0.1367 0.0649
Pedestrian -1 -1 -2.2970 878.3202 155.5717 902.7338 192.5950 1.7255 0.6377 0.8949 13.4981 0.5651 33.4757 -1.9137 -0.7133
