Car -1 -1 1.0776 468.4904 170.5710 535.6686 206.7073 1.5096 1.5313 3.3610 -4.6244 1.0963 31.3374 0.9310 10.4682
Cyclist -1 -1 -1.6329 991.7126 147.9549 1030.1292 218.6472 1.7441 0.7557 1.6990 10.4862 0.9427 18.3680 -1.1142 8.1303
Pedestrian -1 -1 -0.5073 986.4137 149.2638 1034.7664 217.8861 1.7223 0.6627 0.8576 10.3243 0.9399 18.0775 0.0116 1.3312
Car -1 -1 -0.8301 0.0000 200.3482 289.8721 369.0000 1.4428 1.5595 3.9648 -3.1773 1.5945 3.3433 -1.5901 9.0133
Cyclist -1 -1 -1.4381 540.0070 169.6661 553.0666 197.6527 1.6536 0.5736 1.6472 -3.5211 1.0148 42.6080 -1.5206 2.2915
Pedestrian -1 -1 0.0597 540.2827 168.6795 554.1057 196.7640 1.6789 0.6186 0.7952 -3.4837 0.9736 42.5813 -0.0219 0.7782
Car -1 -1 2.0460 54.2640 182.7036 207.6400 253.6556 1.7387 1.7294 4.3715 -13.0195 1.8089 19.7285 1.4627 8.8461
Cyclist -1 -1 -1.4959 584.0530 168.0415 593.5142 192.1854 1.6830 0.5488 1.6730 -1.1397 0.8159 50.1324 -1.5186 -0.1704
Car -1 -1 -0.6949 1195.8408 147.4682 1223.0000 196.5886 1.4992 1.6162 3.9988 21.5167 0.4926 22.5163 0.0678 2.2783
Car -1 -1 1.9734 241.2709 184.5364 329.4942 231.4858 1.4913 1.5585 3.4410 -10.9915 1.6425 24.4863 1.5514 -0.5343
Car -1 -1 1.8122 320.3755 185.4739 358.6804 207.7319 1.4807 1.6335 3.9864 -18.7267 1.8486 50.0328 1.4541 -0.6975
