Car -1 -1 -0.2782 795.6170 163.8567 945.6692 208.6876 1.4647 1.6475 4.5032 8.9175 0.9225 24.0885 0.0764 13.6932
Cyclist -1 -1 -1.5837 991.9907 146.1052 1028.9086 214.9933 1.7006 0.7990 1.6594 10.4791 0.8531 18.3687 -1.0653 7.9288
Pedestrian -1 -1 -2.9846 492.7946 165.8957 508.3795 197.3633 1.6924 0.6128 0.7502 -5.6687 0.9084 38.3318 -3.1314 0.7171
Car -1 -1 -0.8188 0.0000 195.9902 291.3612 369.0000 1.4430 1.5371 3.8916 -3.2104 1.5627 3.4331 -1.5707 11.2528
Cyclist -1 -1 -1.5046 541.8373 169.7148 552.8136 197.4555 1.6421 0.5550 1.6430 -3.4799 1.0050 42.6730 -1.5860 2.5559
Pedestrian -1 -1 -3.0499 539.5029 169.0876 553.4756 196.5070 1.6386 0.6179 0.7859 -3.5246 0.9579 42.5604 -3.1325 0.5688
Car -1 -1 1.8894 286.3417 181.6056 347.6527 214.4599 1.5846 1.6762 4.2524 -14.7558 1.6464 36.4201 1.5045 8.6616
Cyclist -1 -1 -0.1352 769.9369 161.9680 801.0093 191.4044 1.6768 0.5400 1.6720 10.3575 0.6225 40.6344 0.1144 2.2564
Pedestrian -1 -1 1.9444 275.2965 170.8674 319.2305 252.7259 1.6349 0.6309 0.6519 -6.3246 1.4442 14.4547 1.5320 0.0124
Car -1 -1 1.6751 438.0728 174.7413 469.9547 199.5143 1.4453 1.5482 3.4641 -9.1579 1.1107 43.0496 1.4655 6.3243
Cyclist -1 -1 -1.4891 563.0207 172.4434 574.0156 198.9821 1.6852 0.5768 1.6849 -2.3551 1.1750 45.7438 -1.5405 -0.5720
Car -1 -1 -1.6840 676.0031 173.6250 701.5714 193.1170 1.4971 1.5736 4.0020 6.6493 0.9703 56.3049 -1.5664 0.0025
Car -1 -1 0.0989 791.7869 160.9760 877.6226 191.6847 1.5660 1.6648 4.2049 12.2190 0.5718 37.6566 0.4126 -0.1771
Car -1 -1 -1.7385 700.4350 164.7609 724.2812 181.3847 1.5883 1.6409 4.1906 10.5728 0.0857 69.6596 -1.5878 -0.5220
