Car -1 -1 -0.3591 852.2201 162.8674 999.4477 206.8366 1.4307 1.6220 4.2391 10.7393 0.8585 23.9430 0.0625 11.3768
Cyclist -1 -1 -1.6170 990.9818 146.3138 1030.2496 215.2911 1.7018 0.8025 1.6737 10.4772 0.8600 18.3671 -1.0986 8.7200
Pedestrian -1 -1 -0.6916 985.7878 148.7554 1030.3777 216.7679 1.7120 0.6501 0.7543 10.3217 0.9146 18.1791 -0.1752 0.7146
Car -1 -1 -0.8190 0.0000 204.3801 296.9641 369.0000 1.4282 1.5781 3.8750 -3.1660 1.6100 3.3891 -1.5704 8.0458
Cyclist -1 -1 -0.6575 1158.8618 139.2652 1223.0000 228.5277 1.7264 0.5894 1.7325 12.0529 0.9305 14.0103 0.0529 -0.3929
Pedestrian -1 -1 -0.4934 967.1507 149.3721 1011.3265 215.3145 1.7244 0.6503 0.8218 10.1787 0.9120 18.8101 0.0026 -0.2362
Car -1 -1 1.6571 436.5503 174.1148 470.3996 201.1407 1.5010 1.6087 3.8423 -8.8042 1.1478 41.2696 1.4469 7.4938
Cyclist -1 -1 1.1758 773.0604 159.6695 795.2952 189.7806 1.6936 0.6284 1.7070 10.2833 0.5234 40.6535 1.4236 -0.5761
Pedestrian -1 -1 -3.0865 561.7164 170.8312 574.4962 198.4279 1.7682 0.6122 0.7915 -2.3784 1.1500 45.6051 -3.1386 -0.4707
Car -1 -1 1.8979 273.0688 180.6472 337.6710 216.8020 1.6530 1.6793 4.0609 -14.5102 1.6620 34.4231 1.4990 6.0575
Cyclist -1 -1 -2.9091 483.4419 165.2037 516.4407 196.6558 1.6919 0.5658 1.6878 -5.7097 0.8705 38.3832 -3.0568 -0.6135
Car -1 -1 -1.3524 380.9131 175.9892 416.3460 200.0676 1.5643 1.5737 3.5172 -13.8872 1.2725 47.7344 -1.6355 2.4058
Car -1 -1 2.8758 520.1719 171.8398 578.8884 194.7874 1.4476 1.5555 3.5168 -3.6097 0.9026 45.9224 2.7973 1.9215
Car -1 -1 -2.1587 985.8333 148.7662 1067.8957 180.6047 1.5309 1.6348 4.0049 21.3756 0.0065 36.0340 -1.6233 0.5166
Car -1 -1 2.0891 99.5323 164.6215 146.9031 183.7208 1.5213 1.5905 3.7231 -39.6019 0.2578 58.2302 1.4919 -0.2414
