Car -1 -1 0.9952 451.5864 173.4284 542.6342 212.1282 1.4547 1.6422 4.1558 -4.4630 1.1904 28.6685 0.8408 9.7123
Cyclist -1 -1 -1.5913 990.8955 144.2494 1029.9610 214.8183 1.7382 0.8390 1.7169 10.4704 0.8469 18.3648 -1.0732 10.2836
Pedestrian -1 -1 0.4987 880.0068 157.0308 904.3425 193.2587 1.6879 0.6406 0.8666 13.5792 0.5959 33.4755 0.8841 1.2574
Car -1 -1 -0.8299 0.0000 200.5188 296.6659 369.0000 1.4598 1.5631 3.9871 -3.1607 1.6140 3.3779 -1.5821 9.6301
Cyclist -1 -1 1.6910 561.7590 170.9901 574.1546 197.8267 1.7010 0.6020 1.7023 -2.3874 1.0996 45.6812 1.6388 2.5956
Pedestrian -1 -1 0.0520 540.2079 167.6760 553.8752 195.6515 1.6719 0.6280 0.7897 -3.4925 0.9069 42.5770 -0.0298 1.1546
Car -1 -1 1.8060 372.1102 177.6886 407.5190 200.0358 1.5930 1.6301 3.9852 -15.9007 1.3939 52.4339 1.5116 3.9418
Cyclist -1 -1 -1.4303 540.6331 169.8725 553.7219 197.5344 1.6383 0.5664 1.6364 -3.4904 1.0103 42.7052 -1.5118 0.6985
Pedestrian -1 -1 -0.5350 987.7882 149.6749 1033.8635 217.9152 1.7119 0.6328 0.8104 10.3190 0.9402 18.0553 -0.0158 0.6346
Car -1 -1 -1.4300 526.1576 177.4077 551.9780 196.0216 1.4913 1.5818 4.0679 -5.4232 1.2448 58.7128 -1.5222 2.0592
Cyclist -1 -1 1.2721 874.6623 156.4293 904.4219 193.4463 1.7051 0.7907 1.8690 13.4576 0.5978 33.5277 1.6538 -0.1481
Pedestrian -1 -1 1.9171 273.8046 172.0085 317.9350 251.6406 1.5840 0.6251 0.7054 -6.3424 1.4168 14.4327 1.5030 -0.1185
Car -1 -1 1.9069 314.9051 184.1864 359.2525 206.4653 1.4847 1.6679 4.0985 -18.8291 1.7568 49.8682 1.5459 0.7094
Cyclist -1 -1 -1.5000 584.2076 169.3370 593.7125 192.8678 1.6328 0.5584 1.6299 -1.1220 0.8595 49.8841 -1.5225 -0.3504
Car -1 -1 -1.4193 629.9293 177.4835 660.7982 199.6376 1.5001 1.5866 4.0660 2.9004 1.2971 50.0240 -1.3614 -0.3614
Car -1 -1 0.1420 787.7252 159.7878 875.1519 190.2408 1.5482 1.6570 4.2379 12.0243 0.4966 37.6114 0.4514 -0.5411
Car -1 -1 2.1027 97.8032 167.4016 143.9439 185.8325 1.4615 1.5507 3.5128 -39.5505 0.4241 57.8646 1.5031 -0.7802
