Car -1 -1 0.6633 550.8679 169.7486 651.9685 211.4623 1.5044 1.5499 3.7291 -0.2005 1.1181 27.2454 0.6559 10.2513
Cyclist -1 -1 -1.6069 992.5817 145.6658 1029.9697 216.3241 1.7391 0.7734 1.7112 10.4768 0.8833 18.3349 -1.0878 8.6766
Pedestrian -1 -1 3.2792 493.8860 164.6854 510.0062 197.1131 1.7457 0.6386 0.7868 -5.6016 0.8957 38.3802 3.1342 1.4573
Car -1 -1 -0.8174 0.0000 187.2038 293.9275 369.0000 1.4480 1.5561 3.9930 -3.1823 1.5006 3.3600 -1.5757 7.7447
Cyclist -1 -1 -1.4736 541.5273 169.9357 553.1099 197.8323 1.6513 0.5412 1.6515 -3.4803 1.0273 42.6765 -1.5550 0.4290
Pedestrian -1 -1 1.9251 271.3809 172.9586 316.9527 253.3202 1.5979 0.6423 0.7245 -6.3776 1.4496 14.4353 1.5091 1.1195
Car -1 -1 -1.6512 678.8730 175.4013 702.7089 194.6905 1.4840 1.5678 3.9661 6.8234 1.0930 56.4039 -1.5308 0.7658
Cyclist -1 -1 1.6104 584.8255 165.0709 593.9705 189.3504 1.6875 0.5818 1.6888 -1.0932 0.6164 49.9877 1.5886 -0.6245
Pedestrian -1 -1 0.1948 877.7992 155.6138 899.7314 192.2678 1.7131 0.6189 0.8622 13.4440 0.5514 33.5343 0.5761 1.0309
Car -1 -1 -2.0222 983.7670 152.4651 1058.9030 184.8175 1.5045 1.6176 3.9663 20.4391 0.2022 34.9158 -1.4926 -0.7759
Pedestrian -1 -1 -0.6389 966.3565 150.9843 1010.8095 216.6602 1.7127 0.6303 0.8260 10.1606 0.9446 18.8049 -0.1435 0.7442
Car -1 -1 -1.8062 696.3799 162.1318 723.3845 179.5060 1.6547 1.6627 4.3549 10.3503 -0.1002 69.8356 -1.6591 -0.8353
Pedestrian -1 -1 0.2387 538.5123 168.0675 554.5889 196.7345 1.7137 0.6377 0.8401 -3.5277 0.9718 42.6419 0.1562 0.0320
