Car -1 -1 -0.0114 759.2221 166.4273 880.1314 209.6586 1.3894 1.5393 3.8035 7.1968 0.9387 23.9847 0.2801 10.7145
Cyclist -1 -1 -1.5931 991.3638 149.0808 1028.9618 217.6781 1.6942 0.8055 1.6319 10.4671 0.9198 18.3672 -1.0752 10.6020
Pedestrian -1 -1 -2.9844 490.9042 163.3550 508.2974 195.9801 1.7549 0.6180 0.8476 -5.7230 0.8341 38.3403 -3.1326 1.5560
Car -1 -1 -0.8301 0.0000 195.6861 293.2489 369.0000 1.4295 1.5609 3.9484 -3.1662 1.5462 3.3639 -1.5852 7.5450
Cyclist -1 -1 1.6729 526.3614 172.6564 533.7628 189.9282 1.6865 0.5590 1.6949 -7.3723 0.9217 69.8815 1.5678 0.7879
Pedestrian -1 -1 0.6793 878.1121 156.4147 902.2676 193.3046 1.7211 0.6123 0.8697 13.4978 0.5988 33.5107 1.0622 0.7024
Car -1 -1 1.9077 316.0450 183.8195 359.1250 205.7255 1.4751 1.6370 3.9905 -18.9334 1.7217 50.2300 1.5473 0.6463
Cyclist -1 -1 1.6010 584.9910 169.7712 593.3889 193.6389 1.6485 0.5418 1.6553 -1.1016 0.9088 49.6594 1.5789 -0.2943
Pedestrian -1 -1 0.0462 540.7235 168.8343 554.4685 197.5678 1.7174 0.6412 0.7975 -3.4601 1.0215 42.5901 -0.0349 -0.1903
Pedestrian -1 -1 1.9455 273.8674 170.4220 318.5238 254.2976 1.6821 0.6597 0.6199 -6.3651 1.4816 14.4969 1.5317 -0.3847
