Car -1 -1 -0.2264 771.0651 163.5323 915.8057 211.8647 1.5809 1.6790 4.4185 8.0148 1.0275 24.1647 0.0938 12.7815
Cyclist -1 -1 -1.5927 992.5352 144.2604 1029.9317 214.4515 1.7289 0.7986 1.6863 10.4800 0.8379 18.3421 -1.0736 9.7262
Pedestrian -1 -1 -0.6988 966.4381 144.2858 1014.3624 213.1919 1.7866 0.6528 0.9080 10.1727 0.8492 18.7382 -0.2015 -0.1565
Car -1 -1 -0.8297 0.0000 198.3547 294.0336 369.0000 1.4442 1.5501 3.9670 -3.1750 1.5820 3.3902 -1.5823 11.6522
Cyclist -1 -1 -1.4986 541.9890 169.3591 552.9950 197.0712 1.6421 0.5475 1.6473 -3.4734 0.9833 42.7183 -1.5797 0.8943
Pedestrian -1 -1 0.0731 540.5761 169.4596 554.2755 197.8539 1.6986 0.6223 0.7804 -3.4719 1.0395 42.6069 -0.0082 -0.2805
Car -1 -1 1.6841 439.7665 172.6457 472.4028 198.6402 1.5528 1.5870 3.7081 -9.2585 1.0850 44.1501 1.4774 7.9924
Pedestrian -1 -1 -0.7311 986.3393 149.0377 1034.4718 217.6904 1.7190 0.6373 0.8644 10.3375 0.9328 18.1017 -0.2123 -0.3139
Car -1 -1 1.8574 295.2082 179.8161 352.9002 211.3807 1.5765 1.6975 4.3036 -14.8345 1.5437 37.5271 1.4810 6.8871
Pedestrian -1 -1 1.9604 275.1820 174.4071 319.6048 255.0872 1.6105 0.6203 0.6874 -6.3235 1.4905 14.4595 1.5481 -0.3142
Car -1 -1 2.8520 517.3281 168.8516 579.4820 193.5287 1.5501 1.6083 3.7112 -3.6731 0.8198 45.8289 2.7720 2.3719
Pedestrian -1 -1 0.1526 491.4991 162.9723 507.3381 195.8985 1.7704 0.6343 0.7627 -5.7317 0.8294 38.3311 0.0042 -0.6501
Car -1 -1 -1.6337 676.4456 174.4186 699.4557 193.7639 1.4859 1.5709 3.9033 6.5854 1.0201 56.2951 -1.5173 0.9958
Car -1 -1 2.1230 101.3162 166.4886 147.5792 184.8058 1.4579 1.5416 3.4908 -39.3821 0.3439 58.0465 1.5268 -0.1852
