Car -1 -1 0.2353 675.1090 167.6862 787.4985 210.3336 1.4112 1.5282 3.6283 4.4037 0.9887 24.8158 0.4109 10.8854
Cyclist -1 -1 -1.5894 991.4724 145.6327 1029.3371 214.5547 1.6981 0.8155 1.6686 10.4590 0.8406 18.3432 -1.0712 10.8115
Pedestrian -1 -1 -0.6451 968.8769 146.4197 1013.8792 214.6265 1.7754 0.6440 0.8276 10.2201 0.8899 18.7783 -0.1466 1.0087
Car -1 -1 -0.8284 0.0000 206.2713 296.9305 369.0000 1.4351 1.5735 3.8666 -3.1798 1.6330 3.4432 -1.5741 8.6681
Cyclist -1 -1 -1.4488 540.2915 170.1473 553.4522 197.1109 1.5946 0.6043 1.5832 -3.5016 0.9837 42.6134 -1.5307 1.5222
Pedestrian -1 -1 -2.9793 490.7760 163.1589 508.7743 196.0205 1.7669 0.6479 0.8732 -5.7134 0.8359 38.3413 -3.1272 0.9553
Car -1 -1 1.9483 315.4538 186.0272 361.5136 208.3732 1.4844 1.6482 4.1273 -18.8033 1.8934 50.0680 1.5890 -0.8413
Cyclist -1 -1 1.6765 526.7627 171.4076 534.2100 188.5688 1.6763 0.5591 1.6844 -7.3327 0.7893 69.9037 1.5720 0.4930
Pedestrian -1 -1 -0.1460 538.9819 167.7848 554.4784 196.4645 1.7112 0.6285 0.8472 -3.5173 0.9539 42.5843 -0.2284 0.5062
Cyclist -1 -1 -2.9057 484.1157 164.4340 518.5883 197.2650 1.7655 0.6097 1.7595 -5.6348 0.9029 38.3990 -3.0514 -0.0500
Pedestrian -1 -1 -2.1701 879.7175 155.9049 902.5667 192.5800 1.7109 0.6220 0.8652 13.5238 0.5650 33.4682 -1.7861 -0.0566
Cyclist -1 -1 -1.5335 585.0661 169.2678 593.3771 192.7644 1.6290 0.5273 1.6238 -1.1031 0.8516 49.8298 -1.5556 -0.2930
Pedestrian -1 -1 -1.2636 788.3594 162.6339 805.8755 192.1294 1.5524 0.6966 0.7889 10.2433 0.6135 37.7291 -0.9985 -0.5080
