Car -1 -1 1.2074 438.0545 172.0167 510.7788 209.7845 1.4915 1.6487 4.2052 -5.6590 1.1580 30.1408 1.0218 9.2041
Cyclist -1 -1 -1.6028 991.4052 147.1615 1029.3574 216.1668 1.7005 0.7955 1.6628 10.4567 0.8806 18.3402 -1.0846 9.7850
Pedestrian -1 -1 -0.6722 985.8087 147.3239 1032.0980 215.4213 1.7085 0.6519 0.7971 10.3088 0.8778 18.1183 -0.1549 1.4968
Car -1 -1 -0.8385 0.0000 191.4423 289.7312 369.0000 1.4316 1.5624 3.9717 -3.1762 1.5164 3.3558 -1.5964 8.3621
Cyclist -1 -1 -1.4949 541.6916 168.9748 552.9385 196.8211 1.6464 0.5553 1.6379 -3.4762 0.9664 42.6207 -1.5763 1.7630
Pedestrian -1 -1 -0.6230 964.8420 148.2497 1013.5561 215.8103 1.7606 0.6645 0.9242 10.1775 0.9217 18.8083 -0.1270 1.2190
Car -1 -1 2.1170 99.3695 164.9882 146.3683 183.6662 1.4863 1.5440 3.6070 -39.5436 0.2532 58.0978 1.5194 0.8495
Pedestrian -1 -1 0.0485 540.1252 168.3395 553.8422 196.1421 1.6633 0.6228 0.7958 -3.4995 0.9372 42.6197 -0.0334 0.7064
Car -1 -1 1.5127 677.4395 174.2875 700.2537 193.3737 1.4694 1.5784 3.8863 6.6714 0.9923 56.4143 1.6304 0.1119
Pedestrian -1 -1 1.9586 276.8076 164.1966 321.4094 247.9415 1.6785 0.6602 0.6043 -6.2966 1.3533 14.4756 1.5483 0.7003
Car -1 -1 0.1228 788.3311 160.7663 870.3820 191.5997 1.5744 1.6407 3.9972 11.9399 0.5682 37.6753 0.4297 -0.0394
Pedestrian -1 -1 0.1448 493.2178 160.8757 507.3497 192.7283 1.7150 0.6189 0.6775 -5.6916 0.6598 38.3745 -0.0024 0.6558
Pedestrian -1 -1 -1.6651 881.6886 158.8477 897.8528 195.9690 1.7303 0.6359 0.7885 13.4402 0.7225 33.4208 -1.2827 -0.5256
Pedestrian -1 -1 0.0221 562.7291 167.7112 575.7885 194.9955 1.7489 0.6219 0.8293 -2.3054 0.9305 45.6384 -0.0284 -0.8094
Pedestrian -1 -1 -0.5485 987.3034 149.9552 1069.3448 276.7982 1.7047 0.5575 0.8001 5.7957 1.2958 9.7814 -0.0136 -0.8376
