Car -1 -1 -0.7564 1073.7275 155.2960 1211.1010 199.1716 1.4199 1.5378 3.6222 18.0378 0.6058 23.8378 -0.1087 9.7128
Cyclist -1 -1 -1.6122 991.7790 147.2911 1029.8363 215.9339 1.6951 0.7837 1.6679 10.4880 0.8766 18.3755 -1.0936 9.9611
Pedestrian -1 -1 -0.5147 989.1057 148.3103 1029.1422 216.7162 1.7266 0.6388 0.6635 10.3374 0.9157 18.1616 0.0028 1.1449
Car -1 -1 -0.8231 0.0000 204.7529 289.3611 369.0000 1.4428 1.5542 4.0169 -3.2134 1.6297 3.3742 -1.5841 8.1969
Cyclist -1 -1 -0.2550 770.1728 162.3952 802.0367 191.6171 1.6640 0.5365 1.6881 10.3684 0.6344 40.5279 -0.0046 0.8238
Pedestrian -1 -1 1.9158 275.2364 173.0781 319.1633 253.3199 1.5989 0.6202 0.7163 -6.3280 1.4527 14.4624 1.5033 0.6726
Car -1 -1 0.1928 786.5205 162.3013 869.9319 192.3783 1.5323 1.6347 4.0014 11.8753 0.6066 37.6899 0.4980 -0.3468
Cyclist -1 -1 1.7084 526.2627 172.8850 534.2472 190.1611 1.6872 0.5600 1.6892 -7.3549 0.9446 69.9006 1.6036 0.3942
Pedestrian -1 -1 -0.5020 968.4715 146.1281 1013.9897 213.2632 1.7541 0.6523 0.8525 10.2241 0.8576 18.7967 -0.0038 0.1380
Cyclist -1 -1 -1.5495 542.5305 169.3062 552.2144 197.2602 1.6543 0.5497 1.6586 -3.4784 0.9932 42.6818 -1.6308 0.2570
Pedestrian -1 -1 1.1314 882.0128 158.4987 903.2611 194.5524 1.6865 0.6396 0.8289 13.6074 0.6588 33.5000 1.5172 0.1037
Pedestrian -1 -1 0.2227 538.6536 167.8574 554.7128 197.0000 1.7412 0.6434 0.8443 -3.5176 0.9872 42.6178 0.1403 -0.4009
