Car -1 -1 -0.4231 963.1087 157.1015 1117.0915 204.2188 1.4959 1.5970 4.0579 14.3126 0.7546 23.4868 0.1242 10.8568
Cyclist -1 -1 -1.5865 992.7739 147.7022 1030.6403 215.8583 1.6792 0.8176 1.6415 10.4874 0.8727 18.3313 -1.0669 7.6433
Pedestrian -1 -1 -0.6999 989.3200 148.3625 1032.0195 216.2719 1.7035 0.6316 0.7076 10.3463 0.8989 18.1051 -0.1807 0.8906
Car -1 -1 -0.8271 0.0000 197.0776 296.8881 369.0000 1.4450 1.5567 3.9582 -3.1684 1.5731 3.4015 -1.5770 8.7330
Cyclist -1 -1 -1.5321 542.1127 169.0390 552.2877 196.7597 1.6409 0.5511 1.6448 -3.4886 0.9639 42.6822 -1.6136 0.5957
Pedestrian -1 -1 -2.9880 491.3694 163.4800 508.1525 195.6442 1.7298 0.6492 0.8116 -5.7152 0.8159 38.3471 -3.1359 0.7221
Car -1 -1 1.9470 227.5499 181.3920 308.3408 224.2045 1.6660 1.6689 4.1044 -14.0613 1.7075 29.6980 1.5048 8.3795
Cyclist -1 -1 1.9949 242.8665 158.8051 268.1895 191.2192 1.6771 0.5688 1.6648 -18.4942 0.5560 37.4190 1.5359 -0.7302
Pedestrian -1 -1 -0.1177 539.2942 168.9830 554.3395 197.5085 1.7037 0.6196 0.8361 -3.5143 1.0172 42.6105 -0.2000 0.3397
Car -1 -1 1.6584 439.2074 175.2532 476.3707 203.6969 1.4497 1.6213 3.9625 -7.8893 1.1837 38.0947 1.4542 6.4170
Pedestrian -1 -1 0.1638 878.2868 153.8160 900.9877 191.3258 1.7532 0.6438 0.9069 13.4932 0.5074 33.5528 0.5461 0.1616
Car -1 -1 0.2036 788.3500 163.0640 870.6223 192.4635 1.4963 1.6195 3.9292 11.9279 0.6103 37.6463 0.5105 -0.3864
Pedestrian -1 -1 -3.1055 583.1890 168.1642 595.2924 192.8067 1.7231 0.6547 0.8295 -1.1024 0.8618 49.7663 -3.1277 -0.3229
