Car -1 -1 -0.0322 694.0787 166.1677 830.8459 209.1570 1.4115 1.6294 4.4616 5.3397 0.9424 24.4168 0.1831 12.6050
Cyclist -1 -1 -1.5652 990.9977 146.1758 1028.0414 216.2112 1.7282 0.8021 1.6926 10.4775 0.8828 18.3761 -1.0470 10.9172
Pedestrian -1 -1 1.9355 272.3060 169.1103 316.9019 251.5134 1.6391 0.6212 0.7154 -6.3680 1.4142 14.4325 1.5199 1.0373
Car -1 -1 -0.8381 0.0000 194.6796 299.1794 369.0000 1.4539 1.5750 4.0851 -3.1580 1.5647 3.3824 -1.5892 8.0122
Cyclist -1 -1 1.6919 526.4390 171.9046 534.1727 189.2811 1.6969 0.5605 1.7006 -7.3497 0.8586 69.8975 1.5871 0.7298
Pedestrian -1 -1 0.0631 539.9564 167.4941 553.1799 195.4469 1.6718 0.6006 0.7584 -3.5224 0.8953 42.5907 -0.0194 0.2933
Car -1 -1 1.8656 313.9210 180.1810 367.3258 209.9632 1.6110 1.6882 4.2851 -15.0455 1.5952 40.4327 1.5094 7.2058
Pedestrian -1 -1 -0.5164 987.3421 151.2181 1032.4353 218.6424 1.6926 0.6409 0.7850 10.3008 0.9591 18.0656 0.0018 0.1617
Car -1 -1 1.7301 443.9711 172.7262 479.0524 197.4310 1.5794 1.6600 4.1816 -9.5503 1.0837 47.3193 1.5310 4.4922
Pedestrian -1 -1 -2.1642 878.8374 156.0062 902.7744 193.3687 1.7452 0.6811 0.8700 13.5277 0.6025 33.5177 -1.7806 0.1544
Car -1 -1 -1.7655 763.1431 153.6697 804.3695 180.0504 1.5011 1.6072 4.1937 10.6622 -0.0270 42.4355 -1.5193 1.4362
Pedestrian -1 -1 -3.0883 562.0319 169.5730 574.6268 196.6282 1.7348 0.6243 0.7807 -2.3659 1.0355 45.6438 -3.1401 -0.2978
Car -1 -1 -2.8231 372.7981 176.6566 427.3005 196.1582 1.5208 1.6197 3.8348 -16.1975 1.2224 56.0147 -3.1046 -0.6246
Pedestrian -1 -1 0.3528 872.5768 156.7447 895.6693 193.8433 1.7143 0.6151 0.8478 13.0822 0.6181 33.1797 0.7284 -0.5173
