Car -1 -1 -1.4959 538.8688 171.6460 578.1305 203.5260 1.4772 1.6384 3.8668 -2.0618 1.0215 35.2290 -1.5543 7.8092
Pedestrian -1 -1 1.1600 139.2595 162.4571 159.5558 196.6741 1.6800 0.6064 0.7476 -22.4909 0.7459 35.7272 0.5982 0.2961
Car -1 -1 1.7487 513.5232 170.6288 550.6226 195.3076 1.4990 1.6502 4.1190 -4.3598 0.8394 45.7507 1.6537 6.1739
Pedestrian -1 -1 1.0974 166.8859 164.9876 192.5979 206.2597 1.7762 0.6742 0.8110 -18.4558 1.0665 31.4141 0.5662 -0.2233
Car -1 -1 -1.5466 612.2214 170.7758 639.1094 194.5094 1.4598 1.6344 4.1262 1.6067 0.8009 46.2886 -1.5119 5.6787
Pedestrian -1 -1 0.8433 403.3404 173.7556 422.7264 205.4290 1.7304 0.6299 0.8528 -10.4252 1.3081 39.7404 0.5868 -0.3533
Car -1 -1 -1.5218 585.8058 168.6478 608.0565 187.3758 1.4407 1.5903 3.7676 -0.3064 0.4525 57.1720 -1.5271 5.4520
Pedestrian -1 -1 0.3277 334.3629 168.7658 347.0698 189.6330 1.5123 0.6160 0.7112 -18.9897 0.5900 52.3712 -0.0201 -0.6513
Car -1 -1 -1.5686 561.2483 171.3668 586.9077 195.3448 1.4853 1.5894 3.8752 -1.7593 0.8583 46.4581 -1.6065 3.0025
Pedestrian -1 -1 2.9472 298.4327 171.7035 312.9004 194.1768 1.4160 0.5888 0.7517 -18.8158 0.7995 45.7111 2.5567 -0.6932
Car -1 -1 2.5784 905.0832 141.4037 1017.3971 178.7016 1.5661 1.6423 4.1445 15.6370 -0.1252 31.3394 3.0412 0.4462
Pedestrian -1 -1 1.9628 262.9857 173.2025 280.8209 202.2710 1.5616 0.6268 0.7900 -17.8870 1.1167 38.9931 1.5327 -0.7621
