Car -1 -1 1.9157 276.9799 172.1877 420.6604 257.8916 1.6056 1.6309 4.0287 -5.2825 1.4324 15.4819 1.5869 12.7405
Pedestrian -1 -1 -1.6199 1037.3356 144.4894 1060.5241 192.3680 1.6285 0.6440 0.7718 15.4972 0.3707 24.9245 -1.0636 -0.0324
Car -1 -1 -1.4564 519.3609 166.6662 572.4417 208.8134 1.5678 1.6663 4.0618 -2.1692 1.0170 28.7800 -1.5317 7.0800
Pedestrian -1 -1 -2.1905 1157.9940 138.6786 1200.1689 194.2496 1.6247 0.6501 0.7730 17.1727 0.3739 21.4029 -1.5144 -0.0438
Car -1 -1 -1.5431 607.9633 169.5522 638.8638 196.4853 1.4455 1.6369 4.0187 1.2839 0.8051 40.6050 -1.5115 6.8737
Pedestrian -1 -1 -1.5735 950.6238 143.5231 971.8191 192.7586 1.6332 0.6320 0.7405 12.1424 0.3745 24.2972 -1.1101 -0.1020
Car -1 -1 -1.5342 579.4200 167.1292 603.4534 188.7286 1.4752 1.5754 3.5086 -0.6643 0.4944 50.8313 -1.5473 5.1955
Car -1 -1 -1.5292 549.8062 167.4665 582.1167 197.1310 1.5469 1.6150 3.7309 -1.9026 0.8159 39.3264 -1.5776 2.2508
Car -1 -1 1.8326 392.5658 169.5646 448.7657 203.0301 1.4738 1.6080 3.8375 -8.3834 0.9491 33.5640 1.5878 0.1271
Car -1 -1 1.8806 408.4162 174.3835 444.3085 193.8587 1.4816 1.6201 3.9710 -13.7451 0.9408 56.6848 1.6427 -0.1818
