Car -1 -1 1.3228 779.5344 169.0448 834.2225 201.1724 1.4582 1.6111 3.8935 9.8033 0.8938 34.5698 1.5991 2.1950
Cyclist -1 -1 -1.8603 787.7745 160.1652 806.4869 191.6993 1.6438 0.4984 1.6880 10.4174 0.5325 38.2912 -1.5947 1.2961
Pedestrian -1 -1 1.8100 804.5799 161.1947 820.5723 191.0355 1.5976 0.6707 0.7636 11.4494 0.5114 38.9543 2.0959 -0.2278
Car -1 -1 -1.1433 263.5164 162.7372 309.1735 183.5233 1.4729 1.6044 3.9043 -23.1094 0.1440 52.8615 -1.5555 1.2633
Cyclist -1 -1 0.7711 1170.8306 135.6700 1237.0000 205.5786 1.7558 0.7032 1.8543 16.1710 0.6059 18.9954 1.4763 0.8067
Pedestrian -1 -1 0.9869 1101.5308 139.5648 1147.6582 209.2328 1.6919 0.6307 0.7209 12.9314 0.6747 17.8160 1.6148 -0.5051
Car -1 -1 1.8373 392.3855 175.7586 423.4296 193.8843 1.4710 1.5586 3.8394 -16.1542 1.0055 60.2156 1.5752 -0.1749
Cyclist -1 -1 -1.4060 480.7094 167.5204 493.1251 193.5816 1.6486 0.5283 1.6486 -7.3611 0.7650 46.2633 -1.5638 0.5378
Car -1 -1 1.3128 799.4643 165.8397 862.4016 202.5612 1.4681 1.6105 3.8759 9.7042 0.8430 30.6899 1.6190 -0.2664
Cyclist -1 -1 -2.7079 263.0824 158.4405 290.1732 182.1064 1.6791 0.5555 1.6845 -23.1538 0.0436 51.2479 -3.1322 -0.6153
Car -1 -1 2.1739 78.6191 184.9925 148.1487 211.1378 1.4678 1.5825 3.7314 -28.9173 1.6852 42.6951 1.5786 -0.5841
