Car -1 -1 1.8266 396.0879 170.1273 479.3275 223.0019 1.5394 1.6221 4.0170 -5.1425 1.2094 22.9466 1.6062 12.6636
Pedestrian -1 -1 -1.0863 0.0000 156.8347 28.3752 201.5706 1.6961 0.6329 0.8576 -22.7407 0.7620 27.7154 -1.7735 -0.4968
Car -1 -1 -1.4808 525.3189 167.5107 572.7473 206.7530 1.5450 1.6467 3.9131 -2.1585 0.9952 30.2496 -1.5520 10.2036
Pedestrian -1 -1 1.7066 351.0508 169.4395 369.4659 208.2657 1.6897 0.6689 0.8098 -10.6579 1.1658 31.7188 1.3824 -0.6407
Car -1 -1 -1.6479 607.2738 169.2963 641.1219 195.5833 1.4549 1.6500 4.0924 1.2797 0.7803 41.8369 -1.6173 4.8465
Car -1 -1 -1.5245 579.3783 164.9080 603.8158 186.5727 1.5207 1.6119 3.6836 -0.6689 0.3567 52.2854 -1.5373 4.3257
Car -1 -1 -1.1098 255.1930 158.8109 304.7969 181.6404 1.4799 1.5782 3.6900 -21.6040 0.0098 48.4404 -1.5293 3.1871
Car -1 -1 -1.1550 285.4615 164.7196 330.2077 186.0125 1.4593 1.5806 3.7213 -20.8201 0.3099 51.1125 -1.5418 0.1940
Car -1 -1 1.9192 729.7384 163.0014 765.1823 181.7916 1.5004 1.6109 3.9909 12.1500 0.0238 59.4787 2.1207 -0.3740
Car -1 -1 0.2733 348.8827 162.0857 443.9326 197.9377 1.5721 1.6269 3.8163 -9.1827 0.7217 32.3156 -0.0035 -0.6756
Car -1 -1 2.1686 297.8246 169.0142 362.4508 195.7871 1.4812 1.5941 3.9161 -15.7211 0.7913 41.8305 1.8091 -0.7688
