Car -1 -1 -1.3629 370.7051 177.1304 523.2870 285.9963 1.5106 1.6343 4.1565 -2.4140 1.4513 12.0514 -1.5606 12.4871
Cyclist -1 -1 -0.0341 478.3079 161.5593 500.8288 183.3529 1.6894 0.5959 1.7195 -8.7225 0.1442 56.1355 -0.1883 -0.5128
Pedestrian -1 -1 -1.5246 579.2401 168.1692 591.9378 199.2190 1.5459 0.6035 0.8163 -0.8016 0.8831 36.1763 -1.5467 0.6319
Car -1 -1 -1.5795 597.9929 170.6314 641.5567 209.4021 1.4843 1.6681 4.2403 0.7152 1.0692 29.6314 -1.5553 10.3127
Pedestrian -1 -1 1.2013 46.0309 156.9069 78.0431 206.9990 1.8004 0.6448 0.9332 -19.7978 0.9175 26.3351 0.5566 -0.4868
Car -1 -1 -1.4361 491.6347 173.0730 556.8090 224.5877 1.4652 1.5537 3.4017 -2.3328 1.2266 22.1515 -1.5410 10.0560
Pedestrian -1 -1 3.0066 681.8595 184.5833 699.1776 223.2768 1.5980 0.6150 0.6403 3.7042 1.7292 30.0252 3.1293 -0.6463
Car -1 -1 -1.4811 558.6444 167.8435 595.7028 197.9790 1.5078 1.6258 3.7233 -1.2361 0.8254 37.8430 -1.5138 9.8562
Car -1 -1 -1.5001 587.2961 166.3405 610.9998 185.9277 1.4725 1.5804 3.8604 -0.1256 0.3334 55.9790 -1.5023 2.3655
Car -1 -1 1.6453 707.9069 163.3598 728.9118 180.0587 1.4823 1.6288 3.8634 10.8400 -0.1366 66.1891 1.8076 1.1207
Car -1 -1 1.0706 955.3934 141.2402 1038.2934 175.7531 1.4912 1.6187 4.1340 18.4722 -0.2860 33.7916 1.5709 0.8707
Car -1 -1 -1.6356 661.6884 159.0638 691.9287 187.7838 1.6866 1.6095 3.5051 4.5801 0.3698 43.9641 -1.5318 -0.4563
