Car -1 -1 -1.4306 472.0325 167.7642 548.9355 233.0189 1.5972 1.5744 3.5177 -2.3888 1.2622 19.3521 -1.5534 11.3166
Pedestrian -1 -1 1.0031 1053.0250 140.5950 1093.1330 200.7645 1.6666 0.6416 0.7516 13.2722 0.5347 20.2738 1.5828 0.4164
Car -1 -1 -1.5719 596.3556 168.6807 644.2660 211.0341 1.5222 1.7227 4.6009 0.7117 1.0625 28.1357 -1.5466 10.8910
Pedestrian -1 -1 1.5002 597.7712 167.5458 615.8831 212.7347 1.6129 0.6137 0.5771 0.1694 1.1159 25.9438 1.5067 -0.0386
Car -1 -1 -1.2914 273.1515 180.0636 498.7266 334.6336 1.5326 1.6128 4.0555 -2.4786 1.5197 9.1595 -1.5557 10.7165
Pedestrian -1 -1 0.6925 0.0000 145.9584 26.8041 194.5678 1.6866 0.6450 0.7912 -20.8722 0.4545 25.2441 0.0016 -0.8079
Car -1 -1 -1.4871 553.4678 168.3980 593.0915 201.4854 1.5239 1.6252 3.6949 -1.3295 0.9214 34.9639 -1.5251 9.7333
Car -1 -1 -1.5045 584.4905 167.0333 609.3252 187.8369 1.4615 1.5725 3.6622 -0.2827 0.4458 52.3371 -1.5099 1.2138
Car -1 -1 1.8578 393.2166 168.3787 420.8201 184.8718 1.5067 1.5700 3.5190 -18.1693 0.3084 67.3951 1.5945 -0.6891
Car -1 -1 -1.0516 711.5532 163.1719 753.0278 181.7854 1.4690 1.6046 3.9137 10.7481 0.0231 58.7031 -0.8705 -0.8163
