Car -1 -1 -1.3832 418.5413 181.4765 522.0542 259.9741 1.4799 1.5540 3.3195 -2.6957 1.4807 15.2089 -1.5586 12.2959
Cyclist -1 -1 -1.1452 201.2114 168.8337 230.2013 207.1285 1.8857 0.5523 1.9167 -19.5047 1.2629 36.3444 -1.6377 0.2911
Pedestrian -1 -1 -1.1906 33.5696 202.0314 245.4385 373.0000 1.7912 0.6390 0.7310 -2.2327 1.9042 3.4806 -1.7610 0.6946
Car -1 -1 -1.5906 583.7634 171.4750 640.7591 225.0133 1.5988 1.7028 4.4756 0.2771 1.3005 23.6928 -1.5789 11.3627
Pedestrian -1 -1 -1.0810 0.0000 152.1883 135.2079 373.0000 1.6542 0.6198 0.6820 -2.9638 1.5199 3.7157 -1.7543 0.1207
Car -1 -1 -1.1036 0.0000 188.4490 422.7250 373.0000 1.5305 1.6117 4.1454 -2.6606 1.6025 5.2164 -1.5753 10.9379
Pedestrian -1 -1 1.0438 1056.8027 137.2280 1099.4023 205.7575 1.6325 0.6049 0.6739 11.5451 0.5791 17.4634 1.6279 -0.6164
Car -1 -1 -1.4830 532.7873 171.3408 579.0278 211.5326 1.5810 1.6211 3.6379 -1.8656 1.1824 30.0939 -1.5449 9.1976
Pedestrian -1 -1 -2.7150 252.3874 271.0303 306.8207 366.6564 1.7146 0.6191 0.7662 -6.1988 3.4713 13.7706 -3.1380 -0.6772
Car -1 -1 1.8936 382.2701 179.1400 464.9767 226.1241 1.4871 1.5970 3.9348 -6.0445 1.4135 24.7612 1.6541 6.1253
Car -1 -1 -1.3620 515.8691 176.6091 547.0195 196.6509 1.4492 1.5915 3.7155 -5.1926 1.0961 53.8730 -1.4581 2.5495
Car -1 -1 -1.6688 728.4737 170.6438 757.6270 193.1597 1.5078 1.6090 3.9658 9.8594 0.7815 50.1523 -1.4747 1.1643
Car -1 -1 -1.5714 567.2480 174.6374 592.3367 198.3975 1.5037 1.5880 3.5891 -1.4185 1.0701 47.2781 -1.6014 0.6757
