Car -1 -1 -1.4301 444.3354 172.7469 532.5872 243.1332 1.5044 1.5900 3.5363 -2.6197 1.3185 17.1273 -1.5819 12.0269
Cyclist -1 -1 -2.4485 367.9004 166.5178 390.4440 186.8722 1.7082 0.6806 1.8102 -18.8289 0.4513 60.9429 -2.7481 2.7465
Pedestrian -1 -1 -1.2849 296.2130 176.3491 400.1356 373.0000 1.6271 0.6206 0.6526 -2.0333 1.5901 5.6890 -1.6281 2.6309
Car -1 -1 -1.2468 173.3274 186.0700 473.2395 373.0000 1.4884 1.6065 3.8833 -2.5131 1.5493 7.4091 -1.5739 11.4236
Cyclist -1 -1 -1.2318 316.6243 166.1111 333.1316 191.5259 1.7081 0.5043 1.7453 -18.9042 0.6745 49.1565 -1.5989 0.1358
Pedestrian -1 -1 2.6736 884.8018 151.3876 912.6649 198.9185 1.6892 0.6343 0.7173 10.6800 0.6201 25.8694 3.0651 -0.2229
Car -1 -1 -1.5707 589.0147 169.0379 641.2836 218.3426 1.6006 1.6976 4.4688 0.4595 1.1971 25.5666 -1.5527 11.0162
Car -1 -1 -1.4758 540.6527 167.7434 585.1627 206.3204 1.6520 1.6678 3.8397 -1.7085 1.0639 32.7132 -1.5280 9.4988
Car -1 -1 -1.5024 572.5624 170.2215 599.4540 192.1707 1.4679 1.6069 3.9915 -1.0256 0.7143 50.0687 -1.5229 3.4040
Car -1 -1 0.1788 415.1830 215.6211 534.4450 262.9811 1.6199 1.6696 4.1251 -4.6482 2.9265 26.6352 0.0060 2.6461
Car -1 -1 -1.5744 602.8724 169.1247 633.2508 198.5837 1.5771 1.6265 3.8435 0.9233 0.9154 40.3912 -1.5516 0.7945
Car -1 -1 1.3363 783.1140 159.7837 811.7343 177.4864 1.4770 1.5521 3.8626 17.1202 -0.3613 62.7729 1.6026 -0.2581
Car -1 -1 -3.2157 916.8754 134.6230 1039.6891 178.0048 1.5421 1.6291 4.0174 14.1823 -0.1394 27.3203 -2.7369 -0.4766
