Car -1 -1 -1.3872 402.9722 182.9596 517.9159 270.2742 1.4456 1.5322 3.4055 -2.5835 1.4780 13.6521 -1.5742 11.4581
Pedestrian -1 -1 0.0215 569.5391 172.5620 585.8028 207.7156 1.7070 0.6210 0.7843 -1.1693 1.2739 35.1935 -0.0117 -0.2619
Car -1 -1 1.8389 352.7718 177.6535 449.3027 233.6356 1.5209 1.6774 4.4705 -5.9461 1.4175 21.7489 1.5720 11.1967
Car -1 -1 -1.4794 528.5905 170.4478 580.9102 217.4003 1.6382 1.6246 3.7241 -1.7049 1.2536 26.9442 -1.5426 10.7406
Car -1 -1 -1.5766 590.6970 175.1622 650.8339 230.5698 1.5590 1.6928 4.5892 0.5567 1.3818 22.5191 -1.5519 10.3358
Car -1 -1 -1.0048 0.0000 200.9767 395.7668 373.0000 1.4173 1.5831 4.0018 -2.6308 1.5871 4.2021 -1.5642 10.1525
Car -1 -1 2.1459 0.0000 161.0180 265.7102 353.5364 1.7034 1.7252 4.3832 -5.8873 1.5236 8.5674 1.5438 7.8466
Car -1 -1 1.6618 502.8209 172.7468 534.0834 199.3663 1.6687 1.6717 4.1040 -5.3874 1.1207 47.0990 1.5479 3.5898
Car -1 -1 -1.5119 549.6766 172.1695 586.3676 206.7829 1.6786 1.6531 3.8656 -1.6680 1.2270 36.7779 -1.5572 1.5965
Car -1 -1 -1.5529 573.7235 174.5518 597.0247 196.0101 1.4641 1.5856 3.7106 -1.0929 0.9907 50.8671 -1.5743 1.1734
Car -1 -1 1.3397 763.5002 164.2125 807.6252 192.1739 1.5550 1.6319 3.9113 10.6857 0.5944 41.9164 1.5893 0.3881
