Car -1 -1 -1.3829 416.0573 182.3517 522.7058 261.6027 1.4502 1.5403 3.5091 -2.6559 1.4712 14.9429 -1.5588 14.1433
Cyclist -1 -1 -2.8259 387.4270 169.7525 408.9573 188.8727 1.7312 0.6140 1.7840 -18.4603 0.6679 65.3826 -3.1010 2.2357
Pedestrian -1 -1 -1.1312 0.0000 214.9415 213.8630 373.0000 1.7736 0.6672 0.7054 -2.2941 1.9452 3.2480 -1.7461 1.6864
Car -1 -1 -1.5829 584.7860 176.1591 642.2614 226.9955 1.5096 1.7068 4.5683 0.3351 1.3521 23.6143 -1.5687 11.7701
Cyclist -1 -1 1.3939 736.5824 166.5754 747.9639 190.1646 1.7103 0.5239 1.7356 10.3928 0.6288 52.9521 1.5877 1.0239
Pedestrian -1 -1 -0.8921 0.0000 171.9724 130.1703 373.0000 1.7285 0.5968 0.6477 -2.8836 1.6873 3.5327 -1.5766 -0.4468
Car -1 -1 1.9817 212.5588 186.6050 378.1130 272.3604 1.4866 1.6126 4.0489 -6.0854 1.6070 14.7316 1.5899 11.4539
Car -1 -1 -1.0849 0.0000 199.4558 421.1371 373.0000 1.4593 1.6239 4.0190 -2.6505 1.6381 5.0802 -1.5658 11.3788
Car -1 -1 -1.4981 533.8816 173.3375 580.2084 215.4273 1.6183 1.6366 3.6229 -1.7781 1.3055 29.4379 -1.5584 10.3900
Car -1 -1 1.6495 492.9038 173.9329 526.3078 202.8931 1.6599 1.6720 4.2350 -5.4852 1.2269 43.3235 1.5235 5.0595
Car -1 -1 -1.5559 565.0440 176.3104 589.8761 199.6350 1.4891 1.5852 3.7462 -1.5569 1.1585 47.7436 -1.5885 2.4912
Car -1 -1 1.7185 350.3215 179.6550 383.3985 202.0532 1.4672 1.6084 3.7948 -15.9630 1.3471 49.0576 1.4039 1.4254
Car -1 -1 1.7683 421.5413 182.2785 455.1683 203.6493 1.4597 1.5892 3.9832 -11.5664 1.5180 51.2175 1.5462 1.2165
Car -1 -1 1.2346 860.2923 161.3227 921.4922 194.1569 1.6728 1.6919 4.4208 15.5527 0.6457 38.8394 1.6155 -0.2754
Car -1 -1 -1.5144 585.7519 166.3740 606.7633 184.1589 1.4723 1.5841 3.8567 -0.3855 0.2206 61.4308 -1.5207 -0.3416
