Car -1 -1 -1.3485 364.6137 182.9185 503.3756 279.8798 1.4157 1.5448 3.5622 -2.7426 1.4448 12.3208 -1.5675 13.5786
Pedestrian -1 -1 -2.3753 1178.8043 130.2963 1237.0000 211.1476 1.6162 0.6201 0.7237 12.4279 0.5939 14.7485 -1.6751 0.5073
Car -1 -1 -1.6081 589.8431 172.5319 646.4443 222.4984 1.5284 1.7156 4.5111 0.4512 1.2552 24.2409 -1.5895 12.1056
Pedestrian -1 -1 0.9365 285.6348 169.9908 302.6052 196.5200 1.6830 0.6370 0.8224 -19.6940 0.9535 46.0501 0.5324 -0.5857
Car -1 -1 -1.4752 519.0132 168.0854 571.9851 214.2253 1.6258 1.6521 3.6942 -2.0687 1.1542 27.1714 -1.5512 11.0755
Car -1 -1 -0.8534 0.0000 208.8096 351.0109 373.0000 1.4553 1.5766 3.9913 -2.5782 1.6457 2.9717 -1.5680 10.2325
Car -1 -1 1.7685 441.9354 172.3418 499.2936 210.6406 1.5452 1.6541 4.1634 -5.5921 1.1767 31.0764 1.5904 8.9513
Car -1 -1 2.2405 0.0000 142.4268 220.0744 361.0601 1.7878 1.7589 4.3545 -6.3572 1.4697 8.0496 1.5720 7.7690
Car -1 -1 -1.5536 558.7415 173.4271 587.1631 199.3454 1.4632 1.6042 4.0376 -1.6526 1.0082 42.5850 -1.5924 3.2530
Car -1 -1 -1.6092 652.2248 162.6037 676.6234 185.6519 1.7648 1.7533 4.7450 5.0176 0.3185 57.4141 -1.5221 1.9041
