Car -1 -1 -1.5568 591.1749 166.7773 642.8808 213.3767 1.5646 1.7380 4.6536 0.5823 1.0714 26.4730 -1.5348 11.7641
Cyclist -1 -1 2.8599 419.7517 158.8974 452.4839 188.6892 1.7609 0.6394 1.8115 -9.9304 0.4257 43.1765 2.6338 1.7174
Pedestrian -1 -1 -0.7240 1182.4803 148.8796 1237.0000 264.2936 1.6387 0.6210 0.7330 9.0786 1.1769 10.5117 -0.0117 0.8417
Car -1 -1 -1.4133 455.8789 167.0308 541.2805 237.2508 1.5775 1.5769 3.4367 -2.4914 1.2537 17.8683 -1.5518 11.5624
Pedestrian -1 -1 -3.0246 1197.5884 133.5086 1237.0000 217.8118 1.7229 0.6138 0.7564 13.0903 0.7433 15.1638 -2.3124 -0.7562
Car -1 -1 -1.2444 207.6822 175.6991 492.8136 367.0384 1.5863 1.6522 4.1185 -2.4553 1.5396 8.0359 -1.5410 11.3091
Pedestrian -1 -1 2.2870 853.2299 153.6258 877.7309 195.1890 1.6902 0.6015 0.7549 10.8836 0.5577 29.6552 2.6387 -0.8055
Car -1 -1 -1.4896 546.9684 165.1022 588.4533 201.2473 1.5878 1.6335 3.7278 -1.5283 0.8684 33.4435 -1.5353 9.8074
Car -1 -1 1.5497 577.6032 164.2305 601.4171 185.9582 1.4752 1.5928 3.9697 -0.8613 0.3034 50.7826 1.5327 2.0723
Car -1 -1 -1.4816 721.1861 161.8491 747.7157 182.5980 1.5006 1.6210 3.9307 10.0610 0.0800 54.0615 -1.2976 0.7761
Car -1 -1 -1.6427 676.0836 157.2644 722.2564 200.6046 1.7690 1.6978 4.0355 4.1898 0.7808 31.3829 -1.5099 0.5859
Car -1 -1 -1.3862 332.1966 162.7355 364.6933 184.1325 1.5696 1.6333 4.0011 -19.2309 0.1937 54.7930 -1.7237 -0.7558
