Car -1 -1 -1.3985 416.9691 183.5628 523.3405 264.8180 1.4553 1.5501 3.5103 -2.5969 1.5038 14.7091 -1.5733 13.6250
Cyclist -1 -1 0.2323 381.6730 169.1100 404.3985 189.0553 1.7339 0.6469 1.8091 -18.1861 0.6572 62.8127 -0.0495 1.6566
Pedestrian -1 -1 -0.9529 0.0000 221.1595 195.5510 373.0000 1.5781 0.5855 0.6591 -2.2458 1.7657 3.0330 -1.5902 -0.0995
Car -1 -1 -1.4624 531.1741 174.2376 582.3117 217.1918 1.5984 1.6471 3.6357 -1.7334 1.3292 28.5830 -1.5229 11.2340
Cyclist -1 -1 2.0268 95.2219 288.3765 208.9649 373.0000 1.6755 0.5435 1.6776 -5.6938 3.1645 9.1346 1.4694 -0.2838
Car -1 -1 -1.5748 586.6886 176.0778 644.1116 229.5559 1.5644 1.6804 4.3884 0.4091 1.4070 23.2170 -1.5572 10.2310
Car -1 -1 -1.0835 0.0000 199.1355 411.2803 373.0000 1.4192 1.5599 4.0345 -2.5940 1.5867 4.7378 -1.5844 8.7660
Car -1 -1 1.8393 497.5454 176.2600 537.9441 201.2261 1.5059 1.5900 3.7672 -5.2241 1.1906 45.3100 1.7245 5.8671
Car -1 -1 1.7804 449.4180 170.6752 504.3883 210.2943 1.6980 1.6723 4.0318 -5.6282 1.2350 32.8309 1.6106 4.8168
Car -1 -1 -1.6203 656.2344 168.5447 677.0151 188.9835 1.9682 1.8171 4.9199 6.5125 0.7209 71.6661 -1.5296 0.5948
Car -1 -1 -1.5270 589.4571 169.2852 609.5850 186.8334 1.4660 1.5754 3.7121 -0.1091 0.4460 61.8971 -1.5287 -0.0991
Car -1 -1 1.6880 539.5463 171.1403 582.9965 209.5899 1.8073 1.7061 4.0136 -1.9515 1.3212 35.8181 1.6335 -0.6952
