Car -1 -1 -1.2236 119.6834 183.9764 466.9657 373.0000 1.5407 1.6506 4.0865 -2.5596 1.5732 7.0022 -1.5740 11.8707
Pedestrian -1 -1 -1.2147 248.9109 184.5476 374.1549 373.0000 1.5324 0.6311 0.6945 -2.0956 1.5572 5.1375 -1.6020 2.5509
Car -1 -1 -1.5763 584.7703 172.5898 638.4091 220.5472 1.5099 1.6890 4.4045 0.3080 1.2305 24.8212 -1.5639 10.9457
Pedestrian -1 -1 2.6425 911.9498 149.6581 943.1608 203.8887 1.7283 0.6409 0.6966 10.5179 0.7146 23.2361 3.0676 0.8850
Car -1 -1 -1.4013 433.5591 170.6753 529.0714 249.0831 1.6113 1.5798 3.5794 -2.6860 1.3901 16.5556 -1.5622 10.9065
Pedestrian -1 -1 -1.4169 428.7379 191.1672 466.2522 275.0759 1.6907 0.6668 0.6856 -3.2258 1.8976 14.9167 -1.6299 -0.1354
Car -1 -1 -1.5001 538.6242 168.6186 581.2337 206.9019 1.6143 1.6495 3.6519 -1.8155 1.0721 32.1242 -1.5566 10.4696
Pedestrian -1 -1 -1.0346 92.3653 185.2218 238.0793 373.0000 1.6023 0.6322 0.6644 -3.1052 1.6318 5.0808 -1.5832 -0.2686
Car -1 -1 -1.5822 601.4150 165.9107 631.6319 194.5570 1.5231 1.6066 3.8128 0.8150 0.6951 40.1031 -1.5619 0.3165
Car -1 -1 1.3604 773.1310 157.1221 805.3490 177.6809 1.4789 1.5645 3.9487 14.2051 -0.2995 54.4283 1.6157 0.3083
Car -1 -1 -1.9429 829.7103 156.1532 885.0684 183.8577 1.4385 1.5896 3.7245 13.8889 0.1233 39.1828 -1.6022 -0.0982
Car -1 -1 2.1689 0.0000 158.1577 77.1121 188.9853 1.4658 1.5720 3.6374 -28.3233 0.3568 36.0221 1.5026 -0.4842
Car -1 -1 -1.0129 566.9200 170.9902 617.4078 194.0068 1.5122 1.6157 3.9575 -0.5796 0.8224 49.3018 -1.0246 -0.7074
