Car -1 -1 -1.4001 425.9021 177.8636 523.9067 252.3164 1.4815 1.5833 3.4139 -2.7387 1.4104 15.9990 -1.5697 12.6366
Pedestrian -1 -1 0.8104 1008.0229 153.2742 1037.7645 196.4930 1.7143 0.6435 0.8231 16.9716 0.5957 28.9653 1.3404 -0.0541
Car -1 -1 -1.5784 580.6857 173.2948 636.1715 221.8081 1.4909 1.7052 4.5694 0.1875 1.2399 24.3585 -1.5707 12.0082
Car -1 -1 -1.1804 34.5126 186.1436 451.6066 373.0000 1.5140 1.6355 4.1558 -2.6267 1.5700 6.3707 -1.5714 11.6376
Car -1 -1 -1.4995 535.5542 169.6422 578.1134 207.6649 1.5757 1.6197 3.5101 -1.9200 1.0853 31.5303 -1.5603 10.4681
Car -1 -1 1.7135 508.1375 182.1693 547.6243 211.5010 1.4815 1.5612 3.8859 -3.8777 1.5199 38.3413 1.6127 0.7442
Car -1 -1 1.7090 492.2839 172.7838 516.8774 190.1915 1.4689 1.6086 3.8531 -8.3689 0.7339 62.5426 1.5760 0.5835
Car -1 -1 3.1793 530.5352 170.3861 591.1562 195.1136 1.5984 1.6473 3.9182 -2.6309 0.8807 47.2881 3.1238 0.4575
Car -1 -1 1.7262 516.1912 173.9285 545.1383 194.4782 1.4871 1.5758 3.9431 -5.2623 0.9398 53.9959 1.6291 -0.3410
Car -1 -1 -0.9071 0.0000 150.0761 86.5182 182.4398 1.4790 1.6239 3.9301 -27.1683 0.0439 34.7908 -1.5701 -0.3846
