Car -1 -1 -1.4224 452.0505 167.9898 537.8904 240.7690 1.6028 1.5803 3.3905 -2.5296 1.3065 17.5158 -1.5659 12.8552
Pedestrian -1 -1 -1.5180 569.6097 167.6690 584.5997 206.9275 1.6951 0.6182 0.7297 -1.0734 1.0989 31.3848 -1.5521 2.8549
Car -1 -1 -1.2472 190.4512 186.8431 483.4413 373.0000 1.4701 1.6381 4.0692 -2.5008 1.5445 7.7788 -1.5582 12.2104
Pedestrian -1 -1 -1.4559 540.0224 171.7776 556.7433 208.7500 1.5962 0.6504 0.7311 -2.3283 1.1774 31.3882 -1.5300 1.3187
Car -1 -1 -1.5983 592.4426 170.4642 643.1789 215.2244 1.4833 1.6823 4.4340 0.4997 1.1187 26.0268 -1.5791 11.3209
Pedestrian -1 -1 -1.3197 324.6917 179.5677 417.4344 373.0000 1.6676 0.6275 0.5599 -1.9729 1.6535 6.0507 -1.6349 0.1471
Car -1 -1 -1.4763 544.1560 165.5440 587.4815 203.6716 1.6567 1.6574 3.6300 -1.5975 0.9644 33.0620 -1.5246 8.5441
Car -1 -1 1.3925 706.7256 162.7955 732.0758 180.3328 1.5288 1.6035 3.7932 10.6408 -0.1080 64.7851 1.5553 0.7922
Car -1 -1 -1.4960 583.4684 170.8725 610.3599 193.6167 1.5269 1.6053 3.7220 -0.2686 0.8141 50.1352 -1.5014 0.0924
Car -1 -1 1.6914 525.9873 179.8344 561.5149 207.2929 1.4799 1.5549 3.8458 -3.2197 1.3910 40.6670 1.6124 -0.2563
Car -1 -1 -1.6471 677.9831 159.8153 726.9346 205.9482 1.7890 1.6990 4.0506 4.1224 0.9491 29.9271 -1.5102 -0.6620
