Car -1 -1 -1.3652 393.7183 187.1720 516.0677 278.5528 1.4458 1.5448 3.3471 -2.6030 1.5650 13.2534 -1.5592 14.3556
Cyclist -1 -1 -2.8059 337.5368 172.0451 364.9686 195.1039 1.7345 0.6961 1.8353 -18.9145 1.0239 54.3804 -3.1406 -0.5115
Pedestrian -1 -1 0.2896 762.9370 173.2155 779.8993 200.8739 1.6015 0.6365 0.8193 9.9585 1.1226 42.0712 0.5221 -0.4337
Car -1 -1 2.0673 53.8369 185.4087 316.0798 311.4858 1.5528 1.6498 4.1640 -6.0769 1.6256 11.0604 1.5649 11.0633
Car -1 -1 -1.5905 590.5617 180.8972 649.6905 234.1635 1.5147 1.6815 4.4240 0.5074 1.4987 22.6382 -1.5681 10.6273
Car -1 -1 -0.9747 0.0000 202.8795 382.8870 373.0000 1.4422 1.5645 3.8848 -2.5671 1.6136 3.7654 -1.5731 10.3182
Car -1 -1 -1.4909 524.1795 175.3690 576.3991 223.6530 1.6613 1.6426 3.5615 -1.8440 1.4515 26.5027 -1.5604 9.7311
Car -1 -1 1.7547 461.3359 176.6406 510.8331 211.2998 1.6455 1.7087 4.3055 -5.7593 1.4157 36.2764 1.5973 8.0413
Car -1 -1 -1.4475 548.6289 177.6504 587.3397 209.4063 1.5919 1.6042 3.6502 -1.7217 1.3998 37.8886 -1.4929 2.4835
Car -1 -1 1.7160 506.2038 186.9291 538.9678 211.2902 1.4694 1.5543 3.8413 -5.0144 1.8335 46.1401 1.6077 0.4188
Car -1 -1 -1.6287 655.3445 168.4356 679.0698 191.7768 1.9911 1.8136 4.7891 5.8256 0.8771 63.6990 -1.5375 -0.1872
