Car -1 -1 -1.2700 259.6216 186.6211 453.6430 314.2349 1.4478 1.5452 3.5634 -3.2395 1.5337 10.0799 -1.5810 12.8065
Pedestrian -1 -1 0.3068 352.8220 165.7499 372.7061 201.6292 1.6886 0.5891 0.7542 -11.3384 0.9483 34.1049 -0.0142 -0.1555
Car -1 -1 1.8300 391.3029 176.0915 453.1086 214.8214 1.4725 1.5638 3.5824 -7.2053 1.2679 29.1124 1.5874 10.4741
Pedestrian -1 -1 0.9383 317.7096 179.5621 331.8099 204.0691 1.7153 0.6045 0.7475 -19.5260 1.5803 50.7309 0.5709 -0.2747
Car -1 -1 -1.5861 531.2549 169.4083 594.3953 229.0436 1.6318 1.7311 4.4683 -1.2493 1.3021 21.9435 -1.6430 9.5948
Car -1 -1 -1.4461 512.9111 169.3630 564.7928 212.4169 1.6865 1.6751 4.1097 -2.5761 1.2121 30.2227 -1.5311 7.1986
Car -1 -1 -1.5687 587.5622 174.4492 620.4230 204.3886 1.3904 1.5262 3.1585 0.1161 1.0639 34.9405 -1.5654 5.7331
Car -1 -1 1.3708 879.8950 150.5692 932.5798 182.1069 1.4744 1.6233 4.0708 15.0773 0.0293 35.7350 1.7701 1.5614
Car -1 -1 -1.6270 626.9429 170.0172 647.6252 187.5849 1.4780 1.5783 3.7541 3.1140 0.5124 62.3153 -1.5771 -0.3538
Car -1 -1 1.7828 445.8757 173.0542 479.1251 193.6921 1.4857 1.6316 4.0354 -10.3305 0.8783 53.7443 1.5929 -0.4280
