Car -1 -1 -1.3552 382.7690 184.2536 507.6097 272.5448 1.4393 1.5686 3.5397 -2.8444 1.4995 13.5949 -1.5615 12.2539
Cyclist -1 -1 -1.8731 796.7325 155.6114 817.8699 189.4500 1.6639 0.5512 1.6578 10.3429 0.3918 36.1543 -1.5945 -0.2625
Pedestrian -1 -1 1.6430 531.1362 174.8090 546.3564 212.2179 1.6563 0.6281 0.7522 -2.8178 1.3610 32.1837 1.5556 1.1809
Car -1 -1 -0.9915 0.0000 205.4559 381.7493 373.0000 1.4458 1.5558 3.9778 -2.6382 1.6461 3.9673 -1.5783 11.2561
Pedestrian -1 -1 1.6039 559.3866 175.1937 573.4047 211.5659 1.6164 0.6078 0.6880 -1.5835 1.3371 32.2685 1.5549 0.0348
Car -1 -1 -1.5690 587.9883 173.4559 636.2131 219.1127 1.6087 1.6999 4.4219 0.3877 1.3263 27.5321 -1.5549 9.9088
Car -1 -1 -1.4639 533.9586 174.4487 577.9100 211.1354 1.6343 1.6596 4.0215 -2.1064 1.3211 34.0430 -1.5257 9.5979
Car -1 -1 1.7803 430.9352 178.1598 483.6472 215.1747 1.5677 1.6006 3.6292 -6.4177 1.4272 32.2457 1.5838 0.9618
Car -1 -1 -1.5032 587.5432 165.4864 606.4197 181.3693 1.4916 1.5649 3.9601 -0.3642 -0.0127 69.5199 -1.5085 0.0046
Car -1 -1 0.0871 856.9243 140.4717 993.8920 193.5769 1.5542 1.6217 3.8137 10.1722 0.3546 22.6580 0.5091 -0.0497
Car -1 -1 -1.5258 574.8341 174.6486 595.6600 192.9286 1.4770 1.5735 3.7082 -1.2961 0.9239 59.9109 -1.5474 -0.1254
Car -1 -1 -1.6144 559.7342 174.9874 587.1329 200.8276 1.6478 1.6477 3.8558 -1.8887 1.2332 47.7942 -1.6539 -0.2756
