Car -1 -1 -1.5581 510.7838 167.8562 585.5893 237.9938 1.5914 1.6984 4.3545 -1.3794 1.2831 18.5220 -1.6324 11.5350
Cyclist -1 -1 1.4825 638.9737 166.9952 648.2618 189.8123 1.6505 0.5350 1.6621 3.1124 0.6019 52.7986 1.5414 -0.5351
Pedestrian -1 -1 0.3743 282.1598 161.9213 310.3849 208.2054 1.6790 0.5826 0.7964 -11.2141 0.9698 26.3583 -0.0280 2.2322
Car -1 -1 -1.1751 109.5726 187.2914 419.7087 373.0000 1.4664 1.5918 3.6252 -3.2094 1.5434 7.5750 -1.5759 11.4333
Pedestrian -1 -1 0.1303 493.5907 163.7783 520.9980 216.2842 1.7173 0.6154 0.8289 -3.1387 1.1388 23.8004 -0.0009 0.3386
Car -1 -1 1.7941 425.6029 154.4515 493.7228 204.1616 2.2273 2.0016 5.9168 -6.8120 1.0163 35.1718 1.6027 7.9790
Pedestrian -1 -1 3.2078 168.0188 179.0076 204.9662 242.6644 1.5170 0.6417 0.7435 -10.1723 1.4588 17.5683 2.6830 0.2215
Car -1 -1 -1.4176 499.7195 166.2835 563.0579 217.4974 1.6729 1.6570 3.8863 -2.4213 1.1770 25.4501 -1.5124 5.9569
Pedestrian -1 -1 -1.7034 575.8264 171.9082 591.0086 208.5844 1.8061 0.6472 0.8676 -0.9109 1.3347 35.8515 -1.7288 -0.8139
Car -1 -1 -1.5858 577.0963 168.5303 609.4992 199.5157 1.5345 1.6058 3.7794 -0.4623 0.8931 37.4825 -1.5981 1.8578
Car -1 -1 1.4385 708.2437 167.4824 732.7365 185.2463 1.4688 1.5679 3.8131 10.1605 0.3102 61.3228 1.6027 1.4143
Car -1 -1 1.2638 803.6015 146.7118 859.2846 177.3547 1.4672 1.6085 3.8946 11.7245 -0.2232 36.8688 1.5717 1.1212
Car -1 -1 -2.1180 1022.4848 149.7892 1107.9868 182.9894 1.4729 1.5839 3.8797 21.7135 0.0670 33.8240 -1.5473 0.8606
Car -1 -1 -1.2898 628.1088 167.0253 670.1959 194.5720 1.6348 1.6296 3.7769 3.0175 0.7766 44.6823 -1.2224 -0.1347
Car -1 -1 1.7214 398.1776 176.5324 432.5119 200.3332 1.4959 1.5857 4.1429 -12.1901 1.1844 47.2855 1.4691 -0.1858
