Car -1 -1 -1.3641 391.8434 185.2821 506.6848 270.9989 1.4714 1.5275 3.4826 -2.9145 1.5568 14.2269 -1.5661 11.7868
Pedestrian -1 -1 -1.7922 814.9013 163.7546 835.5894 206.8345 1.6693 0.6426 0.6690 8.7604 0.9827 28.1912 -1.4909 0.5733
Car -1 -1 -1.5738 585.4630 177.1020 632.9138 218.6267 1.4946 1.7082 4.5183 0.2720 1.3374 28.1175 -1.5641 10.4243
Pedestrian -1 -1 1.5751 560.4572 176.5530 573.8152 210.5541 1.5846 0.6221 0.6427 -1.6241 1.3550 33.8100 1.5271 0.0961
Car -1 -1 -0.9755 0.0000 205.9354 388.0066 373.0000 1.4183 1.5618 4.1010 -2.6606 1.6269 4.0302 -1.5590 9.7372
Pedestrian -1 -1 2.8354 804.4136 158.0878 825.0146 193.4473 1.6820 0.6232 0.7964 10.2260 0.5692 34.4859 3.1236 -0.3555
Car -1 -1 1.8598 354.4288 183.1790 437.3437 233.1544 1.4754 1.5698 3.7426 -6.5614 1.5352 23.2121 1.5843 8.8579
Car -1 -1 -1.4631 536.2077 176.3633 577.6869 210.3515 1.5865 1.6434 3.8316 -2.1515 1.3476 35.4797 -1.5237 8.2929
Car -1 -1 -1.5423 555.7473 175.1491 581.7509 200.6367 1.6443 1.6391 3.8189 -2.1508 1.2353 48.2618 -1.5868 2.2533
Car -1 -1 1.5742 577.2923 173.7999 596.0989 191.8305 1.4669 1.5301 3.9285 -1.2064 0.8410 60.4154 1.5542 0.3094
Car -1 -1 -1.6336 648.2009 168.6892 676.0960 194.9184 1.7184 1.6504 3.8480 4.1155 0.8798 48.9987 -1.5498 -0.3329
