Car -1 -1 2.0270 111.3478 186.1221 344.4706 292.9834 1.4310 1.6344 4.3754 -5.9259 1.5236 11.9956 1.5682 13.0520
Car -1 -1 -1.3431 365.6546 174.5524 502.1360 281.2564 1.6122 1.5668 3.4547 -2.8136 1.5085 12.5841 -1.5630 11.6280
Car -1 -1 -1.5805 589.5921 173.7713 641.8491 219.9284 1.5175 1.7183 4.5577 0.4629 1.2645 25.8995 -1.5626 10.3797
Car -1 -1 -0.9871 0.0000 205.8782 375.3954 373.0000 1.4394 1.5499 3.8262 -2.5058 1.6277 3.5715 -1.5989 10.0354
Car -1 -1 -1.4618 525.5114 168.2548 574.5590 211.4723 1.6942 1.6552 3.6733 -2.1031 1.1760 30.0253 -1.5317 9.6974
Car -1 -1 -1.5293 561.8754 168.7008 590.4432 194.9964 1.6159 1.6656 4.2603 -1.5786 0.8301 46.2774 -1.5634 3.8582
Car -1 -1 1.7059 502.5110 175.5032 533.6579 197.7523 1.4824 1.6328 3.9415 -5.7290 1.0836 49.8468 1.5914 2.0214
Car -1 -1 -1.6684 702.1580 172.9345 728.7365 193.4097 1.4555 1.5672 3.8018 8.3947 0.8472 53.0054 -1.5113 1.0886
Car -1 -1 -2.2066 1061.3307 151.5961 1187.3593 195.4407 1.5028 1.6389 4.1282 19.2309 0.4789 26.6916 -1.5823 -0.2564
Car -1 -1 -1.5694 576.2120 171.4751 596.6143 190.4618 1.4867 1.5976 3.9290 -1.1915 0.7022 58.2222 -1.5898 -0.4540
