Car -1 -1 -1.3466 376.3752 183.5368 505.7305 274.3447 1.4347 1.5528 3.5334 -2.8306 1.4784 13.2021 -1.5578 13.1186
Car -1 -1 -0.9637 0.0000 200.0495 384.8966 373.0000 1.4531 1.5771 4.0224 -2.6344 1.6068 3.8784 -1.5604 9.7110
Car -1 -1 -1.4941 532.4938 169.5839 574.5248 207.4180 1.6121 1.6237 3.5784 -2.1226 1.1054 32.4043 -1.5595 9.5566
Car -1 -1 -1.5718 588.3090 171.2365 637.4172 216.9301 1.5730 1.6911 4.3841 0.3998 1.2207 26.9290 -1.5570 8.6702
Car -1 -1 1.7678 465.7165 174.6946 510.3460 204.2041 1.5205 1.6318 4.0814 -6.1112 1.1707 39.0842 1.6127 7.5899
Car -1 -1 -1.6127 559.0749 173.8981 586.4639 198.2017 1.5345 1.6323 4.0046 -1.9197 1.0553 47.4151 -1.6532 1.5985
Car -1 -1 -1.7315 580.1065 171.8903 606.9064 191.0967 1.5327 1.6049 3.9107 -0.6622 0.7664 59.3859 -1.7426 1.3021
Car -1 -1 -2.0054 890.5602 152.6802 941.9340 177.0036 1.4729 1.5604 3.7954 20.1544 -0.3000 46.1219 -1.5934 1.2924
Car -1 -1 -1.1554 840.1213 156.0683 903.1654 189.5114 1.5574 1.5901 3.5782 13.2964 0.3740 35.2833 -0.7950 0.7403
Car -1 -1 1.4644 702.3178 171.8243 730.7980 193.1706 1.4727 1.6049 3.9040 8.2371 0.8058 51.5457 1.6228 -0.0475
Car -1 -1 -1.6649 646.6261 161.6000 678.0992 189.9474 1.9657 1.8251 4.8217 4.3939 0.5864 52.2294 -1.5810 -0.3492
