Car -1 -1 -1.1891 134.6014 191.1515 426.8004 372.7039 1.4445 1.5567 3.5473 -3.1166 1.5729 7.6780 -1.5747 15.0131
Cyclist -1 -1 1.4621 634.5226 172.5000 642.0153 190.4634 1.6876 0.5294 1.6984 3.5401 0.8424 68.3460 1.5139 0.2663
Pedestrian -1 -1 3.7331 53.5675 192.0783 115.8180 269.5780 1.4741 0.6182 0.7785 -10.1492 1.6874 14.0707 3.1082 -0.5488
Car -1 -1 -1.5321 509.9790 171.3124 590.0980 247.5608 1.6457 1.7292 4.5864 -1.2141 1.4270 17.8187 -1.6001 13.9650
Cyclist -1 -1 1.5441 646.7537 171.1440 656.0715 195.5867 1.6473 0.5913 1.6481 3.4329 0.9500 49.2452 1.6137 -0.5076
Pedestrian -1 -1 1.4904 647.0174 167.9161 656.6603 192.5928 1.6779 0.6014 0.7288 3.4624 0.7549 49.2071 1.5606 -0.5977
Car -1 -1 2.0638 78.9620 119.3060 357.2362 284.8300 2.5926 2.1091 6.1954 -7.1210 1.6198 14.3797 1.6040 10.1464
Pedestrian -1 -1 -2.0642 986.6157 147.5620 1024.1659 210.2280 1.6415 0.6263 0.6757 10.7337 0.7537 19.1572 -1.5535 -0.7505
Car -1 -1 -1.4884 504.3380 169.2586 564.3348 224.8277 1.7155 1.6822 4.0393 -2.2006 1.3387 24.1995 -1.5791 8.3867
Car -1 -1 1.7868 461.0086 175.5971 503.7099 204.9771 1.4825 1.5181 3.4937 -6.2583 1.1856 38.0299 1.6237 8.3659
Car -1 -1 -1.4433 524.7700 168.2034 572.6414 206.9383 1.5723 1.6065 3.7006 -2.2337 1.0335 31.0470 -1.5152 1.6104
Car -1 -1 1.1755 862.8923 153.8738 909.2551 176.8184 1.4538 1.5394 3.8035 19.0550 -0.3261 48.2132 1.5519 0.1470
Car -1 -1 -0.0035 581.9684 170.0307 667.3546 202.0889 1.5432 1.6431 4.1149 1.1305 0.9920 35.4554 0.0284 -0.0130
