Car -1 -1 -1.1830 126.4314 190.7328 415.0997 368.2362 1.4250 1.5202 3.5045 -3.2439 1.5480 7.7072 -1.5814 13.2538
Cyclist -1 -1 1.5221 636.7963 174.3201 645.2703 197.5122 1.7038 0.5466 1.7195 2.9697 1.1769 53.6299 1.5774 0.4204
Pedestrian -1 -1 3.5205 291.5607 163.4149 319.7159 208.5642 1.6927 0.6267 0.8145 -11.2348 1.0157 27.2472 3.1294 0.2913
Car -1 -1 -1.5120 510.1420 171.8324 586.0315 239.5985 1.5616 1.7065 4.5301 -1.3104 1.3400 18.8243 -1.5815 11.7540
Cyclist -1 -1 1.6156 633.5313 169.3994 640.9722 188.7703 1.6742 0.5784 1.6690 3.1745 0.6288 62.9420 1.6660 -0.7386
Pedestrian -1 -1 -1.5883 608.4681 166.8336 624.5431 208.2279 1.7008 0.6551 0.6418 0.6060 1.0992 29.8343 -1.5680 -0.3598
Car -1 -1 1.7643 445.9185 156.1376 505.8936 201.8432 2.3061 2.0590 6.3049 -6.7604 1.0273 39.4168 1.5944 7.9212
Car -1 -1 -1.4394 499.5277 168.5487 557.4315 218.1990 1.6586 1.6021 3.7013 -2.5762 1.2270 25.8690 -1.5386 7.1888
Car -1 -1 2.0398 200.5823 165.9888 245.8559 185.7968 1.5277 1.6120 3.9004 -30.1171 0.3319 57.3605 1.5563 -0.1840
Car -1 -1 1.1850 948.5081 149.3812 1035.1425 189.7177 1.4765 1.6175 3.9553 15.2642 0.3019 28.3460 1.6790 -0.5383
Car -1 -1 1.9206 262.8762 173.5223 312.7525 198.7111 1.5316 1.6234 4.0469 -19.8939 1.0472 45.7437 1.5103 -0.7268
