Car -1 -1 -1.3431 372.0532 185.9656 497.4765 275.4975 1.4834 1.5845 3.5043 -3.0971 1.5816 13.8321 -1.5634 12.1409
Car -1 -1 -1.5902 561.3053 178.1702 611.1364 223.7633 1.5332 1.6784 4.3369 -0.6296 1.4223 26.3565 -1.6141 10.0548
Car -1 -1 -0.8470 0.0000 200.8010 336.0447 373.0000 1.4755 1.5154 3.7736 -2.7190 1.6139 3.1961 -1.5519 9.5116
Car -1 -1 -1.4418 537.3407 178.3670 578.3107 208.7119 1.4453 1.5927 3.7149 -2.1489 1.2970 36.1198 -1.5012 4.5014
Car -1 -1 -1.5696 597.7721 176.7000 627.2453 203.9446 1.4592 1.5788 3.6678 0.6197 1.2029 40.3164 -1.5542 0.5437
Car -1 -1 1.2905 724.5639 165.8226 759.9186 186.0163 1.4654 1.5974 3.8761 10.5831 0.3283 54.1245 1.4836 0.4202
Car -1 -1 1.2371 886.3472 156.8638 927.2519 178.1865 1.4802 1.5849 3.7936 22.2447 -0.2502 52.4170 1.6385 0.4007
Car -1 -1 0.9105 1052.0733 148.9985 1164.4574 191.2994 1.5182 1.5933 3.6954 19.3592 0.3527 27.6631 1.5211 0.0750
Car -1 -1 1.8695 524.0222 178.0207 552.4441 194.5779 1.4705 1.5694 3.7190 -5.7189 1.1619 65.7779 1.7828 -0.0667
Car -1 -1 1.5479 629.6385 178.9551 648.8611 196.9464 1.5053 1.5663 3.7413 3.2688 1.2929 61.9937 1.6006 -0.6360
Car -1 -1 1.3527 702.0876 167.8894 732.0631 187.0362 1.5189 1.6138 3.9210 9.4826 0.4397 58.9868 1.5121 -0.7086
