Car -1 -1 -1.2173 174.3127 190.3923 429.0315 352.9739 1.4657 1.5466 3.6302 -3.2712 1.5948 8.4983 -1.5847 12.0702
Cyclist -1 -1 1.5018 632.5336 170.1826 641.1152 191.7696 1.6646 0.5558 1.6613 2.7873 0.7924 56.2250 1.5513 -0.1249
Pedestrian -1 -1 1.5537 582.2506 173.4810 596.5262 210.7149 1.5993 0.6074 0.6605 -0.5407 1.2558 31.1927 1.5364 0.0174
Car -1 -1 -1.5871 520.3919 172.6833 589.8309 237.4300 1.5868 1.7058 4.4916 -1.3600 1.3719 19.9120 -1.6553 12.0297
Pedestrian -1 -1 -1.3466 487.0639 174.4149 498.9887 200.4392 1.6929 0.6441 0.6547 -7.0938 1.2327 47.0769 -1.4961 -0.3346
Car -1 -1 2.0556 107.3011 189.4869 298.5195 281.4823 1.4517 1.5397 3.7989 -7.3164 1.6251 13.5705 1.5611 10.3239
Car -1 -1 -1.4778 503.4910 169.7784 555.4425 216.5583 1.6583 1.6173 3.8921 -2.6959 1.2438 27.4114 -1.5759 7.1222
Car -1 -1 1.8032 482.4581 162.9586 528.1625 194.2475 2.0391 1.8973 5.5803 -6.5509 0.8314 49.6829 1.6721 3.5322
Car -1 -1 -0.9950 815.8521 169.0599 902.5845 205.6478 1.4645 1.5924 3.9286 10.9903 0.9675 30.5719 -0.6499 -0.6799
Car -1 -1 1.1449 893.4654 160.0780 944.1177 184.7644 1.5199 1.5818 3.6892 20.3006 0.2017 46.0776 1.5599 -0.7012
