Car -1 -1 -1.3553 373.5191 173.7830 503.8159 275.6855 1.6014 1.5788 3.4626 -2.8342 1.4814 13.0180 -1.5697 12.5297
Car -1 -1 -0.9843 0.0000 207.9017 381.2007 373.0000 1.4253 1.5685 3.9922 -2.5888 1.6399 3.7919 -1.5833 10.7269
Car -1 -1 -1.5716 588.9988 169.6862 640.0435 217.0513 1.6092 1.7348 4.6276 0.4578 1.2089 26.7294 -1.5545 9.9019
Car -1 -1 -1.4817 531.5179 170.3020 575.6857 207.1900 1.5439 1.6310 3.8013 -2.0852 1.0762 31.9821 -1.5468 8.8053
Car -1 -1 1.8113 475.5089 174.9974 519.4800 201.6181 1.4605 1.6160 3.9593 -5.9408 1.1046 41.4582 1.6689 5.1594
Car -1 -1 -1.5224 558.6137 170.2373 586.8657 196.6473 1.6642 1.6675 4.0115 -1.8402 0.9552 47.2749 -1.5613 3.3659
Car -1 -1 -1.6062 651.3067 161.3550 676.3246 184.8492 1.6335 1.6565 3.9637 4.4934 0.2335 51.9622 -1.5199 2.2998
Car -1 -1 -0.3481 0.0000 183.8019 30.4219 246.3573 1.5246 1.6068 3.8521 -18.3853 1.5956 19.7375 -1.0981 2.1129
Car -1 -1 -1.5451 581.5316 170.4493 601.6235 188.8337 1.4650 1.5608 3.6831 -0.7590 0.5849 59.0898 -1.5580 1.8109
Car -1 -1 -1.6859 655.7546 171.2499 699.4898 204.5593 1.4448 1.5828 3.5803 3.4295 1.0012 32.9545 -1.5822 -0.4766
