Car -1 -1 -1.1784 172.9316 182.1075 440.3193 359.1425 1.5583 1.5420 3.3345 -3.0356 1.5679 8.0219 -1.5402 12.6615
Cyclist -1 -1 -1.9276 488.1959 166.1822 527.2062 225.7638 1.7361 0.5859 1.7836 -2.8975 1.2909 21.8529 -2.0594 0.4080
Pedestrian -1 -1 0.1199 492.4652 168.8649 521.1599 226.9307 1.7207 0.6305 0.7874 -2.8681 1.3474 21.6047 -0.0121 1.7610
Car -1 -1 -1.5117 500.8433 175.7223 584.9516 251.1532 1.5756 1.7335 4.5700 -1.3100 1.4561 17.3005 -1.5873 12.2088
Cyclist -1 -1 1.5451 636.8403 169.6256 643.7790 188.6709 1.6940 0.5791 1.7135 3.5350 0.6382 64.7569 1.5997 -0.2267
Car -1 -1 2.0611 142.9671 187.1471 313.6561 279.4301 1.5180 1.4916 3.3015 -6.9540 1.6399 13.6825 1.5909 9.0355
Cyclist -1 -1 -2.9479 379.6474 170.0560 401.0764 189.3368 1.7054 0.5948 1.7485 -18.7415 0.6936 63.9120 -3.2332 -0.3978
Car -1 -1 1.8141 417.5681 178.7734 478.3409 215.0654 1.4486 1.6243 3.9897 -6.4900 1.3407 30.6909 1.6057 7.9760
Car -1 -1 -1.4240 500.7023 171.1747 568.2500 227.3081 1.6559 1.6304 3.7356 -2.0939 1.3524 23.0983 -1.5144 2.9236
Car -1 -1 -1.5426 568.5721 176.7402 603.5549 208.3727 1.4604 1.6020 3.9078 -0.7128 1.2416 35.1221 -1.5629 2.7679
Car -1 -1 -1.5809 600.0499 178.8146 641.4594 216.0186 1.3926 1.5502 3.2247 0.7275 1.2931 28.5102 -1.5553 0.1709
Car -1 -1 -1.2462 332.0235 182.4661 370.4257 202.7715 1.4616 1.5960 3.7754 -18.6635 1.5370 53.7776 -1.5802 -0.1301
Car -1 -1 -1.4757 527.2203 166.9227 573.8929 207.1407 1.5614 1.5876 3.6547 -2.0639 0.9965 29.7326 -1.5450 -0.1481
Car -1 -1 2.2119 213.8492 172.2210 267.6475 192.4616 1.4771 1.6114 3.9433 -27.2809 0.8006 54.5025 1.7479 -0.7545
Car -1 -1 1.9947 274.0254 180.6510 329.6480 208.4919 1.4734 1.5246 3.5406 -16.5369 1.4293 39.8050 1.6010 -0.7773
