Car -1 -1 -1.2115 176.5707 185.2828 441.0751 358.0440 1.5115 1.5640 3.4913 -3.0296 1.5648 8.1055 -1.5692 13.0144
Cyclist -1 -1 1.5119 637.4098 170.3710 645.0638 189.3087 1.6583 0.5793 1.6665 3.5602 0.6842 63.7343 1.5677 -0.1315
Pedestrian -1 -1 -1.5667 621.2588 170.6309 640.3936 215.3126 1.6504 0.7065 0.7442 1.0814 1.2499 26.9171 -1.5266 1.6122
Car -1 -1 1.9004 339.7349 182.5120 433.8369 231.7352 1.4304 1.6328 4.1443 -6.7852 1.4669 23.0628 1.6143 12.3119
Cyclist -1 -1 1.3294 330.9538 172.6130 347.5626 195.3709 1.7685 0.7833 1.9798 -20.7370 1.0784 56.8584 0.9797 -0.1654
Pedestrian -1 -1 -1.5418 597.0099 173.4258 614.6188 216.1597 1.5785 0.6413 0.6505 0.1470 1.2813 26.8668 -1.5363 1.2649
Car -1 -1 -1.5132 498.3158 175.6406 581.0918 251.2665 1.5636 1.6930 4.3641 -1.3736 1.4437 17.0502 -1.5936 10.7646
Cyclist -1 -1 1.5328 580.6344 169.4081 588.2486 189.5097 1.6766 0.5780 1.7028 -1.4136 0.6685 60.7792 1.5095 -0.7996
Pedestrian -1 -1 -3.3839 646.8048 169.9921 662.3923 198.0509 1.7345 0.6221 0.8438 3.3172 1.0239 44.7797 -3.3099 -0.2110
Car -1 -1 -1.4311 496.4848 173.5480 566.2584 229.2719 1.6174 1.6629 4.0346 -2.1643 1.3878 22.9008 -1.5253 6.2011
Car -1 -1 2.3590 0.0000 203.2255 72.9263 373.0000 1.4622 1.5813 3.8327 -6.8223 1.7126 6.2856 1.5326 4.6402
Car -1 -1 -1.5081 571.6944 177.5864 610.3377 209.8048 1.4678 1.6203 4.0797 -0.4602 1.2905 34.8012 -1.5213 2.8521
Car -1 -1 -1.4999 524.5515 166.9159 572.8983 212.1186 1.6797 1.6501 3.8948 -2.0541 1.1388 28.6374 -1.5715 0.6194
Car -1 -1 1.7752 920.8450 151.3463 963.8099 177.4616 1.4759 1.5839 3.8743 20.5584 -0.2538 43.2446 2.2190 -0.3630
Car -1 -1 1.5562 732.0607 171.8123 752.8849 190.7428 1.4839 1.5974 3.8845 11.4540 0.7250 58.3582 1.7500 -0.8176
