Car -1 -1 -1.1828 133.2063 188.5582 434.7907 373.0000 1.4616 1.5559 3.5135 -2.9722 1.5534 7.4440 -1.5626 12.9361
Cyclist -1 -1 1.5561 645.5415 171.0360 654.0886 196.3551 1.6932 0.5533 1.7030 3.2998 0.9941 48.8993 1.6235 0.8104
Pedestrian -1 -1 -1.7613 620.6302 171.5837 646.7717 220.8281 1.6224 0.7310 0.8318 1.0527 1.2968 24.1280 -1.7177 0.5430
Car -1 -1 -1.4854 476.8949 170.2118 576.8935 259.7502 1.6215 1.7133 4.3732 -1.4625 1.4183 15.2013 -1.5813 9.6098
Cyclist -1 -1 1.5810 566.4268 167.2497 575.3405 193.2774 1.6639 0.5648 1.6611 -1.9752 0.7536 46.7570 1.5388 -0.3117
Pedestrian -1 -1 -1.3047 650.5955 171.7387 665.3442 202.5540 1.6830 0.6146 0.8410 3.1280 1.1507 39.7287 -1.2261 -0.4367
Car -1 -1 -1.4614 570.1406 172.5414 615.2752 206.4474 1.4796 1.6534 4.2443 -0.3546 1.0896 33.5376 -1.4720 5.0515
Cyclist -1 -1 1.4925 652.6549 168.8249 665.2115 199.8708 1.6778 0.5592 1.6708 3.1649 0.9936 39.6534 1.5722 -0.4103
Car -1 -1 1.7009 520.3387 166.4803 577.1693 215.8932 1.7647 1.6851 3.9341 -1.9728 1.2293 27.6645 1.6297 1.0056
Car -1 -1 -2.6359 21.6148 185.5582 150.6153 222.1268 1.4811 1.6429 4.1620 -21.7168 1.6597 30.3801 -3.2565 0.2212
Car -1 -1 -1.5312 598.5641 169.9623 646.7090 218.9785 1.6094 1.5662 3.1703 0.7725 1.2316 25.2187 -1.5005 -0.1927
Car -1 -1 -1.4415 490.6982 165.3277 564.6169 228.2861 1.7022 1.6819 4.0602 -2.1312 1.2661 21.4740 -1.5405 -0.2175
Car -1 -1 1.8526 404.8022 176.5598 447.4012 201.8465 1.4733 1.5430 3.7394 -10.6211 1.1862 43.7508 1.6144 -0.6419
