Car -1 -1 -1.1681 127.5994 184.7923 432.3980 371.3532 1.4473 1.5300 3.4887 -2.9899 1.4905 7.3898 -1.5526 12.6203
Cyclist -1 -1 1.5477 567.2008 168.4069 577.0504 195.0166 1.7122 0.6033 1.7198 -1.9186 0.8704 47.0954 1.5070 -0.8390
Pedestrian -1 -1 1.4638 653.7920 167.7488 666.0662 197.7762 1.6580 0.6045 0.7479 3.2564 0.8995 40.0435 1.5450 1.0137
Car -1 -1 -1.5099 474.2761 170.7085 571.8540 259.7267 1.5694 1.7190 4.6311 -1.5166 1.3804 15.0099 -1.6106 10.4260
Pedestrian -1 -1 0.7244 0.0000 123.5787 52.2527 217.2165 1.7311 0.6459 0.8081 -11.1023 0.6615 13.6161 0.0404 0.6048
Car -1 -1 2.2343 0.0000 190.2207 199.9648 358.0156 1.4783 1.6196 4.1430 -6.8199 1.6094 8.6177 1.5649 9.5298
Pedestrian -1 -1 3.7818 6.8348 138.4166 67.7272 229.2484 1.7794 0.6020 0.7482 -11.3218 0.9367 14.3807 3.1148 0.2291
Car -1 -1 -1.4516 521.5739 167.8638 576.1695 213.9231 1.6424 1.6427 3.8513 -1.9660 1.1572 27.5750 -1.5227 5.1112
Car -1 -1 -1.4528 568.5764 171.1673 613.6456 205.9985 1.5215 1.6275 4.1327 -0.4309 1.0711 33.5157 -1.4657 5.0320
Car -1 -1 1.7454 481.0759 160.6972 563.6069 227.4771 1.6892 1.6502 3.8442 -2.1416 1.1642 20.1421 1.6395 0.2832
