Car -1 -1 -1.1859 130.0358 186.7341 432.8553 372.8422 1.4364 1.5414 3.5616 -2.9827 1.5049 7.4248 -1.5679 13.5372
Cyclist -1 -1 1.5768 568.5849 167.0315 577.1244 192.8594 1.6697 0.5518 1.6727 -1.8680 0.7350 47.2798 1.5373 0.4981
Pedestrian -1 -1 -0.6171 648.4854 170.1763 667.3096 200.4960 1.6769 0.6276 0.8427 3.1591 1.0514 40.2123 -0.5387 -0.0075
Car -1 -1 -1.5023 477.1795 170.2742 574.4541 258.5188 1.5710 1.6993 4.3936 -1.4676 1.3725 15.0066 -1.5997 11.2079
Cyclist -1 -1 -1.6018 645.2805 172.0952 654.4016 196.9009 1.6833 0.5743 1.6786 3.3491 1.0458 49.5932 -1.5344 -0.2635
Car -1 -1 2.1334 0.0000 183.0108 258.8417 321.6681 1.5708 1.6363 4.2527 -6.7669 1.5983 10.3218 1.5531 10.9829
Cyclist -1 -1 1.5180 635.8767 170.7008 644.1981 191.5989 1.6983 0.5931 1.7268 3.2050 0.8212 59.2386 1.5720 -0.6643
Car -1 -1 -1.5222 570.7874 171.9491 610.1241 206.6308 1.5213 1.6410 4.1661 -0.4684 1.1033 33.6171 -1.5362 6.0409
Car -1 -1 -1.3999 518.8091 166.7574 578.0356 213.5499 1.6581 1.6393 3.7382 -1.9683 1.1367 27.3926 -1.4716 4.9992
Car -1 -1 -1.3605 487.4791 165.8040 572.4877 229.6738 1.7223 1.6934 4.1728 -2.0541 1.3002 21.5379 -1.4556 3.6392
