Car -1 -1 -1.1975 170.4955 187.9810 445.7258 364.4185 1.4735 1.5438 3.5322 -2.9418 1.5622 7.9057 -1.5537 12.1794
Cyclist -1 -1 1.4934 644.1006 169.8024 654.6047 194.9796 1.6820 0.5814 1.6887 3.2628 0.9012 48.8329 1.5601 1.6890
Pedestrian -1 -1 1.5323 220.9574 168.2002 234.8710 199.7252 1.7129 0.6460 0.8797 -20.5814 0.9911 39.5701 1.0526 0.1050
Car -1 -1 -1.4891 480.2253 175.2952 573.9160 256.3109 1.5258 1.6654 4.4292 -1.5226 1.4102 15.7524 -1.5854 10.3255
Cyclist -1 -1 1.5772 568.7739 167.9751 577.6031 194.2702 1.6734 0.5616 1.6941 -1.8187 0.8134 46.5671 1.5382 -0.2500
Pedestrian -1 -1 1.2227 850.0367 150.9259 874.1891 196.3645 1.7154 0.6250 0.8239 9.9641 0.5622 27.5282 1.5700 -0.5842
Car -1 -1 -1.5427 598.6961 170.6153 645.5199 216.5092 1.5576 1.5920 3.3523 0.7740 1.1892 26.0959 -1.5130 6.4994
Car -1 -1 -1.4793 570.9263 172.0919 612.2244 206.2176 1.5217 1.6098 3.8693 -0.4236 1.1031 34.0210 -1.4917 4.5618
Car -1 -1 -1.4631 526.1538 166.9229 577.7831 212.7838 1.6770 1.6291 3.7080 -1.8920 1.1450 28.1499 -1.5302 3.8785
Car -1 -1 -1.4337 495.3044 166.3746 565.9534 226.1357 1.6825 1.6521 3.8853 -2.1218 1.2578 22.1963 -1.5290 3.3645
Car -1 -1 -1.8035 770.5729 159.8929 806.6892 182.3470 1.5412 1.6180 3.9631 13.3342 0.0588 51.3008 -1.5492 -0.3229
