Car -1 -1 -1.5488 596.3245 174.4890 652.7765 231.4784 1.5873 1.5823 3.2382 0.4262 1.6409 21.8387 -1.5293 10.7742
Pedestrian -1 -1 0.6733 396.5063 188.9382 411.0413 213.8513 1.7028 0.6217 0.7507 -14.4057 2.8342 50.3025 0.3944 -0.0485
Car -1 -1 -2.2120 1122.1453 154.3391 1241.0000 209.4705 1.7311 1.6418 3.6282 19.4131 1.1501 24.4901 -1.5417 10.5631
Pedestrian -1 -1 3.9496 0.0000 196.6534 38.6373 253.2388 1.7365 0.6265 0.8753 -18.7863 2.5013 22.8086 3.2606 -0.4532
Car -1 -1 -1.7583 699.6791 178.5961 770.4066 232.3037 1.4901 1.5435 3.1451 3.6807 1.6777 21.9443 -1.5921 10.4434
Pedestrian -1 -1 1.4121 739.5457 181.2782 764.4300 230.4937 1.4423 0.6276 0.6984 4.2033 1.6994 21.6256 1.6041 -0.8320
Car -1 -1 -2.1419 1028.0303 165.1178 1130.7847 203.0876 1.4820 1.6322 4.1083 19.4706 1.1804 30.2145 -1.5694 7.6569
Car -1 -1 1.9769 257.5579 195.0458 322.3589 228.1428 1.4699 1.6216 3.8189 -16.1560 2.6528 36.5307 1.5605 1.4621
Car -1 -1 -1.9608 912.0799 163.2527 964.3996 190.7919 1.6152 1.6266 3.6956 20.0034 1.0524 44.1906 -1.5358 1.1170
Car -1 -1 1.9091 403.1692 180.4834 441.4974 201.8229 1.5370 1.6313 3.9590 -14.4026 2.1454 55.4666 1.6550 0.4006
Car -1 -1 1.0680 1006.2233 144.6571 1069.3718 169.9151 1.4814 1.6237 4.0360 26.4604 -0.1906 44.8316 1.6012 -0.1284
Car -1 -1 2.0900 219.7451 187.4423 290.3294 225.2803 1.7424 1.6402 3.5833 -17.9011 2.5176 36.4813 1.6338 -0.1442
