Car -1 -1 -1.7732 716.8788 180.5192 810.7920 246.8193 1.4381 1.5652 3.5045 3.6340 1.6463 17.8062 -1.5719 12.1119
Pedestrian -1 -1 3.6954 114.7368 194.5484 144.7181 239.5459 1.7030 0.6219 0.7524 -18.6354 2.5532 27.9400 3.1071 0.3446
Car -1 -1 -1.5549 601.6134 176.0443 659.6227 233.6652 1.5819 1.6106 3.4697 0.5989 1.6863 21.7697 -1.5274 10.4471
Pedestrian -1 -1 -3.3039 734.5250 169.5887 771.1558 249.9527 1.7442 0.6273 0.7017 3.1060 1.6737 15.9814 -3.1119 0.3114
Car -1 -1 -2.1991 1091.8054 166.0488 1225.5758 209.9169 1.4487 1.6450 4.2244 19.4955 1.2244 25.9510 -1.5548 10.3040
Car -1 -1 -2.0047 942.3679 163.2803 1005.3811 195.0469 1.6803 1.6785 3.7926 20.0966 1.1742 40.0840 -1.5399 3.7075
Car -1 -1 -2.2961 1207.6359 157.7733 1241.0000 218.6196 1.5583 1.6169 3.9633 19.3290 1.1724 20.4822 -1.5396 1.1751
Car -1 -1 -2.2176 1161.4825 142.4055 1241.0000 185.5231 1.4731 1.6349 4.0504 22.6616 0.4332 26.7161 -1.5141 0.3310
Car -1 -1 -3.7813 1117.2624 140.6864 1209.9757 167.9457 1.4866 1.6096 3.9467 30.9699 -0.2807 40.4761 -3.1282 0.0529
Car -1 -1 -0.8722 0.0000 198.6584 87.4494 260.0988 1.6950 1.6852 4.0533 -19.4944 2.6139 23.6462 -1.5616 0.0261
