Car -1 -1 1.3713 1022.3277 140.9874 1241.0000 374.0000 1.7714 1.7019 4.2775 5.5514 1.5333 7.6950 1.9963 8.1404
Cyclist -1 -1 -1.3971 859.4997 170.0941 922.9586 295.9962 1.8349 0.6286 1.8848 4.4519 1.7951 11.4823 -1.0272 7.2669
Pedestrian -1 -1 -1.3729 864.5148 172.3156 919.3952 289.3006 1.7570 0.6218 1.0380 4.4285 1.7493 11.4390 -1.0035 4.9573
Car -1 -1 -1.4855 944.2166 173.0577 1004.0755 224.5148 1.8098 1.7054 4.0019 13.9100 1.8185 27.5414 -1.0178 7.6002
Cyclist -1 -1 -2.2957 113.1287 173.3599 158.1739 214.5142 1.7348 0.5843 1.7733 -20.3801 1.7572 30.9378 -2.8782 4.4980
Car -1 -1 -2.1857 61.8614 182.0646 137.1542 209.5437 1.4744 1.5945 3.7989 -29.0558 2.0162 41.0248 -2.8020 4.4976
Cyclist -1 -1 1.2010 861.6395 160.8290 876.3061 181.2113 1.7123 0.5954 1.7142 22.0358 0.7025 61.4785 1.5452 0.5759
Car -1 -1 1.3143 825.2238 185.6557 881.3909 219.3100 1.4736 1.6088 4.0675 11.7708 2.1365 35.2579 1.6366 2.9057
Car -1 -1 -2.4335 652.8629 169.1507 714.8592 192.2496 1.4942 1.6623 4.0544 4.9181 1.2550 48.7106 -2.3328 -0.7317
Car -1 -1 -1.6607 662.9201 184.7248 712.8107 226.7278 1.4784 1.5974 3.8824 2.9605 1.9790 28.4493 -1.5570 -0.8353
