Car -1 -1 -1.1811 1093.7292 162.3507 1241.0000 243.5632 1.8624 1.7506 4.4120 14.4155 1.6219 18.3945 -0.5164 8.5942
Cyclist -1 -1 -1.5131 982.1237 160.7187 1052.7665 334.5848 1.8073 0.6189 1.8446 4.7433 1.6815 8.4411 -1.0011 7.1460
Pedestrian -1 -1 -1.5272 984.6578 158.1323 1054.8816 319.9375 1.7480 0.6720 0.9339 4.7087 1.5893 8.3661 -1.0146 3.4314
Car -1 -1 1.8533 1145.7342 148.1945 1241.0000 281.8848 1.9291 1.6910 3.9240 10.8530 1.5736 12.1669 2.5817 3.8921
Cyclist -1 -1 -2.5782 577.1931 162.3379 657.3868 244.1818 1.7583 0.5666 1.7714 0.1006 1.5327 16.2147 -2.5720 4.2368
Pedestrian -1 -1 1.1252 862.7678 185.6617 906.8041 256.1696 1.5819 0.6807 0.7894 6.3236 1.8874 16.7615 1.4860 0.1679
Car -1 -1 -2.1130 545.1726 183.3276 584.1867 202.8418 1.4645 1.5517 3.4876 -3.6966 2.3345 58.0345 -2.1766 2.1305
Pedestrian -1 -1 -0.9563 1185.2982 170.5776 1241.0000 285.3739 1.6953 0.6485 0.8727 9.4472 1.6621 11.0752 -0.2501 -0.1448
Pedestrian -1 -1 -0.2804 835.6396 184.2552 884.1781 260.3936 1.5950 0.6809 0.8328 5.3352 1.8473 15.5814 0.0495 -0.2268
Pedestrian -1 -1 -0.7089 1140.3323 173.7150 1222.2382 278.5014 1.6580 0.6471 0.8240 9.2433 1.6728 11.7601 -0.0427 -0.8355
