Car -1 -1 -1.1437 956.0871 149.8759 1120.2116 240.2089 1.9721 1.7844 4.4622 10.5501 1.4708 17.7556 -0.6076 9.3714
Cyclist -1 -1 -1.4516 850.1553 164.1293 930.5672 341.0063 1.7084 0.6233 1.7054 3.0361 1.6245 7.8655 -1.0832 4.8783
Pedestrian -1 -1 -0.5439 839.2029 160.6599 955.0828 328.6965 1.7189 0.7367 0.9168 3.0354 1.5946 7.8203 -0.1737 3.9370
Car -1 -1 1.9037 1125.8408 149.3071 1241.0000 246.2836 1.8162 1.7558 4.5423 13.0923 1.3756 15.4221 2.6075 5.1997
Cyclist -1 -1 -2.7003 666.6423 157.7906 731.4064 220.8801 1.7345 0.6126 1.7352 2.4801 1.3207 20.5556 -2.5802 2.2909
Pedestrian -1 -1 -0.4593 945.1855 163.1388 987.2146 235.0818 1.6719 0.6296 0.6829 8.3753 1.4465 17.0813 -0.0034 0.7103
Car -1 -1 2.2426 0.0000 137.0689 53.4498 171.4555 1.4743 1.6278 3.9732 -27.8831 -0.0677 33.1054 1.5427 0.1617
Cyclist -1 -1 1.2435 819.7449 156.9947 835.8287 181.4590 1.6905 0.5617 1.7061 15.2714 0.5950 50.7188 1.5359 0.5535
Pedestrian -1 -1 -3.1019 1073.4025 158.2292 1115.7899 233.1529 1.7989 0.6271 0.8462 11.9234 1.4481 17.8233 -2.5123 -0.8039
Car -1 -1 0.8019 978.4952 140.2017 1064.1247 169.3358 1.5109 1.6675 4.2303 22.7839 -0.2068 40.2190 1.3173 -0.7450
