Car -1 -1 -1.6383 895.2658 178.0311 948.9122 225.5785 1.7549 1.7111 4.1399 12.5718 1.9820 29.3520 -1.2336 7.8278
Cyclist -1 -1 -1.4616 845.9102 171.8046 899.6347 290.9505 1.8034 0.6386 1.8480 4.3036 1.7878 11.8884 -1.1143 7.1998
Pedestrian -1 -1 0.4326 241.1317 163.9625 277.7386 229.1376 1.8198 0.6833 0.7157 -9.9965 1.5719 20.4930 -0.0213 1.7121
Car -1 -1 1.2850 1011.6616 131.8697 1241.0000 374.0000 1.8931 1.6926 3.8266 4.9433 1.6341 6.6505 1.9242 6.1335
Cyclist -1 -1 -2.0355 28.6922 171.4954 70.7172 217.5057 1.6992 0.5379 1.7217 -21.2158 1.6494 27.2582 -2.6969 1.8673
Pedestrian -1 -1 -1.4322 848.3476 184.6291 897.6202 284.0107 1.5362 0.6467 0.8715 4.2621 1.7381 11.8135 -1.0860 1.6784
Car -1 -1 1.3126 773.2020 186.1137 830.3792 220.7211 1.4938 1.6272 4.2480 9.1536 2.1745 34.8953 1.5691 3.8019
Cyclist -1 -1 1.2828 788.1871 176.9141 801.4895 198.5210 1.6725 0.5646 1.6732 14.5731 1.9984 57.0123 1.5331 0.1648
Pedestrian -1 -1 -0.2128 783.3022 177.1833 795.0484 199.6642 1.6551 0.6242 0.7304 13.2729 1.9789 53.5671 0.0301 -0.2880
Car -1 -1 1.3616 821.6865 192.2421 862.3986 218.7883 1.4814 1.6108 4.1478 14.5530 2.7630 45.5377 1.6710 1.8867
Pedestrian -1 -1 1.4604 454.0904 200.7104 528.5722 354.4662 1.5533 0.7184 0.8202 -1.3797 1.8802 7.9595 1.2888 -0.3213
