Car -1 -1 -1.6165 332.1704 163.4440 417.4800 252.6343 1.8914 1.7529 4.1917 -5.8735 1.6922 17.5695 -1.9391 8.1572
Cyclist -1 -1 -2.1822 659.9609 159.5602 811.1992 351.8158 1.7579 0.6145 1.8040 1.1868 1.6367 7.5400 -2.0261 7.5310
Pedestrian -1 -1 -1.6157 697.3733 156.1140 774.5481 334.2313 1.6952 0.7255 0.9239 1.2041 1.5362 7.3654 -1.4536 4.7938
Car -1 -1 2.1445 556.1245 161.6742 636.5384 207.3652 2.0131 1.7625 4.2641 -0.6094 1.5208 34.0628 2.1266 4.5297
Pedestrian -1 -1 -1.6606 737.8705 143.8009 784.7470 253.6391 1.8483 0.7159 0.9687 2.5864 1.3597 12.6599 -1.4591 3.1800
Car -1 -1 2.1540 97.4221 183.0063 185.7983 216.6883 1.4683 1.6082 4.0313 -22.4388 1.9853 34.6933 1.5799 1.4300
Pedestrian -1 -1 1.0607 320.5459 173.5943 365.7325 256.5372 1.7368 0.6262 0.7554 -5.8205 1.7537 15.5980 0.7036 -0.8024
Car -1 -1 -1.5315 594.0025 149.0989 615.7237 168.2012 1.4838 1.6224 4.0859 -0.4143 -0.3942 59.1185 -1.5385 1.3415
Car -1 -1 2.3503 354.4473 145.0990 411.4703 168.7500 1.4549 1.4971 3.5224 -14.7585 -0.2776 46.9543 2.0458 0.7418
Car -1 -1 1.8989 254.9915 174.6497 323.2360 210.2767 1.5988 1.6877 4.3815 -15.4370 1.6916 34.8618 1.4821 -0.4064
