Car -1 -1 -1.1315 970.8779 151.4921 1146.3704 244.6962 2.0170 1.8109 4.7169 10.9925 1.5551 17.6538 -0.5745 10.1654
Cyclist -1 -1 -1.3755 859.5357 158.4365 955.4944 336.4690 1.7304 0.6485 1.7624 3.2504 1.5906 7.9240 -0.9862 5.6200
Pedestrian -1 -1 -0.6030 858.5488 149.1033 975.0752 322.7164 1.7767 0.6814 0.9404 3.2489 1.5340 7.8122 -0.2089 3.0158
Car -1 -1 1.9557 1128.3175 148.6326 1241.0000 249.1910 1.8575 1.7303 4.3727 12.9678 1.4104 15.0963 2.6654 3.8769
Cyclist -1 -1 -2.6562 662.0744 162.0516 729.4540 226.8798 1.7419 0.6228 1.7826 2.3359 1.4520 20.1459 -2.5408 3.7360
Pedestrian -1 -1 -0.0665 684.5278 163.3282 717.0266 225.1443 1.6903 0.6171 0.8555 2.4689 1.4302 20.0592 0.0560 -0.2765
Car -1 -1 1.4214 678.2773 181.4054 712.8100 206.7488 1.4650 1.5838 3.7617 5.2466 2.0201 44.8990 1.5378 1.9788
Car -1 -1 -1.0686 744.4111 171.8794 849.7034 224.2878 1.5775 1.6233 4.0060 6.1726 1.5485 23.7286 -0.8142 0.7407
Car -1 -1 -2.2212 1137.7333 136.1066 1237.7942 169.7347 1.5639 1.6606 4.2556 28.7197 -0.1650 36.0968 -1.5491 0.2315
Car -1 -1 2.0259 1010.3691 136.5693 1084.1432 167.2751 1.5676 1.6737 4.4257 23.8825 -0.3192 39.4245 2.5705 -0.2560
