Car -1 -1 -1.4107 386.8353 152.9285 484.2208 241.9382 2.0595 1.7960 4.3408 -4.4738 1.5988 18.9213 -1.6429 10.1683
Cyclist -1 -1 -2.1177 591.2795 161.5215 721.0648 334.0084 1.7009 0.6116 1.7330 0.4030 1.5895 8.0200 -2.0675 6.7014
Pedestrian -1 -1 -1.6061 621.2135 144.3977 687.5728 316.1759 1.7686 0.6831 0.9679 0.4098 1.4760 7.9156 -1.5543 3.9744
Car -1 -1 2.1486 630.1039 158.6451 719.8010 206.1364 1.8991 1.7486 4.3678 2.8324 1.3313 31.1061 2.2394 6.7535
Pedestrian -1 -1 1.5809 382.3652 169.9451 411.2571 245.5934 1.7147 0.6315 0.7975 -5.0162 1.6491 16.8225 1.2911 -0.1364
Car -1 -1 -1.5116 589.1408 176.9271 639.8297 222.0309 1.4636 1.5850 3.7334 0.1790 1.6197 25.6716 -1.5046 1.2028
Pedestrian -1 -1 1.2173 878.1426 153.6050 946.2881 287.8358 1.6832 0.6124 0.6986 3.8694 1.4422 9.4053 1.6076 -0.7683
Car -1 -1 2.2085 423.0409 143.7423 480.5244 168.7392 1.4919 1.5885 3.8474 -10.0241 -0.2729 45.8259 1.9932 1.1364
Car -1 -1 1.7174 329.2120 173.6022 381.1981 211.2907 1.6323 1.6731 4.2846 -11.8236 1.6698 33.5992 1.3790 1.1331
Car -1 -1 -1.3686 635.2842 156.7915 664.2283 175.7725 1.4640 1.5787 3.8138 3.1875 0.2255 57.6952 -1.3134 0.0369
