Car -1 -1 1.6165 1097.1151 148.6465 1241.0000 295.5186 1.8002 1.6079 3.7663 8.4625 1.5038 10.7926 2.2815 7.1623
Cyclist -1 -1 -1.5841 955.7531 169.0353 1013.1057 318.4105 1.7792 0.6159 1.8324 4.8764 1.7340 9.5491 -1.1120 7.1347
Pedestrian -1 -1 -1.1545 941.2148 175.3107 1029.7259 311.5544 1.6827 0.7201 0.9355 4.8936 1.7174 9.5035 -0.6790 3.7012
Car -1 -1 1.1532 392.1865 187.4034 434.6323 209.9795 1.5129 1.6061 3.7680 -14.4568 2.6188 52.8533 0.8862 2.1180
Pedestrian -1 -1 -0.7711 717.4850 192.0655 777.7948 280.6750 1.5086 0.6967 0.8142 2.4296 1.8694 13.0202 -0.5866 2.1804
Car -1 -1 -0.2028 0.0000 188.9741 99.7581 265.9238 1.4820 1.5460 3.6723 -14.2344 1.8968 16.6246 -0.9109 1.8691
Pedestrian -1 -1 -0.5669 1075.0331 174.3617 1123.1143 239.5473 1.8038 0.6527 0.9126 13.7145 1.8473 20.3171 0.0268 1.6547
Car -1 -1 -1.5199 1093.2071 166.9730 1173.2190 238.2249 1.8835 1.6963 4.0965 15.3849 1.7284 21.1973 -0.8921 1.7993
Pedestrian -1 -1 0.5963 573.6556 171.9451 624.9782 268.4573 1.7436 0.6408 0.7264 -0.2490 1.7276 13.4995 0.5778 1.2270
Car -1 -1 1.4590 1048.1495 187.8037 1097.1789 221.7319 1.4814 1.5935 3.8931 22.6232 2.2598 35.4495 2.0270 0.9939
