Car -1 -1 -1.2098 1104.5828 168.4304 1241.0000 247.8171 1.8722 1.7329 4.1492 14.8576 1.7683 18.8256 -0.5416 6.7735
Cyclist -1 -1 -1.4879 977.2634 164.5471 1051.3855 330.8772 1.7833 0.6316 1.8362 4.8361 1.6946 8.6711 -0.9791 7.4576
Pedestrian -1 -1 -1.2434 966.9947 167.7383 1061.1012 326.7595 1.7629 0.6904 1.0196 4.7654 1.7066 8.5945 -0.7371 3.9166
Car -1 -1 1.7798 1133.2013 157.6961 1241.0000 285.9821 1.7945 1.6130 3.5213 10.0809 1.5828 11.8021 2.4867 5.8020
Cyclist -1 -1 -2.6347 540.3620 162.7915 627.4423 246.6516 1.7108 0.6297 1.7733 -0.6146 1.5058 15.3970 -2.6746 4.2336
Pedestrian -1 -1 -1.1657 799.7695 172.3817 837.2502 244.2192 1.7546 0.6666 0.7430 5.1901 1.7434 18.1193 -0.8867 0.2770
Car -1 -1 -2.3469 557.2748 187.2933 628.5229 216.9289 1.4396 1.5786 3.8559 -0.9943 2.2549 38.8133 -2.3725 4.6142
Pedestrian -1 -1 -0.6503 1098.3722 177.4289 1145.2749 245.4379 1.6871 0.6216 0.7435 12.8991 1.8053 18.2639 -0.0354 -0.6857
Car -1 -1 -1.3037 959.3863 152.9771 1003.9762 176.4033 1.5071 1.5954 4.2756 25.0031 0.2287 48.5319 -0.8280 2.7400
Car -1 -1 1.7336 534.5745 189.6366 568.3080 214.4238 1.4853 1.5999 4.1373 -3.8992 2.6574 48.2427 1.6530 1.3244
Car -1 -1 1.7957 1147.5102 149.0884 1198.6056 175.0609 1.4844 1.5876 3.8459 33.5955 0.1265 43.0645 2.4582 0.6775
Car -1 -1 2.7724 276.6213 149.7959 399.1364 195.0504 1.4605 1.5867 3.6624 -9.4565 0.7167 25.0951 2.4120 0.6303
Car -1 -1 0.9693 506.9084 182.1140 549.4169 202.8352 1.5301 1.5897 3.5554 -6.4924 2.2834 56.8044 0.8555 0.5123
