Car -1 -1 1.3325 1006.2838 145.6322 1241.0000 374.0000 1.8153 1.7551 4.5288 5.4277 1.6204 7.6023 1.9525 6.3250
Cyclist -1 -1 -1.4359 854.7160 170.7818 912.6633 295.4028 1.8430 0.6291 1.9034 4.3967 1.8127 11.6547 -1.0752 7.1609
Pedestrian -1 -1 -1.3396 856.4550 174.1993 915.3808 288.6099 1.7440 0.6871 0.9549 4.3916 1.7671 11.5977 -0.9776 3.8143
Car -1 -1 -1.5822 927.8465 176.8563 979.9751 226.7921 1.7794 1.7238 4.2063 13.4216 1.9496 28.3432 -1.1399 5.5732
Cyclist -1 -1 -2.3523 84.7942 171.0791 135.5470 215.3466 1.7960 0.5963 1.8389 -20.6346 1.7243 29.7310 -2.9591 3.8759
Pedestrian -1 -1 0.6556 93.3676 171.9537 125.6059 214.4195 1.7223 0.6394 0.8797 -20.5706 1.6861 29.6011 0.0483 0.5343
Car -1 -1 1.4906 823.3329 188.6129 863.7945 222.4143 1.4566 1.5592 3.7487 11.2233 2.2644 34.9613 1.8013 5.1199
Pedestrian -1 -1 1.6937 439.5563 163.7957 491.9127 293.0817 1.7962 0.6536 0.7972 -2.1270 1.6707 10.4447 1.4928 -0.4235
Car -1 -1 0.9908 23.1198 180.5432 102.1230 208.3406 1.4453 1.6020 3.8715 -30.1439 1.8837 39.6928 0.3413 4.7573
Car -1 -1 1.1331 984.4512 155.1157 1024.1460 172.0328 1.4881 1.6117 4.0311 35.8425 -0.0768 65.7262 1.6324 -0.5338
Car -1 -1 -2.5506 633.0252 168.5344 697.1828 191.7236 1.4933 1.6351 4.0644 3.6360 1.2155 48.3615 -2.4756 -0.6772
