Car -1 -1 -1.1627 1075.3043 155.5539 1241.0000 240.8887 1.8893 1.7376 4.4008 13.5738 1.5066 17.8065 -0.5114 9.3777
Cyclist -1 -1 -1.4958 964.4876 160.9199 1045.7747 334.8207 1.7481 0.6805 1.8052 4.4655 1.6285 8.1929 -0.9967 6.2702
Pedestrian -1 -1 -1.4781 974.1687 166.6059 1042.9073 327.2870 1.6686 0.5912 0.9282 4.3981 1.6041 8.0404 -0.9776 1.4303
Car -1 -1 2.8307 363.6906 147.0533 477.7661 189.0720 1.5090 1.6378 3.9164 -7.2691 0.5828 27.6540 2.5736 2.0017
Cyclist -1 -1 -2.5415 620.3344 162.8789 689.2043 233.4768 1.6572 0.5122 1.6848 1.0315 1.4234 17.6525 -2.4832 0.0345
Pedestrian -1 -1 -0.9116 1185.9503 182.6277 1241.0000 285.6334 1.6208 0.6993 0.7985 10.0834 1.7876 11.8555 -0.2068 -0.1632
Car -1 -1 0.8398 613.6153 181.9133 680.1196 209.4599 1.4605 1.6138 3.9329 2.0458 2.0091 41.6272 0.8889 1.8666
Pedestrian -1 -1 0.9029 887.2467 176.5041 936.8240 243.7745 1.5931 0.7350 0.8743 7.3343 1.6855 17.6619 1.2965 -0.4011
Car -1 -1 1.8548 1158.1056 145.2770 1241.0000 270.2225 1.9028 1.6855 3.8845 11.4800 1.4832 12.7224 2.5889 1.3342
Pedestrian -1 -1 -0.5820 1063.7665 171.0486 1113.1804 242.9658 1.7093 0.6042 0.7942 11.5132 1.6667 17.4490 0.0012 -0.6674
Car -1 -1 1.8869 1166.0138 136.7571 1238.2538 168.7365 1.4992 1.6068 4.0671 29.5706 -0.2155 36.0508 2.5739 0.7240
Car -1 -1 0.3146 282.7371 170.4937 418.8048 214.8356 1.4862 1.6268 4.1477 -8.9642 1.4074 25.0534 -0.0290 -0.1847
Car -1 -1 1.7011 1198.5133 135.9252 1241.0000 166.5087 1.4989 1.6009 3.9429 32.4223 -0.3513 38.0709 2.4065 -0.5703
