Car -1 -1 -1.1925 1097.8081 166.3145 1241.0000 246.0095 1.8537 1.6965 3.7896 14.3493 1.7019 18.4724 -0.5321 4.4571
Cyclist -1 -1 -1.4827 979.5081 165.8696 1051.7945 330.4468 1.7371 0.5931 1.7950 4.7666 1.6637 8.5216 -0.9727 7.7585
Pedestrian -1 -1 -1.2096 965.6200 164.9669 1065.1228 318.4556 1.6771 0.7335 0.9483 4.7057 1.5912 8.4672 -0.7023 4.0882
Car -1 -1 1.8107 1146.2336 152.3055 1241.0000 288.1351 1.9084 1.7073 3.9743 10.6462 1.6200 11.9656 2.5378 4.3280
Cyclist -1 -1 -2.5383 562.2641 169.6531 641.3576 247.9048 1.6587 0.6240 1.7008 -0.2436 1.5912 16.0231 -2.5535 1.0686
Pedestrian -1 -1 0.5976 697.7864 168.0353 737.4492 249.4392 1.7761 0.6494 0.6236 2.3660 1.6713 16.1898 0.7427 0.5832
Car -1 -1 0.9667 524.5345 182.8796 567.7110 203.1013 1.4979 1.6018 3.6855 -5.1237 2.3211 57.2863 0.8775 2.4093
Pedestrian -1 -1 -0.2930 824.0067 185.5812 872.7233 264.1352 1.6186 0.6673 0.8227 4.9992 1.8952 15.3180 0.0224 -0.6253
Car -1 -1 0.9003 1148.8523 145.7380 1224.1370 170.5111 1.4831 1.6179 3.9241 36.2438 -0.1539 45.5281 1.5727 2.0013
Car -1 -1 0.9537 1135.4293 144.6700 1211.5937 170.6717 1.4785 1.6116 3.9534 33.7364 -0.1369 43.3729 1.6148 1.6360
Car -1 -1 0.9172 1160.4573 146.5748 1232.1806 170.7526 1.5153 1.6065 3.9266 38.5103 -0.1439 47.5482 1.5980 0.9036
Car -1 -1 -2.1627 309.7295 182.6998 423.7122 236.0525 1.4710 1.5729 3.6158 -7.5850 1.7984 22.2464 -2.4913 -0.4066
Car -1 -1 -1.3361 429.7023 179.3681 529.8858 249.3210 1.5389 1.6100 3.9417 -3.2115 1.7224 18.2621 -1.5101 -0.7877
Car -1 -1 -0.9675 569.3938 187.2917 632.3652 216.3825 1.4888 1.5735 4.0458 -0.5007 2.3548 41.1438 -0.9797 -0.8070
Car -1 -1 -1.1820 979.9847 150.5956 1034.8854 177.0223 1.6869 1.6390 4.4563 26.4889 0.2664 48.0903 -0.6785 -0.8427
