Car -1 -1 -1.3922 715.9897 187.2924 849.6172 290.5512 1.4350 1.5983 3.9615 3.1409 1.7334 12.7559 -1.1507 13.1255
Cyclist -1 -1 -1.7646 577.3303 174.9721 629.2923 272.8840 1.7146 0.6459 1.7388 -0.2058 1.7576 13.5900 -1.7797 6.8639
Pedestrian -1 -1 -2.1554 575.1482 175.7061 629.7167 272.7687 1.7381 0.6291 0.8957 -0.2005 1.7940 13.4976 -2.1702 2.1731
Car -1 -1 -1.8819 612.3848 184.9469 724.0973 257.3985 1.4250 1.5589 3.4664 1.1811 1.7363 16.6818 -1.8112 11.9257
Cyclist -1 -1 -1.2134 431.5434 179.1873 452.8479 211.6081 1.6774 0.5479 1.7080 -8.9917 2.0240 38.5559 -1.4426 -0.5225
Pedestrian -1 -1 -1.7920 649.1561 172.0488 674.0096 223.7964 1.8051 0.7401 0.7075 1.7790 1.7773 25.5715 -1.7226 1.5691
Car -1 -1 1.7631 255.8966 183.9216 356.9691 255.8268 1.5379 1.6063 3.9573 -7.5494 1.8493 18.1747 1.3695 11.6950
Cyclist -1 -1 1.6766 406.1150 176.4479 416.0266 196.5381 1.7001 0.6460 1.7429 -17.1912 2.0153 62.2954 1.4073 -0.7224
Pedestrian -1 -1 1.4423 542.4032 170.4391 552.9102 196.5326 1.7286 0.6218 0.6374 -4.1950 1.5690 48.1757 1.3555 -0.7323
Car -1 -1 -1.7910 556.4168 177.4176 631.0726 231.7202 1.6049 1.6403 3.8091 -0.6648 1.7682 23.7140 -1.8191 9.9765
Car -1 -1 -1.6182 445.3268 171.9265 483.2136 211.2410 1.9533 1.7560 4.0834 -7.7667 1.9076 38.0412 -1.8196 9.2457
Car -1 -1 -1.8254 526.9365 179.9904 592.5232 223.0053 1.5407 1.6250 4.0383 -2.1194 1.8467 28.7348 -1.8990 6.7434
Car -1 -1 1.6845 300.9293 175.2672 373.9912 237.8116 1.8183 1.7441 4.1926 -8.7688 1.9044 23.3925 1.3259 6.5641
Car -1 -1 -1.7160 511.8940 180.2977 556.9424 215.8308 1.5307 1.5748 3.7058 -3.6408 1.9014 33.9041 -1.8230 5.1773
Car -1 -1 1.8695 490.2339 167.1282 517.0089 182.5998 1.4679 1.5508 3.7543 -10.3681 0.9250 70.4258 1.7233 1.2522
Car -1 -1 1.4204 340.9493 174.1063 374.2421 197.5467 1.5667 1.6258 3.9358 -17.7506 1.6585 50.5678 1.0829 -0.0916
Car -1 -1 -1.4566 493.5982 178.9501 525.2414 204.5891 1.5769 1.6300 3.7968 -6.5693 1.9922 47.2027 -1.5949 -0.1329
