Car -1 -1 1.8902 114.4702 194.8267 281.6028 296.6237 1.4942 1.5889 3.6935 -7.4761 1.9625 13.3990 1.3813 13.8281
Cyclist -1 -1 -1.6862 510.7092 176.6263 555.9594 274.3475 1.6951 0.6368 1.7301 -1.5103 1.7708 13.4981 -1.7977 8.6170
Pedestrian -1 -1 1.3169 676.1936 160.1456 708.5142 226.9648 1.8164 0.7384 0.6933 2.2297 1.4713 20.0068 1.4279 2.6021
Car -1 -1 -1.8984 616.0994 180.6761 786.9667 292.3959 1.4896 1.6029 3.7904 1.2628 1.6412 11.9263 -1.7930 13.8273
Cyclist -1 -1 1.7516 392.8392 178.5315 406.4793 202.2303 1.7263 0.6730 1.7688 -15.7345 2.1581 53.9090 1.4676 1.9812
Car -1 -1 -1.7825 551.2872 176.0463 644.5165 245.4705 1.5840 1.6264 3.7734 -0.4677 1.6759 18.6711 -1.8075 13.0865
Car -1 -1 -1.5038 789.8107 176.9206 1004.1887 374.0000 1.5629 1.6746 4.0020 3.1682 1.6197 7.8502 -1.1202 11.6665
Car -1 -1 1.7582 214.1464 180.5288 321.6885 264.3255 1.8442 1.7260 4.2110 -8.6734 2.0658 18.5434 1.3207 9.1311
Car -1 -1 -1.5546 430.6547 171.6719 465.9526 209.5749 1.9627 1.7927 4.3383 -8.8859 1.9018 39.6652 -1.7750 8.7645
Car -1 -1 1.6702 274.8205 191.8868 339.8262 244.2696 1.4610 1.5955 3.7338 -9.8583 2.1374 23.6066 1.2746 6.3521
Car -1 -1 -1.6996 503.2701 179.8398 555.3925 224.0033 1.6135 1.6106 3.6338 -3.3342 1.9130 28.9354 -1.8143 3.3237
Car -1 -1 -1.6666 483.4755 175.5320 517.1061 205.4428 1.6574 1.6050 3.5766 -6.4950 1.8217 42.2543 -1.8191 2.8572
Car -1 -1 -1.7334 526.5309 178.2015 593.0504 231.2963 1.5693 1.5814 3.7182 -1.7707 1.7602 23.7179 -1.8079 0.7855
Car -1 -1 1.6566 488.7505 166.7701 510.1121 183.1997 1.4777 1.6197 4.0616 -10.2513 0.9308 66.9711 1.5047 -0.2080
Car -1 -1 3.2787 295.3242 179.3493 360.9696 203.8877 1.4691 1.5616 3.6356 -17.5592 1.8852 45.0032 2.9067 -0.3393
