Car -1 -1 -1.7805 560.1238 172.1625 653.1679 243.8110 1.6065 1.6036 3.5312 -0.2325 1.5914 18.0746 -1.7934 13.3582
Cyclist -1 -1 -1.6724 511.4864 168.7124 555.4744 271.2369 1.7861 0.6276 1.8235 -1.5113 1.7143 13.5248 -1.7836 8.4744
Pedestrian -1 -1 -1.8851 829.9962 201.0508 904.1635 315.6787 1.2160 0.6136 0.6533 2.8320 1.5478 8.1477 -1.5506 2.4231
Car -1 -1 1.9162 97.2102 196.2969 281.4418 304.8799 1.5002 1.5868 3.8947 -7.3160 1.9866 12.9062 1.4005 13.0726
Cyclist -1 -1 1.7367 400.7703 174.8237 414.4006 199.2276 1.7586 0.6775 1.8103 -14.9098 1.9064 53.0792 1.4628 0.8215
Pedestrian -1 -1 1.2533 689.7216 153.1055 722.7954 218.2249 1.6999 0.6840 0.7150 2.5135 1.1847 19.2478 1.3831 2.1169
Car -1 -1 -1.9074 626.5779 177.7816 809.1427 294.8561 1.4721 1.5892 3.7660 1.4169 1.5630 11.2469 -1.7821 12.6640
Pedestrian -1 -1 -1.1339 507.1991 175.6067 555.1642 268.7099 1.6693 0.6509 0.7024 -1.5078 1.7225 13.3967 -1.2460 1.7987
Car -1 -1 -1.5470 822.9291 167.7492 1065.9084 374.0000 1.5507 1.6494 3.9008 3.2305 1.5154 7.1546 -1.1229 11.1878
Car -1 -1 1.7776 212.7064 178.0455 325.1249 262.4520 1.8286 1.7142 4.1799 -8.4480 1.9754 18.1327 1.3417 7.8159
Car -1 -1 1.7099 274.9254 190.5792 342.9211 242.7327 1.4393 1.5298 3.5553 -9.6053 2.0548 23.1231 1.3162 6.8684
Car -1 -1 -1.5661 436.6637 168.9039 471.1493 207.2638 1.9985 1.7648 4.1687 -8.6367 1.7931 39.8112 -1.7797 6.2950
Car -1 -1 1.6593 297.5374 187.4915 351.7068 230.3525 1.4819 1.6448 4.0162 -11.2651 2.1058 28.5772 1.2838 3.9928
Car -1 -1 3.3118 300.6775 179.4649 364.1236 203.5829 1.4313 1.5342 3.4433 -17.1074 1.8494 44.5024 2.9448 2.4592
Car -1 -1 -1.7978 525.6752 177.4696 601.9916 230.2739 1.5051 1.5954 3.7700 -1.5978 1.6653 22.9551 -1.8673 2.4157
Car -1 -1 1.6785 497.9504 163.8233 520.5912 180.5294 1.4883 1.6373 4.0496 -9.2467 0.6841 66.3248 1.5399 2.1605
Car -1 -1 -1.8182 508.0307 177.7092 571.2798 221.8829 1.5863 1.6079 3.6808 -2.8708 1.7909 28.3529 -1.9191 2.1572
Car -1 -1 -1.5946 489.5210 174.6619 516.2519 199.4708 1.5132 1.6000 3.8073 -6.9393 1.6346 46.3120 -1.7433 1.0902
