Car -1 -1 -1.8868 657.0208 185.6050 755.6042 249.4897 1.4509 1.5622 3.3942 2.3743 1.8178 18.9231 -1.7620 12.6323
Cyclist -1 -1 -1.7348 655.0689 182.0794 704.3501 278.7558 1.6700 0.6423 1.6728 1.2236 1.8538 13.4827 -1.6443 6.5250
Pedestrian -1 -1 -1.2349 647.5285 177.6744 698.6308 271.6651 1.6753 0.6938 0.9032 1.1357 1.7693 13.4685 -1.1507 2.2132
Car -1 -1 -1.3711 742.8011 183.8887 864.1177 275.4658 1.5466 1.6406 3.9833 4.0497 1.8069 14.8483 -1.1049 12.0630
Cyclist -1 -1 1.6918 462.4008 174.8437 471.8103 193.0275 1.6747 0.6630 1.7145 -13.3855 1.8637 67.5216 1.4961 -0.2224
Car -1 -1 1.7260 351.7004 180.0350 432.5701 240.9957 1.5539 1.6349 4.0856 -6.2770 1.7848 21.0263 1.4359 11.6106
Car -1 -1 -1.7687 607.9681 182.2526 670.8843 228.0130 1.4759 1.5758 3.5454 0.9422 1.8383 25.9154 -1.7324 11.4875
Car -1 -1 -1.6569 503.4227 171.5190 544.7752 211.4570 1.9574 1.7680 4.2835 -4.5730 1.8923 37.6381 -1.7778 9.0887
Car -1 -1 -1.6800 564.5320 181.9201 603.9754 214.3403 1.4960 1.5803 3.7062 -1.3811 1.9774 36.3304 -1.7179 3.9143
Car -1 -1 -1.7690 579.7022 183.4693 635.2085 221.1574 1.4598 1.6325 4.0173 -0.2203 1.9518 31.2801 -1.7761 3.8966
Car -1 -1 1.5596 581.6767 169.4178 604.6832 190.8338 1.4733 1.5833 3.9843 -1.2577 1.2373 51.6536 1.5352 2.9233
Car -1 -1 1.6697 380.5645 174.0837 440.7024 227.9390 1.7953 1.7102 4.1591 -7.2321 1.8443 26.3438 1.4018 0.3454
Car -1 -1 -0.5085 369.0684 168.3443 430.0454 189.0475 1.4833 1.6234 4.0858 -15.6576 1.1606 53.7173 -0.7921 -0.6719
