Car -1 -1 -1.8007 622.1134 176.3545 743.5594 266.9121 1.5376 1.5849 3.5143 1.2500 1.6161 14.2435 -1.7131 13.9992
Cyclist -1 -1 -1.6322 533.4783 170.4899 572.1883 273.0096 1.7876 0.6024 1.8116 -1.1457 1.7468 13.5186 -1.7167 6.4497
Pedestrian -1 -1 1.2336 803.6191 155.2309 851.9031 244.8489 1.7593 0.7245 0.7450 4.3296 1.4137 14.5512 1.5228 3.6505
Car -1 -1 2.0618 0.0000 202.2439 266.8022 359.9106 1.4960 1.6125 3.9648 -6.2520 1.9726 9.6480 1.4868 13.9819
Cyclist -1 -1 1.9723 308.3611 174.4335 344.5184 221.3473 1.7074 0.6395 1.7450 -10.7110 1.7692 27.1971 1.5971 3.0096
Pedestrian -1 -1 -1.1963 525.1673 166.4808 578.5120 261.0996 1.7044 0.7277 0.8782 -1.1299 1.5899 13.5193 -1.2796 1.6817
Car -1 -1 -1.9911 721.8478 192.7511 1063.1746 374.0000 1.4144 1.5672 3.8565 2.3321 1.6687 7.2027 -1.6779 13.2790
Cyclist -1 -1 1.6969 455.4124 176.9889 468.0135 203.6438 1.7157 0.6036 1.7286 -9.8060 1.9939 47.5995 1.4937 1.1236
Pedestrian -1 -1 1.4926 606.5550 169.7387 618.7405 200.6400 1.7533 0.6498 0.6176 0.1144 1.5769 41.2678 1.4953 -0.1900
Car -1 -1 1.8619 192.4478 182.5273 343.2843 282.8644 1.7124 1.6648 4.1409 -6.8892 1.9416 14.8969 1.4288 12.0005
Pedestrian -1 -1 -1.5704 488.8083 172.9745 501.4755 204.9314 1.7245 0.6761 0.8815 -6.3123 1.7315 39.4260 -1.7292 -0.3410
Car -1 -1 1.7517 291.8814 192.5203 376.1355 252.3104 1.3993 1.5607 3.5750 -7.6003 1.9975 20.0326 1.3891 11.5257
Pedestrian -1 -1 -1.4522 512.2963 172.7904 524.8312 203.8018 1.6843 0.5971 0.7619 -5.0470 1.6812 39.5687 -1.5791 -0.6553
Car -1 -1 -1.7582 584.2655 181.5474 672.2148 244.0009 1.4435 1.6066 4.0386 0.3293 1.7032 19.3930 -1.7412 11.3078
Car -1 -1 -1.6780 566.3119 180.4165 626.2862 230.3417 1.5328 1.6292 3.9761 -0.5942 1.8155 24.8571 -1.7019 8.5318
Car -1 -1 1.7274 328.4012 185.2990 392.2193 235.6378 1.5802 1.5881 3.5934 -8.7844 2.0533 25.4978 1.3956 7.2918
Car -1 -1 -1.9140 1157.6580 188.6892 1241.0000 374.0000 1.4679 1.5579 3.8153 3.6754 1.5835 3.2027 -1.0600 7.0399
Car -1 -1 -1.5838 490.3747 171.0104 523.7680 206.7296 1.9365 1.7991 4.4542 -5.9795 1.8369 41.4558 -1.7270 6.1383
Car -1 -1 3.3452 344.8709 181.9110 415.1233 208.5016 1.4881 1.5781 3.6555 -13.3817 2.0282 42.0185 3.0369 4.1086
Car -1 -1 1.6156 554.2263 164.3947 574.7560 181.6944 1.4918 1.6437 4.1517 -4.0469 0.7627 64.3058 1.5528 0.2458
