Car -1 -1 1.8712 128.4437 194.9050 283.8986 293.0944 1.5099 1.5737 3.7000 -7.6465 1.9968 13.9471 1.3697 14.2514
Cyclist -1 -1 -1.6661 513.5921 172.5742 556.5846 276.3773 1.8059 0.6165 1.8583 -1.4810 1.8014 13.5223 -1.7752 8.0561
Pedestrian -1 -1 1.3943 667.2988 167.0510 696.2859 228.8210 1.7407 0.7106 0.7228 2.0079 1.5775 20.7185 1.4909 1.4018
Car -1 -1 -1.7927 546.3182 178.9648 633.7591 244.6017 1.5565 1.6019 3.4306 -0.6707 1.7363 19.3169 -1.8274 12.4409
Pedestrian -1 -1 3.1312 574.0871 150.5437 587.7235 184.9428 1.7321 0.6388 0.6848 -1.5189 0.6091 36.6656 3.0898 -0.1347
Car -1 -1 -1.9010 606.9794 184.2256 772.5067 289.2777 1.4604 1.6202 3.9253 1.1419 1.6921 12.5809 -1.8105 11.5254
Pedestrian -1 -1 -0.9761 503.1481 175.1862 556.1164 271.2683 1.7293 0.6755 0.7618 -1.5491 1.7749 13.5013 -1.0903 -0.6752
Car -1 -1 -1.4870 775.1548 180.7823 962.2126 353.0356 1.4523 1.6246 4.0503 3.1366 1.5696 8.4596 -1.1320 11.1630
Car -1 -1 1.7604 218.5206 183.9637 323.6692 262.9628 1.7784 1.7402 4.2512 -8.8799 2.1087 19.1529 1.3262 9.1281
Car -1 -1 -1.5867 424.9300 174.7469 459.6255 212.8889 1.9508 1.7492 4.1247 -9.2131 2.0602 39.3340 -1.8168 7.9726
Car -1 -1 -1.7004 498.0895 182.6410 547.4655 223.7983 1.5213 1.5486 3.5140 -3.6554 1.9470 29.4631 -1.8238 6.0285
Car -1 -1 1.6289 272.5913 191.8236 332.7608 243.9557 1.4745 1.6182 4.0117 -10.2375 2.1663 24.1387 1.2278 5.4826
Car -1 -1 1.6353 291.5345 188.2373 340.8276 231.3217 1.5538 1.6261 3.9080 -12.0396 2.2311 29.6376 1.2494 3.0510
Car -1 -1 3.3196 283.4378 185.0963 349.7898 210.0351 1.4946 1.5914 3.6557 -18.4929 2.2871 45.5296 2.9338 0.0998
Car -1 -1 1.6760 348.2106 181.7391 377.8263 205.4664 1.6066 1.6407 3.8856 -17.9521 2.2789 52.4861 1.3465 -0.2307
Car -1 -1 -1.6451 467.0952 181.9455 493.9479 204.8092 1.5233 1.6128 3.7706 -9.3382 2.2008 51.7097 -1.8238 -0.4685
Car -1 -1 1.9094 231.6321 158.6724 274.5180 180.5165 1.5466 1.6310 3.8890 -26.2406 0.5429 53.1100 1.4505 -0.5056
