Car -1 -1 -1.3106 326.8653 182.4389 467.2270 274.9172 1.4942 1.5923 3.7494 -3.8227 1.4504 13.4979 -1.5866 14.9095
Pedestrian -1 -1 -0.4339 873.8488 189.6289 933.7103 273.0718 1.4916 0.6665 0.8131 5.3893 1.5762 13.2355 -0.0472 -0.2041
Car -1 -1 -1.4279 460.2252 175.1696 520.9314 226.2826 1.6076 1.5718 3.2651 -3.9252 1.2928 24.2515 -1.5884 13.4196
Car -1 -1 -1.6892 690.3396 186.9704 815.8505 292.2700 1.4807 1.5868 3.5266 2.2134 1.5155 11.9759 -1.5064 11.6994
Car -1 -1 -1.7176 660.9629 179.5845 729.7902 229.1545 1.4698 1.6279 3.9846 2.7081 1.3039 23.3276 -1.6020 11.2748
Car -1 -1 -1.2136 259.0445 177.2208 368.4046 238.4065 1.5747 1.6085 3.9040 -8.2679 1.3700 20.4694 -1.5975 10.5240
Car -1 -1 -0.8934 0.0000 189.9866 153.1415 342.1930 1.5053 1.5860 3.8956 -7.8530 1.5806 9.1993 -1.6000 9.7537
Car -1 -1 -1.6562 643.1104 178.0185 676.5229 204.4236 1.4623 1.6155 3.6636 2.9469 1.0648 41.6486 -1.5856 8.1942
Car -1 -1 -1.5763 584.5898 176.7641 614.4969 204.9469 1.5691 1.6657 3.7397 -0.5191 1.0997 41.9044 -1.5887 7.6350
Car -1 -1 -1.4354 487.2307 177.6253 535.7843 214.9113 1.5683 1.6313 4.0139 -4.2843 1.2501 32.2409 -1.5675 6.6091
Car -1 -1 1.8349 408.8224 171.9832 458.6990 207.9670 1.7020 1.5592 3.4742 -8.6278 1.0773 35.7556 1.5981 4.1645
Car -1 -1 -1.5758 623.7824 178.8212 647.4916 200.9265 1.5133 1.6228 3.8305 1.9514 1.0767 51.1500 -1.5377 3.9549
Car -1 -1 -1.3926 464.9916 168.3738 497.1224 190.1629 1.5317 1.6228 4.0512 -9.2376 0.3489 52.5581 -1.5666 2.9707
Car -1 -1 1.6780 534.1929 175.1371 561.2411 195.7458 1.5057 1.6274 4.0099 -4.5355 0.7705 54.5417 1.5950 1.8189
Car -1 -1 -1.5258 575.3934 179.5152 598.4925 199.7733 1.4662 1.5676 3.7200 -1.5486 1.0547 53.8964 -1.5545 1.4255
Car -1 -1 0.1967 395.7131 173.9020 469.6261 201.6131 1.6016 1.6397 3.9983 -10.3192 0.9488 42.4451 -0.0418 0.0835
