Car -1 -1 -1.7779 695.9206 191.6635 802.0343 263.4178 1.3696 1.5594 3.5591 2.9346 1.5289 15.8376 -1.5947 13.6367
Pedestrian -1 -1 -1.9211 863.0753 184.6367 895.2198 229.7716 1.3405 0.6722 0.8077 8.1621 1.3245 21.7536 -1.5622 -0.5747
Car -1 -1 -1.3334 380.8553 186.1285 490.4033 265.0271 1.5294 1.5552 3.4054 -3.6734 1.5526 15.6785 -1.5636 13.3458
Car -1 -1 -1.1214 168.2661 188.0485 319.0843 263.7682 1.4739 1.5564 3.6047 -7.9307 1.5450 15.9365 -1.5831 12.7737
Car -1 -1 -0.9625 0.0000 202.1274 316.9947 375.0000 1.5042 1.5901 3.8518 -3.6358 1.6693 5.0295 -1.5884 12.3539
Car -1 -1 -1.4053 456.2853 183.8712 523.9673 233.3464 1.5066 1.6012 3.8131 -3.8463 1.4668 23.7967 -1.5655 10.6678
Car -1 -1 -1.7031 642.8709 182.5483 688.7793 215.2391 1.5003 1.6780 4.2498 2.7414 1.3790 35.1548 -1.6252 10.2606
Car -1 -1 -1.2626 340.6261 186.1956 417.0148 229.3795 1.4506 1.5929 3.6895 -8.2465 1.4898 26.0737 -1.5689 8.5286
Car -1 -1 -1.5897 586.7787 182.2339 610.9021 203.9751 1.4955 1.6435 4.2479 -0.6946 1.2915 51.5922 -1.6032 7.5167
Car -1 -1 -1.4329 491.5566 182.8310 534.1839 216.2624 1.5263 1.5517 3.6420 -4.5520 1.4185 34.6417 -1.5636 5.7741
Car -1 -1 -1.5454 621.1955 183.7305 638.6159 199.4172 1.4618 1.5754 3.8086 2.1406 1.3246 68.9317 -1.5143 3.2206
Car -1 -1 -1.3906 438.9586 172.8482 476.3685 197.9073 1.4520 1.5857 3.6682 -9.0615 0.7365 43.5027 -1.5959 2.8058
Car -1 -1 -1.4629 522.2960 180.4223 552.8446 203.7961 1.4683 1.5779 3.9667 -4.5844 1.1683 47.1447 -1.5599 2.5218
Car -1 -1 -1.6359 665.8568 164.4557 693.6458 188.1730 1.6270 1.6941 4.3401 5.0968 0.2040 51.5064 -1.5373 2.4638
Car -1 -1 -1.4750 577.3366 182.2560 600.9845 201.3852 1.5051 1.5518 4.0251 -1.4983 1.2733 58.6174 -1.5006 2.2736
Car -1 -1 1.8723 536.8315 180.1275 572.1817 199.9231 1.4923 1.6078 4.1463 -4.1478 1.1098 56.3884 1.7989 0.4142
