Car -1 -1 -1.3231 336.8269 182.4406 470.6153 273.6117 1.5237 1.6018 3.7093 -3.8158 1.4784 13.8806 -1.5914 14.6714
Pedestrian -1 -1 1.6423 509.7591 183.0054 527.9501 223.0805 1.3773 0.5787 0.7671 -3.1398 1.3024 25.0997 1.5179 0.3469
Car -1 -1 -1.6372 695.8815 187.5579 808.5039 290.5282 1.4476 1.5646 3.2648 2.2055 1.4931 11.8925 -1.4538 12.1906
Car -1 -1 -1.7207 660.9875 178.9094 730.6802 229.5706 1.5017 1.6302 4.1063 2.7259 1.3159 23.3848 -1.6046 11.1590
Car -1 -1 -1.4153 461.6496 176.1251 521.9984 224.9756 1.5477 1.5250 3.3528 -3.9141 1.2608 24.4506 -1.5741 11.0712
Car -1 -1 -1.2194 270.1391 178.1448 375.9393 236.8955 1.5628 1.6167 3.9553 -8.2600 1.3758 21.1123 -1.5924 10.8385
Car -1 -1 -0.9227 0.0000 191.7722 170.0276 328.4348 1.4278 1.5670 3.8419 -7.8262 1.5346 9.6397 -1.6047 10.7835
Car -1 -1 -1.5913 584.3820 176.3525 614.5876 204.8341 1.5672 1.6566 3.7554 -0.5433 1.0806 41.4554 -1.6044 6.7093
Car -1 -1 -1.4189 487.7654 178.5164 536.9696 215.1340 1.5598 1.6274 3.9997 -4.2974 1.2756 32.6341 -1.5498 6.4816
Car -1 -1 -1.7055 641.3963 177.6290 677.0359 204.3120 1.4537 1.5575 3.5349 2.8631 1.0415 40.9732 -1.6357 5.7642
Car -1 -1 1.8126 412.0584 172.2788 462.3241 209.2070 1.7690 1.6322 3.6936 -8.5779 1.1504 36.2866 1.5805 3.4903
Car -1 -1 -1.5633 627.3408 175.8569 651.1188 198.4352 1.5289 1.6099 3.9277 2.2109 0.8963 50.6760 -1.5197 1.8172
Car -1 -1 1.7108 532.0891 175.7298 560.4841 196.1861 1.5045 1.6101 4.0832 -4.6764 0.8080 54.9481 1.6259 1.2059
Car -1 -1 -1.4734 562.8610 178.2797 588.8006 198.9317 1.4802 1.5739 3.7122 -2.3578 0.9842 53.4153 -1.5175 0.1793
Car -1 -1 -1.4486 510.6862 179.4227 543.8960 204.5701 1.4621 1.5652 3.7123 -4.8700 1.1264 43.6547 -1.5597 -0.6745
