Car -1 -1 -1.7865 697.9534 184.8313 804.7542 258.2294 1.4111 1.5426 3.3714 2.9306 1.4049 15.5242 -1.5999 13.7497
Car -1 -1 -1.2552 297.8007 183.9657 464.9972 294.8133 1.5432 1.5593 3.5602 -3.5630 1.5269 11.8012 -1.5484 13.6834
Car -1 -1 -1.0055 26.9802 182.4142 247.6533 284.3276 1.5066 1.5404 3.4540 -7.8709 1.4664 12.3520 -1.5729 12.2985
Car -1 -1 -1.3822 419.9090 176.7510 506.9282 238.8928 1.5172 1.6009 3.9115 -3.8437 1.3117 19.5080 -1.5767 12.1173
Car -1 -1 -1.6655 641.3237 176.5187 680.4585 206.4851 1.4626 1.6371 3.9248 2.6561 1.0393 37.0634 -1.5940 10.1347
Car -1 -1 -1.4288 477.7554 177.0561 525.9337 214.4047 1.5025 1.5628 3.4244 -4.4919 1.1754 30.6301 -1.5744 9.4025
Car -1 -1 -1.2116 292.8701 180.8665 384.9947 231.7400 1.4545 1.5417 3.4967 -8.2712 1.3312 22.2995 -1.5668 6.7299
Car -1 -1 -1.5654 587.9709 174.4127 613.0406 197.6808 1.5053 1.6219 3.7924 -0.5020 0.8075 48.4011 -1.5758 5.3839
Car -1 -1 -1.3566 427.4189 166.2652 471.3030 195.6907 1.5712 1.6212 3.8558 -8.8523 0.5605 40.3099 -1.5727 2.7936
Car -1 -1 -1.4960 514.7333 178.3326 546.0842 203.7656 1.4530 1.5887 3.7549 -4.6082 1.0609 42.9655 -1.6028 2.4327
Car -1 -1 -1.3546 380.7164 173.8970 436.0358 209.4911 1.4546 1.5741 3.6264 -8.6261 0.9932 31.2265 -1.6241 0.4729
