Car -1 -1 -1.2565 277.2811 185.2534 451.1740 293.8099 1.4673 1.5533 3.6620 -3.7421 1.4691 11.5454 -1.5699 14.5620
Car -1 -1 -1.7608 716.2797 191.3985 840.0371 282.6032 1.3820 1.5122 3.2108 2.8298 1.5067 12.7355 -1.5421 14.0172
Car -1 -1 -1.1166 126.2961 179.2507 297.1843 267.0073 1.6157 1.6203 3.8358 -8.1812 1.5070 15.1801 -1.6109 13.6570
Car -1 -1 -1.7044 659.9717 178.4377 723.7032 225.8190 1.4998 1.6438 3.9706 2.7681 1.2864 24.7537 -1.5931 13.2010
Car -1 -1 -1.4142 449.7294 178.3234 517.3653 231.4446 1.5463 1.5629 3.5950 -3.8849 1.3468 22.7283 -1.5835 11.8822
Car -1 -1 -1.2875 385.6047 179.8200 446.3261 216.5839 1.5259 1.5981 3.7747 -8.4248 1.3031 31.7378 -1.5470 8.6388
Car -1 -1 -1.4057 484.0232 177.2395 538.5022 218.0183 1.6131 1.6467 4.0397 -4.0523 1.2987 30.4788 -1.5379 8.0370
Car -1 -1 -1.5920 585.3848 177.0760 611.4788 201.3826 1.5609 1.6580 3.8000 -0.6800 1.0393 48.0880 -1.6062 8.0074
Car -1 -1 -1.6460 633.7061 179.3137 662.5948 204.1083 1.6099 1.6558 3.8964 2.6726 1.2278 48.6361 -1.5911 6.9219
Car -1 -1 -1.3723 436.1944 179.5264 476.0306 205.7002 1.4576 1.5832 3.6460 -8.8072 1.1419 41.8577 -1.5797 3.2311
Car -1 -1 -1.4463 506.0252 177.3142 541.0132 204.1263 1.4713 1.5637 3.5706 -4.8167 1.0388 41.2347 -1.5626 3.1776
Car -1 -1 -1.3810 461.1325 166.8622 493.8013 188.5608 1.4621 1.5665 3.7851 -9.1015 0.2265 50.3360 -1.5599 3.0971
Car -1 -1 -0.0403 636.5637 166.2599 678.2744 182.8816 1.4730 1.5711 3.6874 4.4417 -0.2119 64.7735 0.0282 1.5170
Car -1 -1 -1.5211 528.8333 178.0727 553.1435 198.7858 1.4623 1.5868 3.8678 -4.8815 0.9591 52.7108 -1.6134 0.9538
Car -1 -1 -1.6806 616.9214 177.4840 641.2534 196.0001 1.4799 1.5808 3.9776 1.7198 0.8631 59.4966 -1.6517 0.7348
