Car -1 -1 -1.0588 46.9820 180.7462 258.7044 278.3743 1.5406 1.6067 3.8319 -8.1732 1.4712 13.2862 -1.6103 14.6301
Pedestrian -1 -1 0.5020 500.2490 177.4818 526.3763 221.7855 1.7078 0.6449 0.8040 -3.7341 1.4108 28.1518 0.3701 -0.6085
Car -1 -1 -1.2571 268.2164 187.6634 446.9003 301.0925 1.4805 1.5629 3.6478 -3.7536 1.5263 11.2875 -1.5782 14.0389
Car -1 -1 -1.7886 707.2524 188.1307 829.3218 274.4607 1.4349 1.5413 3.4047 2.8831 1.4988 13.7707 -1.5822 13.3899
Car -1 -1 -1.6936 655.5969 178.6814 713.1722 222.9552 1.5099 1.6289 3.8523 2.7048 1.2882 26.4546 -1.5917 13.3599
Car -1 -1 -1.4065 443.2817 178.9227 513.8244 233.7207 1.5459 1.5564 3.6447 -3.9268 1.3695 22.1067 -1.5823 12.8499
Car -1 -1 -1.2908 379.7602 178.2259 442.6440 215.6630 1.5264 1.6005 3.9877 -8.5110 1.2425 31.3111 -1.5562 9.0482
Car -1 -1 -1.4119 481.4510 177.5391 536.1230 217.3876 1.5533 1.6464 4.0259 -4.0982 1.2552 30.0493 -1.5474 8.8092
Car -1 -1 -1.6182 584.2516 177.1476 610.3841 199.6282 1.5206 1.6505 3.8877 -0.7896 0.9760 50.6135 -1.6338 6.9744
Car -1 -1 -1.6502 626.8641 179.2878 652.4482 199.5378 1.4399 1.5847 3.7735 2.3018 1.0195 53.0246 -1.6068 5.2549
Car -1 -1 -1.3785 457.9888 165.8804 491.7667 187.7555 1.4564 1.5842 3.9167 -9.1854 0.1702 49.8231 -1.5608 5.2547
Car -1 -1 -1.5808 527.3015 178.1805 549.8522 198.8188 1.4443 1.5737 3.6697 -5.0638 0.9531 52.2104 -1.6775 2.1466
Car -1 -1 -1.3809 434.3587 175.1499 475.2963 201.8114 1.4660 1.6072 3.8839 -8.7969 0.9137 41.4801 -1.5898 2.0707
Car -1 -1 1.7999 436.5415 163.9391 467.4033 182.7742 1.4838 1.6134 4.0204 -12.7951 -0.2067 59.1740 1.5870 0.6851
