Car -1 -1 -1.1835 198.1790 191.3817 431.0659 333.0266 1.5016 1.5659 3.6555 -3.6842 1.6011 9.6216 -1.5491 14.8345
Pedestrian -1 -1 -0.4332 521.6305 183.0402 541.5465 215.0592 1.6491 0.6254 0.8491 -4.0058 1.5382 37.5072 -0.5396 -0.6406
Car -1 -1 -1.7802 698.6583 188.7795 804.5160 263.7774 1.4452 1.5645 3.4059 2.9767 1.5328 15.7317 -1.5932 13.8254
Car -1 -1 -1.3714 429.3656 182.5322 512.2882 245.9035 1.5981 1.5813 3.5328 -3.7348 1.5316 19.9021 -1.5569 13.0223
Car -1 -1 -1.6650 652.2916 184.7839 698.4455 220.2369 1.4754 1.6497 4.0983 2.9062 1.4586 31.9639 -1.5744 10.4064
Car -1 -1 -0.8652 0.0000 189.1199 121.8878 356.3741 1.5597 1.5801 3.9397 -8.0629 1.6194 8.7905 -1.6074 9.7044
Car -1 -1 -1.4271 479.0362 184.8865 535.0627 225.9536 1.4978 1.6137 4.0592 -3.9169 1.4869 28.2491 -1.5648 8.9148
Car -1 -1 -1.3046 375.9044 186.3747 444.0035 225.3229 1.5135 1.6824 4.3043 -8.2482 1.5668 30.2107 -1.5711 8.5797
Car -1 -1 -1.5998 588.1844 182.0964 611.3029 201.8281 1.4221 1.6129 3.7662 -0.6464 1.1984 53.7184 -1.6118 6.5636
Car -1 -1 -1.4022 439.8013 167.2370 468.8779 186.0278 1.4684 1.6359 4.1368 -12.4086 0.0646 58.2707 -1.6120 3.8698
Car -1 -1 -1.5435 527.6583 182.7440 551.7034 204.1569 1.4574 1.5922 3.9059 -4.8094 1.2903 50.9238 -1.6377 3.1248
Car -1 -1 -1.6510 622.1404 184.0512 643.9275 201.2672 1.4544 1.5894 3.8604 2.1650 1.3571 62.6875 -1.6165 3.0201
Car -1 -1 -1.4012 456.6631 170.0249 490.3695 192.8602 1.4572 1.5821 3.8216 -8.9028 0.4890 47.7915 -1.5854 2.6562
Car -1 -1 1.9829 223.1344 186.0511 354.2112 252.9861 1.5292 1.6244 3.9156 -8.0476 1.5540 18.4261 1.5711 2.3107
Car -1 -1 -1.4611 503.3668 184.5834 540.6068 213.9322 1.5174 1.6090 3.7484 -4.6395 1.4858 39.0438 -1.5793 1.7811
Car -1 -1 -1.6354 660.6348 167.6224 683.7783 186.9473 1.5190 1.6230 3.8494 5.1948 0.1372 58.4433 -1.5468 1.5376
Car -1 -1 -1.3078 575.9814 183.0458 605.4156 200.9927 1.4799 1.5592 3.8735 -1.4328 1.3021 61.3401 -1.3312 0.8837
Car -1 -1 -1.3890 428.7558 179.8298 470.7705 207.9423 1.4648 1.5939 3.7617 -8.6247 1.1853 39.3592 -1.6047 0.5132
