Car -1 -1 -1.1098 166.9100 187.5373 318.0585 257.1854 1.3761 1.5286 3.7034 -8.0736 1.4354 16.1756 -1.5727 14.3591
Cyclist -1 -1 1.7322 493.9805 179.3246 505.7782 203.3535 1.6955 0.5737 1.6953 -7.7524 1.2810 51.5719 1.5830 -0.4768
Car -1 -1 -1.2722 302.2143 182.5297 466.1002 283.2650 1.4890 1.6070 3.9906 -3.7516 1.4504 12.6250 -1.5610 14.1876
Car -1 -1 -1.7618 689.8350 186.4189 784.2526 251.6534 1.3915 1.5535 3.4880 2.9262 1.4243 17.1551 -1.5928 13.7468
Car -1 -1 -1.3883 445.1661 180.4559 511.8497 228.9078 1.5383 1.5965 3.7623 -4.3961 1.3883 24.7050 -1.5644 13.1274
Car -1 -1 -0.9697 0.0000 187.1341 322.6928 375.0000 1.5704 1.5400 3.6195 -3.5380 1.5899 5.0628 -1.5796 12.5476
Car -1 -1 -1.6494 634.2825 178.5236 665.9085 203.9680 1.4562 1.5964 3.6737 2.4659 1.0743 42.9891 -1.5921 6.7315
Car -1 -1 -1.3199 397.5226 170.6713 451.4672 208.1680 1.6998 1.6273 3.7426 -8.7477 1.0416 34.4557 -1.5686 5.6394
Car -1 -1 -1.5699 585.8202 178.1072 614.3211 204.9457 1.5649 1.6621 3.7325 -0.4946 1.1516 43.7865 -1.5812 5.6221
Car -1 -1 -1.4549 499.9591 182.5607 538.9081 211.5598 1.4258 1.5903 3.6354 -4.5479 1.2964 37.1624 -1.5767 5.4552
Car -1 -1 -1.5036 576.9729 178.6994 602.6068 200.4691 1.5179 1.5902 4.1165 -1.2879 1.0647 52.2092 -1.5282 2.3166
Car -1 -1 -1.6629 521.0402 178.7755 550.7206 202.5284 1.5093 1.6055 3.8555 -4.8302 1.1012 47.7205 -1.7638 0.3796
Car -1 -1 1.9572 309.5863 181.8122 397.1345 228.2046 1.4547 1.5576 3.5861 -8.5584 1.3491 24.3662 1.6194 -0.4940
Car -1 -1 -1.5154 532.0011 187.5840 565.2659 215.7233 1.4787 1.6325 4.0355 -3.2841 1.6189 40.1544 -1.5970 -0.5319
