Car -1 -1 -1.2822 290.9420 181.6429 455.7825 288.4474 1.5047 1.5777 3.7662 -3.7532 1.4555 12.0180 -1.5849 14.6055
Cyclist -1 -1 1.6376 576.6093 178.6001 586.2662 200.7419 1.6872 0.6362 1.7037 -2.0476 1.1842 55.6327 1.6008 0.4851
Pedestrian -1 -1 2.0665 206.8925 181.7791 247.4166 246.3694 1.4776 0.6134 0.6228 -8.9112 1.4002 16.7551 1.5777 -0.7513
Car -1 -1 -1.7476 715.4994 186.2436 846.3806 287.1935 1.4662 1.5480 3.2842 2.7240 1.4871 12.1452 -1.5269 13.8058
Car -1 -1 -1.7318 660.0372 178.8627 730.5371 228.6007 1.5040 1.6604 4.0831 2.7603 1.3130 23.8103 -1.6164 13.2734
Car -1 -1 -1.4000 453.7542 178.9652 521.0175 229.6344 1.5210 1.5784 3.5035 -3.8673 1.3345 23.3313 -1.5643 13.1323
Car -1 -1 -1.1468 186.2356 179.4748 331.4637 252.1921 1.5337 1.6353 3.9015 -8.1617 1.4138 17.1254 -1.5916 10.2647
Car -1 -1 -1.5722 586.0148 176.6491 613.0579 201.8289 1.5360 1.6500 3.7065 -0.5519 1.0145 45.7111 -1.5843 8.0357
Car -1 -1 -1.6401 640.5504 178.7063 670.6458 203.8730 1.5208 1.6310 3.7209 2.9518 1.1286 45.2996 -1.5750 6.9627
Car -1 -1 1.8262 392.8708 175.0334 451.8745 212.8776 1.6260 1.6497 4.0262 -8.4367 1.1896 32.8983 1.5752 6.6256
Car -1 -1 -1.4013 483.5812 177.3869 536.5190 217.6358 1.6249 1.6327 3.8555 -4.1760 1.3100 30.9723 -1.5354 6.1867
Car -1 -1 -0.9429 0.0000 199.1552 32.7966 375.0000 1.4935 1.6290 4.0334 -7.5953 1.6685 6.8170 -1.7822 3.8639
Car -1 -1 -1.4101 439.4249 175.7612 477.5223 201.6557 1.4642 1.6072 3.9203 -8.8288 0.9307 42.6371 -1.6143 2.9823
Car -1 -1 -1.6013 530.8822 178.7688 553.7861 199.0443 1.4413 1.5664 3.6090 -4.8678 0.9842 52.9844 -1.6929 2.6626
Car -1 -1 -1.5762 623.0979 178.0567 644.1352 197.4301 1.4582 1.5831 3.7757 1.9861 0.9205 56.0134 -1.5408 2.6317
Car -1 -1 -1.3628 461.8324 168.8656 495.3891 190.7690 1.4874 1.5945 3.7343 -9.0867 0.3782 50.7020 -1.5402 1.9729
Car -1 -1 -1.4351 507.7940 178.1779 543.2079 204.7566 1.4904 1.5771 3.7254 -4.8091 1.0969 42.1871 -1.5486 0.8380
