Car -1 -1 -1.1232 174.2287 185.7856 324.3454 256.7054 1.4392 1.5627 3.8499 -8.0983 1.4550 16.5463 -1.5784 14.0593
Car -1 -1 -1.7592 690.5224 186.0617 785.1730 254.1648 1.4358 1.5548 3.3794 2.9018 1.4589 16.8981 -1.5891 13.8074
Car -1 -1 -1.2948 315.2279 183.4180 467.5093 281.6859 1.5123 1.6181 3.8349 -3.7549 1.4858 12.9812 -1.5764 12.6640
Car -1 -1 -1.3899 447.1772 179.4034 512.4723 225.9951 1.4979 1.5855 3.7341 -4.4019 1.3122 24.9792 -1.5644 12.6152
Car -1 -1 -0.9899 0.0000 180.4657 336.6407 375.0000 1.6029 1.5363 3.4913 -3.5519 1.5795 5.4687 -1.5659 11.6809
Car -1 -1 -1.6762 632.2447 178.7131 666.5739 205.0689 1.4936 1.6292 3.8686 2.4031 1.1262 42.7060 -1.6200 9.1444
Car -1 -1 -1.5643 586.1542 176.8554 614.4502 203.9491 1.5871 1.6576 3.7773 -0.4716 1.0985 43.9974 -1.5751 7.2702
Car -1 -1 -1.4695 502.5491 180.7134 539.1628 209.8207 1.4512 1.5590 3.4738 -4.5302 1.2279 37.5877 -1.5894 5.6277
Car -1 -1 -1.3137 400.1329 170.2789 453.7555 206.4183 1.6593 1.6244 3.7456 -8.7382 0.9746 34.8834 -1.5591 5.5050
Car -1 -1 -1.5354 521.5189 177.2040 547.2950 200.0062 1.4592 1.5774 3.8848 -4.8836 0.9476 47.9887 -1.6368 2.1588
Car -1 -1 -1.4768 576.9030 178.0467 603.6937 199.6570 1.5116 1.5785 4.0614 -1.2539 1.0113 52.3594 -1.5007 1.5280
Car -1 -1 1.7701 444.1460 164.8893 483.8671 189.9133 1.4825 1.6342 4.1335 -8.8980 0.2794 44.6533 1.5734 1.2300
Car -1 -1 1.9614 299.2022 183.1713 392.5211 234.3489 1.5780 1.6207 3.7641 -8.6945 1.5161 24.0770 1.6149 0.4633
Car -1 -1 1.7690 433.4760 164.1677 463.8293 183.8352 1.4737 1.5761 3.9072 -12.3930 -0.1104 56.1055 1.5516 -0.3280
