Car -1 -1 -1.2149 229.8161 187.7428 440.5508 317.2351 1.5086 1.5864 3.6928 -3.6892 1.5524 10.2990 -1.5589 15.1819
Pedestrian -1 -1 -1.7265 745.6775 159.1121 764.3577 197.7490 1.6528 0.6823 0.7570 6.3393 0.5373 31.1399 -1.5256 2.0860
Car -1 -1 -1.3591 434.4812 182.4868 514.5025 241.2243 1.5461 1.5661 3.4612 -3.7817 1.4754 20.6718 -1.5400 13.5109
Pedestrian -1 -1 -1.4695 504.1350 183.8792 523.0765 226.7410 1.5968 0.6393 0.7417 -3.5910 1.5481 27.1574 -1.6010 -0.7046
Car -1 -1 -1.7919 697.4940 191.7893 806.2167 267.0670 1.4041 1.5429 3.4210 2.9214 1.5623 15.4434 -1.6050 13.4518
Car -1 -1 -1.6867 651.4381 185.1482 699.5949 220.7720 1.4219 1.5965 3.8251 2.7874 1.4204 30.6211 -1.5959 11.5083
Car -1 -1 -0.9065 0.0000 182.6303 161.9189 331.4206 1.6579 1.6353 3.6898 -8.1043 1.6302 9.8692 -1.5940 11.4908
Car -1 -1 -1.2822 379.3075 182.9296 442.2094 220.1883 1.4858 1.5785 3.7375 -8.3276 1.3957 30.5484 -1.5483 9.3551
Car -1 -1 -1.4288 482.4481 183.0909 536.1804 222.9341 1.5015 1.6141 3.8996 -3.9420 1.4225 29.0415 -1.5637 7.7392
Car -1 -1 -1.6166 623.3154 183.4144 644.5091 201.0443 1.4323 1.5998 3.7781 2.1536 1.2871 60.2936 -1.5809 5.3859
Car -1 -1 -1.6445 656.0194 166.8567 678.8024 184.7622 1.4430 1.6085 3.8609 4.9328 -0.0379 59.9643 -1.5624 5.1821
Car -1 -1 -1.6316 587.1959 180.0807 611.4345 200.1686 1.4407 1.5789 3.6035 -0.6745 1.0735 53.4057 -1.6442 5.1259
Car -1 -1 -1.4345 444.5494 167.0445 470.2960 185.2167 1.4650 1.5897 3.8910 -12.5146 0.0012 59.9466 -1.6403 3.1891
Car -1 -1 1.9890 243.4263 184.5104 365.3667 248.4978 1.5652 1.6245 3.8270 -8.1201 1.5491 19.5129 1.5947 2.3986
Car -1 -1 -1.3925 459.2067 169.2149 493.0313 191.6632 1.4552 1.5980 3.7974 -8.8586 0.4191 48.4963 -1.5732 1.9056
Car -1 -1 1.7961 573.0482 181.6850 601.6127 199.6574 1.4851 1.5731 4.0865 -1.7240 1.1944 61.5531 1.7681 1.6369
Car -1 -1 -1.5996 531.8087 182.9451 555.4130 204.0206 1.4502 1.5697 3.6474 -4.6315 1.2951 51.3636 -1.6895 1.6240
Car -1 -1 1.7164 503.7012 177.6499 543.9350 210.1659 1.7001 1.6623 3.8093 -4.5903 1.3056 39.5101 1.6008 0.8391
