Car -1 -1 -1.3015 354.7437 180.6333 482.2844 269.5650 1.5402 1.5568 3.4454 -3.6321 1.4620 14.1832 -1.5522 13.9760
Car -1 -1 -1.7808 697.0795 186.0918 802.0532 256.4476 1.3641 1.5444 3.3758 2.9252 1.3864 15.6833 -1.5964 13.4388
Car -1 -1 -1.0884 119.5961 185.9654 296.1374 268.1974 1.4472 1.5722 3.6775 -7.9075 1.4655 14.5324 -1.5867 13.2762
Car -1 -1 -1.3955 441.8271 178.1945 517.2431 232.5386 1.5181 1.6041 3.9739 -3.8750 1.3231 22.0660 -1.5693 12.0380
Car -1 -1 -1.7136 641.9274 177.1961 686.4872 208.0125 1.4457 1.6442 4.0135 2.7176 1.0706 35.7778 -1.6378 10.5898
Car -1 -1 -0.7935 0.0000 202.0581 224.8364 375.0000 1.5473 1.6629 4.1734 -3.5396 1.6718 3.1180 -1.6421 9.4011
Car -1 -1 -1.2372 320.8852 181.0942 405.4223 226.9599 1.4496 1.6044 3.7143 -8.2966 1.3205 24.5792 -1.5627 7.9841
Car -1 -1 -1.4423 486.9070 177.0655 530.5883 212.6187 1.5458 1.5458 3.5636 -4.5306 1.1926 33.0382 -1.5786 7.8026
Car -1 -1 -1.6005 586.6610 176.0308 611.3944 198.3031 1.5001 1.6163 3.5878 -0.6609 0.8826 50.2391 -1.6137 6.5845
Car -1 -1 -1.3796 435.9670 169.7169 476.8767 197.0584 1.5335 1.6486 3.8746 -8.8699 0.6654 42.2654 -1.5865 4.2619
Car -1 -1 -1.5859 619.2392 175.2121 636.0262 190.9638 1.5071 1.5882 3.8964 1.9285 0.5511 70.7330 -1.5586 0.7508
Car -1 -1 -1.3448 574.4529 178.2121 604.7062 197.4727 1.4819 1.5819 3.8993 -1.4289 0.9442 57.3738 -1.3697 0.7198
Car -1 -1 -1.5916 519.1889 175.5602 545.9513 200.0736 1.4743 1.5881 3.7890 -4.7866 0.8947 45.2102 -1.6971 0.0568
Car -1 -1 -1.6728 667.6324 162.9617 699.4150 187.9765 1.6368 1.7005 4.5912 5.1277 0.1818 49.3297 -1.5693 -0.7753
