Car -1 -1 -1.2450 246.0463 186.7458 441.6970 308.4868 1.4990 1.5829 3.7805 -3.7566 1.5272 10.7928 -1.5799 14.6153
Cyclist -1 -1 1.5964 578.5103 178.7849 587.0096 199.0665 1.6668 0.6659 1.7275 -2.0922 1.1394 59.9407 1.5615 -0.3572
Pedestrian -1 -1 -1.7322 735.1808 159.7139 754.3255 197.7261 1.6952 0.7280 0.8054 6.1479 0.5590 32.4657 -1.5451 1.2649
Car -1 -1 -1.7778 700.8023 186.2572 810.8199 265.1585 1.4643 1.5683 3.3544 2.9292 1.4898 15.0710 -1.5858 13.0289
Car -1 -1 -1.3836 436.4853 180.3833 512.6533 239.8373 1.6103 1.5909 3.4462 -3.8797 1.4805 21.1939 -1.5646 12.8367
Car -1 -1 -0.9473 0.0000 189.1942 205.7996 315.8970 1.5603 1.6411 4.0759 -8.1559 1.6338 11.0260 -1.5842 12.1587
Car -1 -1 -1.6864 651.4198 181.5900 701.6338 220.2475 1.4740 1.6110 3.6308 2.6979 1.3369 29.2397 -1.5944 11.7655
Car -1 -1 -1.2846 381.2832 183.7149 442.4593 219.6251 1.4501 1.5569 3.6900 -8.3755 1.3907 30.8867 -1.5494 9.3786
Car -1 -1 -1.4285 479.5880 180.1384 533.8721 221.1151 1.5666 1.6435 4.0864 -4.1098 1.3736 29.5262 -1.5668 9.1840
Car -1 -1 -1.5892 586.9189 180.9075 609.9074 201.8147 1.4813 1.6148 3.6592 -0.7335 1.1772 52.7839 -1.6031 6.8438
Car -1 -1 -1.4377 458.5716 174.1392 490.5618 197.3754 1.5263 1.6426 3.9800 -9.1006 0.7998 49.2425 -1.6204 4.3078
Car -1 -1 1.5909 530.9183 178.8940 554.8218 200.2049 1.4781 1.6408 4.1059 -4.6747 1.0408 51.9605 1.5012 4.0580
Car -1 -1 1.7227 502.5014 178.4310 541.8500 206.6314 1.4936 1.6130 3.8455 -4.7415 1.1354 40.0192 1.6048 3.1117
Car -1 -1 2.1178 115.3304 158.1385 204.1106 202.1061 2.0085 1.7574 4.1467 -21.6680 0.7727 34.9156 1.5623 2.8043
Car -1 -1 -1.6792 621.5544 181.8816 646.1541 200.5331 1.4560 1.5857 3.7191 2.0615 1.1968 58.0240 -1.6437 2.7410
Car -1 -1 -1.7694 693.4298 171.7598 721.5248 189.9856 1.4907 1.6017 3.9435 8.3861 0.3913 60.8076 -1.6324 -0.4678
