Car -1 -1 -1.7708 697.8563 190.1743 798.6823 262.9100 1.4217 1.5411 3.2780 2.9519 1.5441 15.9239 -1.5876 13.7045
Car -1 -1 -1.4176 458.7118 184.1546 524.3492 232.6127 1.5028 1.6055 3.8978 -3.8720 1.4710 24.2429 -1.5759 12.7993
Car -1 -1 -0.9780 0.0000 197.4561 332.4736 375.0000 1.5599 1.6131 3.7760 -3.6603 1.6855 5.4224 -1.5717 12.5937
Car -1 -1 -1.1336 177.4712 189.8842 327.3815 263.7016 1.4611 1.5903 3.7851 -7.9420 1.5810 16.3698 -1.5853 12.1121
Car -1 -1 -1.3313 385.6601 185.7363 493.0899 264.4695 1.5642 1.5426 3.4822 -3.6791 1.5782 16.0527 -1.5566 11.8502
Car -1 -1 -1.6812 645.2805 185.5305 688.3424 216.6241 1.4191 1.6390 3.9918 2.7730 1.4364 34.8661 -1.6018 10.4351
Car -1 -1 -1.2823 344.3699 186.1327 416.7429 229.0389 1.4638 1.5873 3.5463 -8.2891 1.5009 26.3830 -1.5867 8.4286
Car -1 -1 -1.5615 586.8920 182.1807 611.3166 204.5761 1.5492 1.6896 4.3755 -0.6254 1.3404 51.9126 -1.5735 8.1478
Car -1 -1 -1.4564 494.0026 184.4637 534.6226 216.3397 1.4755 1.5691 3.5703 -4.5407 1.4418 35.0681 -1.5852 5.8894
Car -1 -1 -1.6202 668.1470 165.7451 693.2083 186.5826 1.4482 1.6073 3.8097 5.2121 0.0961 51.9004 -1.5201 3.7009
Car -1 -1 -1.3761 442.2198 175.2470 479.9688 200.1347 1.4639 1.5746 3.7695 -8.9878 0.8787 44.1686 -1.5769 3.3724
Car -1 -1 -1.3833 421.7789 167.4498 454.5726 188.6244 1.4631 1.6066 3.8355 -12.1529 0.2367 51.6187 -1.6145 3.3425
Car -1 -1 -1.5491 619.6787 184.7623 637.3600 200.5040 1.4513 1.5971 3.7787 1.9861 1.4106 68.1984 -1.5200 3.0591
Car -1 -1 -1.5610 579.1708 183.4584 599.0788 202.1988 1.4837 1.5760 4.0875 -1.5233 1.3457 58.9637 -1.5869 2.1965
Car -1 -1 1.6721 522.8450 179.9753 553.3846 203.4991 1.4768 1.6128 3.8226 -4.5401 1.1489 47.0400 1.5758 2.1903
Car -1 -1 1.6474 536.5208 181.3875 560.8398 202.0436 1.5715 1.6130 3.9802 -4.6400 1.2814 56.6796 1.5658 0.9193
