Car -1 -1 -1.0166 0.0000 197.5668 347.9641 375.0000 1.5103 1.6038 3.7549 -3.6134 1.6430 5.7717 -1.5759 14.5715
Car -1 -1 -1.1210 185.4344 189.2187 334.6184 260.6793 1.4450 1.5713 3.8793 -7.9235 1.5499 16.6945 -1.5642 13.0664
Car -1 -1 -1.7809 696.3302 189.3954 797.6450 264.3415 1.4681 1.5306 3.2275 2.9198 1.5712 15.8954 -1.5993 13.0385
Car -1 -1 -1.3328 391.6528 185.6227 496.7079 261.1583 1.5391 1.5505 3.4899 -3.6582 1.5505 16.4216 -1.5520 12.9329
Car -1 -1 -1.3988 461.7942 185.5677 526.9903 232.2016 1.4717 1.5685 3.8580 -3.8423 1.4859 24.6538 -1.5534 10.5971
Car -1 -1 -1.2674 347.9136 185.5154 419.5963 227.9535 1.4722 1.5855 3.4307 -8.2671 1.4852 26.6754 -1.5679 10.5183
Car -1 -1 -1.6987 644.3178 185.2761 688.6590 216.9155 1.4368 1.6213 4.0126 2.7414 1.4410 34.6918 -1.6199 8.8549
Car -1 -1 -1.4559 494.4389 183.1568 535.2174 215.8195 1.5217 1.5773 3.6833 -4.5485 1.4269 35.3387 -1.5839 7.1963
Car -1 -1 -1.6142 586.5057 182.6978 611.4423 204.0342 1.4825 1.6301 3.7899 -0.6852 1.3087 51.8831 -1.6274 6.6858
Car -1 -1 -1.6291 665.6136 165.3303 690.7840 186.0461 1.4564 1.5922 4.0519 5.0991 0.0595 52.5903 -1.5324 4.8080
Car -1 -1 -1.3878 444.4259 172.9822 481.1998 197.3520 1.4394 1.5890 3.6237 -8.9075 0.7180 44.2798 -1.5863 3.7967
Car -1 -1 -1.5175 579.5403 182.8231 601.3179 201.5584 1.4843 1.5759 4.0347 -1.4054 1.2958 58.9855 -1.5413 2.7223
Car -1 -1 1.6570 526.4024 181.5494 555.8363 204.9214 1.4770 1.6101 3.8040 -4.3716 1.2464 47.3308 1.5649 2.3969
Car -1 -1 -1.3985 421.9311 166.0015 453.9003 187.6884 1.5143 1.6156 3.8994 -12.3053 0.1738 52.1858 -1.6301 0.1100
Car -1 -1 1.4342 680.9532 181.0671 707.9212 200.0858 1.4880 1.6268 4.0590 6.9763 1.1646 58.2834 1.5533 -0.7266
