Car -1 -1 -1.3510 370.6087 179.3029 487.5150 257.9265 1.4979 1.6143 4.0656 -3.7942 1.3864 15.7374 -1.5875 13.5629
Car -1 -1 -1.7695 695.9522 182.5390 800.4765 256.6252 1.4602 1.5709 3.5504 2.9421 1.4086 15.9522 -1.5871 13.4856
Car -1 -1 -1.1717 133.4425 179.6648 407.2335 353.3523 1.5646 1.5429 3.4506 -3.5769 1.5157 8.2063 -1.5828 13.1855
Car -1 -1 -1.4221 464.2463 179.1865 519.4599 220.5174 1.4739 1.5656 3.5853 -4.3928 1.2600 27.4316 -1.5808 10.5669
Car -1 -1 -0.8789 0.0000 185.2926 159.8748 337.0972 1.5393 1.5832 3.9596 -7.8425 1.5417 9.2753 -1.5808 10.2262
Car -1 -1 -1.6716 636.6209 178.2776 673.3573 206.3195 1.4806 1.6423 3.8954 2.5461 1.1154 39.9274 -1.6080 9.7396
Car -1 -1 -1.5904 586.3126 176.0098 613.3870 200.8491 1.5186 1.6459 3.7721 -0.5634 0.9569 45.8569 -1.6027 8.7353
Car -1 -1 -1.3290 413.5518 161.3632 461.5083 191.0969 1.4600 1.5661 3.7283 -8.7708 0.2899 37.1661 -1.5608 4.0941
Car -1 -1 -1.5075 510.2709 180.9946 543.0938 208.5292 1.4578 1.5800 3.7755 -4.4941 1.2355 39.9799 -1.6194 3.9044
Car -1 -1 0.2891 364.3161 158.8827 446.5769 186.6675 1.4739 1.6338 3.9947 -10.9543 0.0781 38.9752 0.0151 1.1564
Car -1 -1 -1.5503 526.2937 177.3797 550.1753 199.1986 1.4635 1.5842 3.7125 -4.8369 0.9390 50.1247 -1.6465 0.8542
Car -1 -1 -1.5116 579.8540 177.5905 604.3982 198.3305 1.4834 1.5946 3.9458 -1.1464 0.9391 53.4121 -1.5330 0.4364
Car -1 -1 -1.1516 242.7960 179.8004 361.2573 240.6736 1.4672 1.5503 3.6365 -8.0455 1.3378 19.1567 -1.5492 -0.3434
Car -1 -1 -0.2225 675.9866 172.4299 741.9247 196.7388 1.4823 1.6060 3.8062 6.2518 0.7038 44.7901 -0.0839 -0.3812
