Car -1 -1 -1.7364 677.3615 183.5182 756.7368 242.2721 1.4503 1.5577 3.4313 2.8228 1.4096 19.4731 -1.5924 13.5730
Car -1 -1 -1.3700 422.9700 180.4845 499.1880 234.5133 1.5077 1.5838 3.5775 -4.4064 1.3768 21.8464 -1.5690 13.0186
Car -1 -1 -1.1982 158.2865 184.6991 424.2375 335.2982 1.5044 1.6424 4.1582 -3.7475 1.5004 9.2658 -1.5825 12.5054
Car -1 -1 -0.9923 20.1512 190.4026 255.2543 286.1418 1.4060 1.5859 3.8806 -8.0516 1.5129 12.7155 -1.5567 12.0429
Car -1 -1 -1.4363 489.8682 180.9092 532.0958 211.9441 1.4128 1.5430 3.5906 -4.6275 1.2179 34.5170 -1.5695 8.8846
Car -1 -1 -1.3116 373.2549 170.3014 440.0546 215.3464 1.8535 1.7588 4.4594 -8.8323 1.2409 31.8150 -1.5824 8.4149
Car -1 -1 -1.5926 583.6595 176.9831 614.4087 205.7744 1.6043 1.7026 4.2562 -0.5839 1.1467 42.2099 -1.6065 8.3864
Car -1 -1 -1.6371 628.1757 178.9248 655.9265 201.2672 1.4116 1.5809 3.5633 2.1954 1.0152 47.2097 -1.5907 6.4262
Car -1 -1 -1.5227 577.0050 179.8658 602.4858 202.2740 1.5012 1.5873 4.0678 -1.2429 1.1439 50.2060 -1.5474 2.5351
Car -1 -1 -1.4673 519.1177 178.8617 550.6524 202.9504 1.4595 1.5996 3.8229 -4.5917 1.0757 45.4655 -1.5679 2.4366
Car -1 -1 1.9971 262.6099 181.8977 371.0421 236.8421 1.5060 1.6020 3.7647 -8.6540 1.4162 21.6167 1.6163 1.3390
Car -1 -1 1.8411 410.7596 161.8265 446.9966 183.5355 1.4673 1.5411 3.7449 -12.6079 -0.1220 50.7701 1.5977 0.4263
Car -1 -1 -2.9415 439.6164 177.4829 497.8830 199.6464 1.4709 1.5564 3.6239 -9.3703 0.9589 48.4999 -3.1323 0.3200
