Car -1 -1 -1.2756 301.8084 185.2977 461.2212 285.5801 1.4842 1.5928 3.7524 -3.7826 1.4870 12.5163 -1.5691 14.3227
Car -1 -1 -1.7035 709.7630 185.3701 833.7389 287.7719 1.4623 1.5444 3.2372 2.5298 1.4664 11.9393 -1.4947 13.2037
Car -1 -1 -1.7205 660.5681 180.5619 729.9080 228.2586 1.4179 1.6263 4.1033 2.7145 1.2807 23.4450 -1.6052 12.9589
Car -1 -1 -1.4018 456.2026 178.1113 520.7142 227.8768 1.5209 1.5458 3.3900 -3.8935 1.3049 23.6653 -1.5649 12.8394
Car -1 -1 -1.1436 216.9555 178.9642 350.8050 246.9635 1.5620 1.6330 3.9561 -8.1967 1.4196 18.4954 -1.5608 10.7079
Car -1 -1 -1.3217 398.7210 179.2442 454.8955 212.3745 1.4715 1.6203 4.0659 -8.5034 1.2074 33.9606 -1.5671 7.6913
Car -1 -1 -1.5651 584.2664 175.7833 612.1069 202.4215 1.5636 1.6343 3.6699 -0.6032 1.0110 44.0318 -1.5788 7.4054
Car -1 -1 -1.6524 641.0056 177.8062 672.6413 204.2120 1.5281 1.6043 3.6921 2.9001 1.1005 43.4549 -1.5857 6.9638
Car -1 -1 2.3169 0.0000 200.9435 103.8182 375.0000 1.4411 1.6004 3.9032 -7.8142 1.6611 8.0278 1.5450 6.6375
Car -1 -1 -1.4010 485.9668 178.2434 538.2465 215.4243 1.5273 1.6181 4.0240 -4.1639 1.2420 31.5668 -1.5321 6.6276
Car -1 -1 -1.3861 463.1667 170.0111 495.8967 192.4128 1.5461 1.6328 3.8490 -9.1701 0.4979 51.5409 -1.5622 2.9947
Car -1 -1 -1.5602 623.5012 178.7200 645.3053 198.8299 1.4476 1.5697 3.5855 1.9850 0.9812 53.5716 -1.5232 2.7767
Car -1 -1 1.7353 509.9983 178.6535 546.1989 204.8171 1.4764 1.5487 3.6475 -4.6834 1.1072 42.4243 1.6253 1.4933
Car -1 -1 -1.7215 695.3933 164.9585 731.9066 190.8019 1.4595 1.5747 3.7955 6.1857 0.3166 42.4947 -1.5769 0.7199
Car -1 -1 1.5753 534.3526 175.7757 556.1527 196.4014 1.4732 1.5533 3.8375 -4.6465 0.8001 53.3161 1.4884 -0.0751
