Car -1 -1 -1.2407 250.0053 186.6797 445.3769 307.5655 1.5147 1.6095 3.7861 -3.7542 1.5419 10.9425 -1.5712 14.6750
Pedestrian -1 -1 -1.7502 734.3788 160.5272 752.3907 198.6686 1.7323 0.6895 0.7481 6.1921 0.6121 33.0210 -1.5648 1.3794
Car -1 -1 -0.9908 0.0000 181.2301 210.0395 302.9113 1.6393 1.5843 3.5555 -8.1325 1.5867 11.4858 -1.6069 13.3077
Car -1 -1 -1.7596 702.2719 188.5487 812.0711 269.0016 1.4463 1.5498 3.4820 2.8971 1.5242 14.8081 -1.5664 12.4738
Car -1 -1 -1.3847 437.0287 180.6964 512.5210 238.4318 1.5818 1.5861 3.5324 -3.9216 1.4592 21.4620 -1.5654 12.4287
Car -1 -1 -1.6882 650.9357 181.2072 704.9965 221.0168 1.4795 1.6626 4.1580 2.6995 1.3317 28.8106 -1.5947 12.1436
Car -1 -1 -1.2836 378.9923 183.5104 442.3479 219.5052 1.4527 1.5997 3.8689 -8.4403 1.3850 30.9597 -1.5498 9.8514
Car -1 -1 -1.4184 480.8061 181.4014 534.2728 220.1617 1.4885 1.6055 3.8830 -4.0859 1.3432 29.5556 -1.5558 9.1138
Car -1 -1 -1.6039 585.6336 179.7478 609.4706 201.1957 1.5060 1.6085 3.6867 -0.7920 1.1232 52.3519 -1.6190 5.1810
Car -1 -1 -1.4099 456.1547 168.2015 488.8088 190.4596 1.4624 1.5948 3.8917 -9.2340 0.3457 49.1899 -1.5955 4.0618
Car -1 -1 -1.2194 268.8583 185.0769 371.9337 242.5397 1.4989 1.5889 3.6018 -8.1367 1.4964 20.5678 -1.5961 4.0380
Car -1 -1 1.5845 528.6458 179.0733 551.4319 200.3389 1.4770 1.5778 3.9838 -4.8881 1.0515 51.9714 1.4908 3.3195
Car -1 -1 -1.6562 621.8457 180.8829 646.0559 200.3830 1.4938 1.6042 3.6636 2.0293 1.1630 56.9337 -1.6205 3.2723
Car -1 -1 1.7230 501.9364 176.2427 540.7230 206.0711 1.5996 1.6169 3.7596 -4.8422 1.1196 40.4523 1.6039 2.4606
Car -1 -1 -1.5721 578.3799 180.7579 597.3072 198.6005 1.4723 1.5619 3.7893 -1.7124 1.1056 61.2304 -1.6001 1.6111
Car -1 -1 -1.6117 653.1390 165.7485 673.5041 184.1571 1.5308 1.5920 3.7181 4.7450 -0.0928 61.8766 -1.5352 1.4724
