Car -1 -1 -1.3455 395.6082 185.4329 498.6403 261.8343 1.5951 1.5861 3.5491 -3.6744 1.6019 16.7970 -1.5609 13.2951
Pedestrian -1 -1 -1.4742 516.7507 185.3310 531.5041 218.8892 1.5836 0.6296 0.7684 -4.0211 1.5903 34.3113 -1.5908 -0.1753
Car -1 -1 -1.0695 0.0000 194.8009 359.8220 375.0000 1.5210 1.5675 3.7990 -3.6337 1.6318 6.3068 -1.5922 13.2129
Car -1 -1 -1.7769 696.4608 187.9163 801.4858 264.6200 1.5054 1.5822 3.4572 2.9663 1.5731 15.9733 -1.5933 13.1724
Car -1 -1 -1.1176 198.3921 188.4198 338.0180 260.6976 1.5148 1.5768 3.5608 -7.9142 1.5998 17.0157 -1.5529 10.8073
Car -1 -1 -1.4046 462.0826 184.0004 527.8387 231.7423 1.5323 1.6270 3.9687 -3.8831 1.4944 25.0619 -1.5583 10.6719
Car -1 -1 -1.2878 351.8671 187.1665 422.8752 227.6678 1.4145 1.5915 3.6983 -8.2684 1.4943 27.1395 -1.5836 9.7432
Car -1 -1 -1.6665 647.5169 185.7883 689.7203 217.4538 1.4284 1.6337 3.9620 2.8295 1.4586 34.4872 -1.5846 9.6748
Car -1 -1 -1.4396 495.5928 183.1908 537.0654 215.5818 1.5307 1.5931 3.5820 -4.5291 1.4361 35.7613 -1.5656 7.7403
Car -1 -1 -1.5654 587.8671 182.8953 611.3492 203.8149 1.4617 1.6408 3.8868 -0.6018 1.3007 52.1731 -1.5770 7.4840
Car -1 -1 -1.6457 664.8936 165.1945 691.0928 185.4533 1.4416 1.6286 3.9684 5.1389 0.0180 53.1520 -1.5494 5.6323
Car -1 -1 -1.6265 621.0910 185.2372 639.8076 200.8558 1.4248 1.5585 3.4480 2.0960 1.4280 67.3205 -1.5953 4.1311
Car -1 -1 1.6384 526.4192 182.4002 553.9422 205.0858 1.4360 1.5696 3.5282 -4.4338 1.2589 47.2823 1.5449 3.7374
Car -1 -1 -1.5061 579.2146 182.8611 601.5896 201.4914 1.4837 1.5884 4.0558 -1.4142 1.2973 59.3052 -1.5299 3.6257
Car -1 -1 -1.3362 425.0492 165.6338 459.5407 186.9852 1.5170 1.6229 3.8798 -12.1757 0.1268 53.0157 -1.5619 2.5658
Car -1 -1 -1.3978 444.6943 172.0954 480.8802 196.5323 1.4534 1.5857 3.7289 -8.9795 0.6742 44.6343 -1.5963 1.8433
Car -1 -1 -1.4842 536.8217 182.3368 560.5104 201.4247 1.4705 1.5611 3.7875 -4.6920 1.2498 57.2717 -1.5659 0.4751
