Car -1 -1 -1.2754 283.0040 189.0177 453.9704 296.8658 1.4599 1.5643 3.8741 -3.7516 1.5338 11.8105 -1.5829 14.7623
Pedestrian -1 -1 -1.4586 509.7171 177.4125 527.0444 218.8360 1.6561 0.6150 0.7780 -3.6544 1.3453 29.1289 -1.5834 0.1629
Car -1 -1 -1.7432 713.5116 187.9876 846.3874 286.5263 1.4258 1.5667 3.5920 2.7351 1.4815 12.3304 -1.5249 14.6861
Car -1 -1 -1.7098 660.7384 179.8611 726.8511 229.1870 1.5103 1.6405 3.9250 2.7412 1.3475 23.9888 -1.5960 13.3275
Car -1 -1 -1.4120 452.6258 176.9977 519.8364 230.1551 1.5793 1.5936 3.5114 -3.8678 1.3363 23.1152 -1.5778 12.8389
Car -1 -1 -1.1267 172.6675 181.9204 323.1422 255.5406 1.5058 1.6052 3.8301 -8.1695 1.4396 16.6247 -1.5835 12.2276
Car -1 -1 -1.5737 586.6109 176.7731 613.1602 201.4009 1.5272 1.6467 3.6921 -0.5397 1.0048 46.4317 -1.5853 8.5424
Car -1 -1 -1.4131 484.5619 178.1285 536.2651 217.2215 1.5750 1.6147 3.8725 -4.1534 1.2906 30.9132 -1.5466 7.8867
Car -1 -1 -1.3102 390.9955 179.6255 448.3466 215.2867 1.5145 1.5738 3.8130 -8.4467 1.2783 32.4374 -1.5650 7.8656
Car -1 -1 -1.6475 638.4373 178.8473 668.0081 202.8718 1.4801 1.6098 3.6744 2.8568 1.0889 46.1329 -1.5856 6.7088
Car -1 -1 -1.3360 462.6775 169.9164 497.7740 192.8658 1.5522 1.6136 3.6977 -8.9383 0.5186 50.5115 -1.5111 2.7013
Car -1 -1 -1.4487 508.8145 178.7844 543.6306 205.2138 1.4656 1.5729 3.6750 -4.7134 1.1101 41.7033 -1.5613 2.4966
Car -1 -1 -1.4391 440.6289 177.2333 476.0550 202.9643 1.4530 1.5844 3.6585 -8.8089 1.0034 42.4721 -1.6437 2.0859
Car -1 -1 -1.5537 529.7508 178.7161 551.8712 199.2256 1.4617 1.5674 3.7619 -4.9399 0.9996 53.1648 -1.6464 2.0664
Car -1 -1 -1.5586 619.7204 176.3130 640.2853 195.6867 1.4764 1.5675 3.8161 1.7614 0.7991 56.7186 -1.5276 0.5635
Car -1 -1 1.8950 317.7191 176.8790 401.4715 224.6002 1.4542 1.5485 3.5712 -8.1172 1.2013 23.6919 1.5650 0.0307
