Car -1 -1 -1.7780 697.3150 184.7592 804.0205 259.1172 1.4302 1.5546 3.4497 2.9206 1.4226 15.5645 -1.5926 13.7630
Car -1 -1 -1.0017 3.2557 187.4783 240.0364 291.6839 1.4665 1.5729 3.5573 -7.8585 1.5110 11.9779 -1.5823 13.5985
Car -1 -1 -1.2513 287.1495 174.8420 458.3348 295.2862 1.6277 1.5759 3.3678 -3.5823 1.4886 11.4065 -1.5556 13.1602
Car -1 -1 -1.3813 415.9434 177.4698 504.8844 241.1649 1.5203 1.6037 3.8780 -3.8404 1.3366 19.1007 -1.5797 13.0184
Car -1 -1 -1.4187 477.2192 177.6094 526.2610 214.8793 1.4854 1.5405 3.4958 -4.4604 1.1834 30.3987 -1.5644 8.5396
Car -1 -1 -1.6510 643.1159 177.8134 679.9376 206.5315 1.4136 1.5962 3.7747 2.7095 1.0504 37.2747 -1.5785 8.4769
Car -1 -1 -1.6211 585.3385 175.1690 612.4659 198.8290 1.5195 1.6185 3.8259 -0.6500 0.8754 48.1231 -1.6346 5.2683
Car -1 -1 -1.5084 515.6654 177.4334 546.3092 202.8409 1.4457 1.5868 3.7248 -4.5565 1.0040 42.7943 -1.6145 3.8095
Car -1 -1 -1.1915 283.1492 181.4918 382.7279 234.3243 1.4676 1.5720 3.6613 -8.2562 1.3653 21.8095 -1.5534 3.4907
Car -1 -1 -1.3508 424.3434 166.5619 468.9254 195.8286 1.5418 1.6231 3.7682 -8.8807 0.5602 39.7502 -1.5706 3.2107
Car -1 -1 1.6427 530.8279 172.4290 556.0835 193.3535 1.4727 1.5771 3.6790 -4.6775 0.5739 52.4421 1.5537 -0.7332
