Car -1 -1 -1.1049 138.0484 186.7711 305.2202 264.6984 1.4472 1.5754 3.8209 -8.0698 1.4857 15.3475 -1.5890 14.5225
Car -1 -1 -1.7556 686.6267 185.4481 777.1993 247.7448 1.3718 1.5477 3.4430 2.8830 1.3792 17.5771 -1.5930 13.6040
Car -1 -1 -1.3760 440.2184 181.6394 509.5969 229.6631 1.4808 1.5940 3.6790 -4.3913 1.3717 24.0127 -1.5569 13.5109
Car -1 -1 -1.2632 276.5414 180.2931 457.7999 293.9248 1.5548 1.6526 3.9845 -3.7581 1.4885 11.8243 -1.5710 12.9694
Car -1 -1 -0.8998 0.0000 190.4673 292.5457 375.0000 1.5454 1.6020 3.8176 -3.5084 1.5914 4.2179 -1.5936 9.3946
Car -1 -1 -1.4339 499.0276 182.3534 538.8553 212.0214 1.4397 1.5521 3.5087 -4.5110 1.3019 36.6457 -1.5564 8.4655
Car -1 -1 -1.6668 631.3803 179.0807 664.0491 205.1894 1.5278 1.6376 3.7190 2.3766 1.1700 43.9550 -1.6127 7.4701
Car -1 -1 -1.5651 584.8583 178.4123 613.3247 204.7139 1.5162 1.6411 3.7191 -0.5394 1.1251 43.3008 -1.5775 6.9455
Car -1 -1 -1.3328 392.0379 171.6462 446.7361 211.3918 1.7683 1.6529 3.7605 -8.8385 1.1657 33.8733 -1.5880 6.4194
Car -1 -1 -1.4822 575.6476 178.7867 602.0783 200.3594 1.4912 1.5567 3.9834 -1.3432 1.0479 51.7222 -1.5082 2.7055
Car -1 -1 -1.4290 477.4992 178.3741 507.0279 199.2924 1.4743 1.5954 3.9449 -8.4369 0.9933 52.6476 -1.5879 0.0562
