Car -1 -1 -1.1905 171.1110 192.8608 425.0788 343.6792 1.4678 1.5653 3.8467 -3.6395 1.5864 9.1111 -1.5705 14.7332
Pedestrian -1 -1 -1.5911 773.9819 189.3201 787.5821 223.2623 1.6621 0.6418 0.6757 8.5564 1.8694 35.6933 -1.3559 -0.7157
Car -1 -1 -1.7733 698.3743 190.0363 804.2620 266.1454 1.4635 1.5722 3.5271 2.9837 1.5827 15.8203 -1.5869 12.5459
Car -1 -1 -1.3623 424.2466 184.3569 509.2373 246.9975 1.5345 1.5521 3.4924 -3.7420 1.5146 19.3659 -1.5532 11.7432
Car -1 -1 -1.6793 650.4740 185.0346 696.6292 220.0937 1.4847 1.6390 3.9804 2.8722 1.4782 32.4459 -1.5910 10.3769
Car -1 -1 -0.8276 0.0000 187.5845 92.1096 375.0000 1.5663 1.6028 4.1961 -8.1239 1.6012 8.1263 -1.6129 8.1214
Car -1 -1 -1.3006 373.1056 186.2914 440.2464 224.2788 1.4573 1.6327 4.1191 -8.2633 1.5060 29.7504 -1.5715 7.7251
Car -1 -1 -1.4203 479.4906 184.3140 536.0133 224.6806 1.4482 1.5839 3.9774 -3.8264 1.4170 27.7858 -1.5572 6.7654
Car -1 -1 -1.6094 588.1386 181.9276 611.4570 202.5561 1.4827 1.5925 3.5747 -0.6385 1.2475 53.4912 -1.6214 6.2670
Car -1 -1 -1.6233 622.5223 184.4477 643.2027 201.3196 1.4425 1.6152 3.9111 2.1772 1.3780 63.4278 -1.5890 5.1558
Car -1 -1 -1.6390 658.8122 166.8686 683.9410 187.5487 1.5974 1.7035 4.4763 5.0596 0.1813 57.7766 -1.5516 4.6450
Car -1 -1 -1.4333 503.5269 181.8631 542.1757 213.0900 1.5972 1.5819 3.6068 -4.5392 1.4268 38.5830 -1.5504 4.0415
Car -1 -1 -1.5327 527.7557 182.4000 552.4919 203.7789 1.4487 1.5916 3.9183 -4.7570 1.2590 50.7087 -1.6263 3.8750
Car -1 -1 -1.3879 437.6413 166.9495 467.7037 185.9099 1.4667 1.6261 4.1914 -12.4242 0.0548 57.7233 -1.5999 3.0543
Car -1 -1 2.0024 229.8209 186.9314 353.8572 252.1333 1.5138 1.5762 3.5737 -8.0620 1.5636 18.5850 1.5931 2.2230
Car -1 -1 1.6876 577.0231 181.1794 602.0132 199.7211 1.5245 1.6342 4.3870 -1.5320 1.1938 61.3594 1.6626 1.5105
Car -1 -1 1.7092 456.1419 168.2944 488.9761 191.5103 1.4650 1.6047 3.8943 -8.8820 0.3984 47.3421 1.5238 1.4711
Car -1 -1 -1.3901 429.6562 179.7371 471.7834 208.3576 1.4750 1.5800 3.7662 -8.4837 1.1938 38.9530 -1.6045 -0.6711
