Car -1 -1 -1.1627 127.0928 199.1876 409.2334 363.4407 1.4201 1.5627 3.6640 -3.6435 1.6194 8.3579 -1.5738 14.7819
Car -1 -1 -1.3611 417.7620 186.7104 506.1386 251.2805 1.5094 1.5667 3.3592 -3.7096 1.5527 18.5678 -1.5583 13.6777
Car -1 -1 -1.7889 696.3599 191.5039 803.8185 265.4624 1.4154 1.5532 3.5848 2.9655 1.5713 15.8797 -1.6043 13.2430
Car -1 -1 -1.6890 649.0147 184.3338 694.7086 218.8163 1.4917 1.6378 3.8372 2.8524 1.4547 33.0376 -1.6029 10.1650
Car -1 -1 -1.2937 367.8343 187.0982 435.9534 224.8640 1.4105 1.6192 3.9619 -8.2560 1.4929 29.0235 -1.5708 9.4702
Car -1 -1 -1.4269 474.1733 183.5386 532.2320 227.0803 1.5175 1.6163 3.8737 -3.8863 1.4602 26.9876 -1.5699 8.9336
Car -1 -1 -1.5991 588.3604 181.6945 612.1307 202.8978 1.5155 1.6475 3.9465 -0.6079 1.2650 53.3809 -1.6105 6.8436
Car -1 -1 2.3481 0.0000 202.5774 64.8193 375.0000 1.4780 1.5977 4.1666 -7.9937 1.7104 7.4563 1.5280 6.0921
Car -1 -1 -1.6636 659.8752 165.8983 685.4899 185.2477 1.4591 1.6182 4.0806 5.0283 0.0035 56.2468 -1.5745 4.8220
Car -1 -1 -1.4184 499.8309 184.8792 540.6982 214.2126 1.4563 1.5835 3.6504 -4.5481 1.4407 37.5340 -1.5389 4.5232
Car -1 -1 -1.6135 621.0489 184.5731 640.5907 201.2508 1.4618 1.5953 3.8943 2.0490 1.4066 64.9616 -1.5820 3.8887
Car -1 -1 -1.3912 452.3501 171.9864 487.6786 195.3831 1.4593 1.5895 3.8943 -8.9411 0.6353 46.7878 -1.5800 2.5682
Car -1 -1 -1.1499 242.7837 188.0230 361.5164 250.1069 1.4541 1.5454 3.5095 -7.8814 1.5355 18.7660 -1.5475 1.5723
Car -1 -1 -1.4986 526.7992 181.0296 553.3984 202.8297 1.4590 1.5733 3.8275 -4.6948 1.1800 50.0380 -1.5921 0.7996
Car -1 -1 -1.0270 786.3622 155.2283 848.5003 182.5425 1.4934 1.6247 3.9915 12.1488 -0.1609 41.6296 -0.7430 0.6398
Car -1 -1 1.6142 580.4568 181.9984 601.8930 201.0470 1.5545 1.6348 4.1381 -1.3830 1.2931 60.7458 1.5915 -0.3681
Car -1 -1 -1.6953 690.9490 183.3637 728.9894 211.1065 1.4606 1.6076 3.8572 5.5772 1.3642 39.7832 -1.5561 -0.4296
Car -1 -1 -1.3754 435.5410 168.2016 466.5974 188.3368 1.5197 1.6298 4.0078 -12.2379 0.2367 56.2691 -1.5896 -0.7248
