Car -1 -1 -1.0312 0.0000 183.6799 223.5544 293.7813 1.5444 1.5562 3.7258 -8.1442 1.5240 11.9844 -1.6281 14.5626
Pedestrian -1 -1 -1.7061 731.6433 159.6322 749.4972 195.3676 1.6517 0.7197 0.7934 6.1761 0.4703 33.6338 -1.5245 0.1772
Car -1 -1 -1.7866 701.8108 190.3165 817.5525 268.7715 1.3685 1.5429 3.4456 2.8790 1.4848 14.4985 -1.5905 14.4078
Car -1 -1 -1.2584 259.2922 187.6025 445.7998 305.9944 1.5080 1.5973 3.7562 -3.7544 1.5523 11.1172 -1.5841 13.1662
Car -1 -1 -1.6917 652.1034 180.9038 707.5420 222.9200 1.5171 1.6519 4.0711 2.6926 1.3626 28.0085 -1.5958 12.5643
Car -1 -1 -1.3990 438.9591 179.1275 512.4461 236.4640 1.5860 1.5840 3.6029 -3.9354 1.4187 21.6882 -1.5785 12.3705
Car -1 -1 -1.4299 480.6649 179.8122 533.4251 219.6965 1.5346 1.6146 3.9465 -4.1161 1.3278 29.6302 -1.5680 7.9961
Car -1 -1 -1.2934 380.2214 180.9034 442.1856 217.6331 1.4954 1.6044 3.8296 -8.4821 1.3210 31.1886 -1.5589 7.5468
Car -1 -1 -1.4379 503.9464 178.6766 540.3178 207.0660 1.5300 1.5741 3.6134 -4.8138 1.1787 40.5549 -1.5560 5.9621
Car -1 -1 -1.6452 582.3273 179.3516 608.8739 200.9807 1.5078 1.6318 3.9130 -0.9353 1.1002 52.1333 -1.6632 5.7588
Car -1 -1 -1.6315 623.1215 179.7813 647.0454 200.9760 1.5989 1.6279 3.9256 2.0886 1.1901 56.2070 -1.5944 5.0238
Car -1 -1 -1.1609 269.0314 185.1057 378.6428 242.5970 1.5148 1.5967 3.7168 -8.1307 1.5131 20.8245 -1.5331 4.1530
Car -1 -1 -1.5916 652.7922 166.2443 672.2847 183.7658 1.4659 1.6019 4.0288 4.7271 -0.1292 62.5346 -1.5161 3.9631
Car -1 -1 1.6253 529.2672 178.4812 553.6800 198.7473 1.4176 1.5660 3.7227 -4.7975 0.9476 52.1680 1.5336 3.2399
Car -1 -1 1.9649 271.1642 155.6094 317.7327 178.0542 1.4942 1.6182 4.0247 -22.2575 -0.5288 51.1689 1.5546 2.9776
Car -1 -1 1.7809 457.9817 165.5346 493.9974 187.8510 1.4745 1.6176 4.1358 -9.0596 0.1753 49.5852 1.6002 1.8213
Car -1 -1 -1.5075 576.3618 179.7393 597.9115 197.9121 1.4945 1.5860 3.9623 -1.7360 1.0452 61.1199 -1.5359 1.1175
Car -1 -1 -1.4168 446.4843 167.4369 472.6978 185.2388 1.4845 1.6211 3.9983 -12.7492 0.0031 61.9769 -1.6197 0.7078
Car -1 -1 -1.3532 427.9020 180.0736 471.0329 207.2047 1.4761 1.6051 3.8860 -9.0095 1.1975 41.0505 -1.5692 -0.5437
