Car -1 -1 -1.0905 155.0205 187.7912 315.9760 264.5226 1.4558 1.5676 3.6691 -7.9244 1.5195 15.6015 -1.5605 13.7281
Car -1 -1 -1.7750 695.1651 187.3160 799.8130 262.7085 1.4683 1.5587 3.4718 2.9086 1.5209 15.8473 -1.5935 13.5093
Car -1 -1 -1.3344 373.6970 181.6159 488.7742 266.6054 1.6003 1.5716 3.5867 -3.6690 1.5337 15.3267 -1.5693 12.8447
Car -1 -1 -1.4046 450.7526 181.4255 520.5524 232.6734 1.5267 1.6078 3.9099 -3.9164 1.4149 23.3666 -1.5707 11.6612
Car -1 -1 -0.9030 0.0000 199.5563 296.5562 375.0000 1.4840 1.5724 3.9504 -3.6410 1.6151 4.5257 -1.5805 11.2115
Car -1 -1 -1.6893 643.3609 181.2172 686.7100 212.7174 1.4580 1.6507 3.9741 2.7209 1.2740 35.2872 -1.6123 9.7425
Car -1 -1 -1.2863 337.2132 185.1747 415.6178 228.0736 1.4221 1.6342 3.9467 -8.2414 1.4219 25.8195 -1.5953 6.9235
Car -1 -1 -1.4275 489.5812 182.2886 533.0619 215.2710 1.4845 1.5570 3.5428 -4.5589 1.3539 34.1301 -1.5602 6.4866
Car -1 -1 -1.5914 587.2417 178.3401 610.9149 200.5958 1.5232 1.6001 3.6348 -0.6656 1.0538 51.0386 -1.6044 6.1844
Car -1 -1 -1.6450 666.8949 164.1571 694.0044 185.6365 1.4572 1.5989 4.1210 5.0826 0.0297 50.8437 -1.5454 5.9176
Car -1 -1 -1.3838 440.1898 170.9158 478.3424 195.7598 1.4277 1.5950 3.6397 -8.8895 0.6071 43.1401 -1.5870 4.6220
Car -1 -1 -1.5292 520.3516 180.9166 547.3400 204.2959 1.4474 1.5798 3.8198 -4.7635 1.1824 46.4546 -1.6314 4.0292
Car -1 -1 -1.6036 619.9343 181.6883 637.1971 197.0200 1.4345 1.5413 3.3765 1.9698 1.1056 68.9465 -1.5750 1.9107
Car -1 -1 -1.4721 575.7815 181.0435 599.8957 200.1778 1.4957 1.5878 3.7653 -1.5944 1.1707 58.1222 -1.4996 0.8794
