Car -1 -1 -1.7665 682.3397 186.3656 768.2409 246.1745 1.3733 1.5149 3.2998 2.8416 1.4063 18.2462 -1.6120 13.8593
Cyclist -1 -1 1.7384 487.2323 178.6748 500.2763 203.6726 1.6962 0.6186 1.6854 -7.8833 1.2535 49.6206 1.5808 -0.6317
Pedestrian -1 -1 -1.5721 603.4532 179.9528 614.1080 211.8713 1.8074 0.6033 0.7292 0.0298 1.5105 41.0673 -1.5714 0.9205
Car -1 -1 -1.3749 432.9220 178.4227 504.3663 229.2007 1.4977 1.5683 3.6156 -4.4062 1.2984 23.0116 -1.5641 13.4412
Car -1 -1 -1.2409 231.5631 186.5790 445.6037 312.9278 1.5068 1.6430 4.2225 -3.7561 1.5323 10.7313 -1.5776 12.8508
Car -1 -1 -1.0493 93.6795 186.6374 284.3884 270.3988 1.4306 1.5677 3.7732 -8.0888 1.4636 14.2280 -1.5662 12.4537
Car -1 -1 -1.3139 384.9557 171.3219 446.7793 213.3192 1.8147 1.7344 4.2403 -8.8009 1.2155 33.1810 -1.5732 7.9079
Car -1 -1 -1.4434 494.6782 181.3765 534.9332 211.2059 1.4069 1.5514 3.4772 -4.5922 1.2270 35.6402 -1.5715 7.2389
Car -1 -1 -1.5740 586.2206 176.0825 615.4057 203.2352 1.5404 1.6561 3.8892 -0.4484 1.0234 42.7323 -1.5845 7.2049
Car -1 -1 -1.6341 630.2322 179.4427 659.6507 203.2576 1.4415 1.6148 3.7222 2.2854 1.0932 45.3799 -1.5838 6.5482
Car -1 -1 -0.7334 0.0000 186.9405 195.8132 375.0000 1.4572 1.5736 3.7502 -3.5059 1.4698 2.8834 -1.6159 6.5304
Car -1 -1 -1.5007 521.2817 179.1909 550.3381 203.1237 1.4799 1.6029 3.8356 -4.6274 1.1085 46.3878 -1.6001 2.3458
Car -1 -1 -1.5531 574.7932 179.8078 597.9126 201.6838 1.4929 1.5733 3.9095 -1.5075 1.1250 51.0175 -1.5826 0.9280
Car -1 -1 -1.4000 434.1979 164.3483 475.1789 190.8178 1.4916 1.6606 4.3923 -9.0624 0.3168 42.7302 -1.6090 0.0289
