Car -1 -1 -1.2194 197.4874 191.8385 404.1804 321.1133 1.4849 1.5348 3.5518 -4.1664 1.5970 10.2396 -1.6058 14.9850
Pedestrian -1 -1 2.1022 178.8057 167.9801 226.8130 252.2105 1.8266 0.6571 0.7157 -9.0219 1.4540 15.9484 1.5874 0.0475
Car -1 -1 -1.3806 422.8722 186.7080 497.1756 238.4820 1.4004 1.5384 3.3621 -4.3191 1.4491 21.2269 -1.5813 12.9885
Car -1 -1 -2.0672 834.4462 188.5680 1240.0000 375.0000 1.5953 1.6258 3.7861 3.2047 1.6327 5.8741 -1.5678 11.7688
Car -1 -1 -0.8734 0.0000 196.9858 136.2866 340.0457 1.4248 1.5616 3.8833 -8.2647 1.6126 9.4362 -1.5927 11.6771
Car -1 -1 -1.5817 592.1009 182.4141 628.8615 218.2259 1.5202 1.5610 3.2817 0.0653 1.4024 32.1599 -1.5797 11.0150
Car -1 -1 -1.0992 138.3009 170.3747 307.7248 257.5910 1.7046 1.6632 4.0412 -8.4138 1.4156 16.0749 -1.5814 9.5947
Car -1 -1 -1.4415 477.0030 183.3336 530.4370 224.0440 1.4965 1.5905 3.9685 -4.0764 1.4284 28.4151 -1.5839 8.9904
Car -1 -1 -1.3567 405.1451 183.3764 459.5401 218.0946 1.4934 1.6250 3.9034 -7.9860 1.4154 32.8890 -1.5950 6.9673
Car -1 -1 -1.6322 632.0749 184.3152 657.9380 205.5693 1.4331 1.5795 3.6541 2.5535 1.3735 50.3009 -1.5815 5.7098
Car -1 -1 -1.3568 433.7975 169.6782 473.9901 194.7274 1.4449 1.5964 3.8282 -9.2581 0.5498 43.3793 -1.5671 4.3961
Car -1 -1 1.7960 471.6715 180.1380 502.2592 198.9920 1.4836 1.5943 4.0670 -9.8260 1.0852 58.6408 1.6300 2.2158
Car -1 -1 1.7100 491.4439 176.2577 513.0578 191.8069 1.4727 1.5852 3.6924 -10.2416 0.6254 69.9318 1.5646 1.5157
Car -1 -1 -1.6222 580.7896 183.5953 611.6758 211.1033 1.4960 1.5637 3.7170 -0.7237 1.4090 40.9976 -1.6399 0.8406
Car -1 -1 -1.2306 296.5765 168.6541 401.0496 233.2771 1.9452 1.8166 4.6437 -8.5032 1.4478 23.9564 -1.5717 -0.4749
