Car -1 -1 -1.2871 244.1541 192.0777 378.1918 276.9363 1.4203 1.5074 3.4598 -5.7065 1.5733 14.1152 -1.6713 13.4579
Cyclist -1 -1 0.0728 479.3844 176.6600 499.3446 195.9201 1.6822 0.5394 1.6954 -10.4028 0.9360 63.1257 -0.0905 0.0313
Pedestrian -1 -1 -1.2101 360.6502 174.9336 377.9275 211.5850 1.8170 0.5959 0.7511 -11.9777 1.3084 36.0203 -1.5311 -0.3765
Car -1 -1 -1.7647 640.1029 180.7826 757.0081 272.0933 1.6168 1.6281 3.7420 1.6570 1.5395 14.6558 -1.6522 13.0044
Car -1 -1 -1.3659 351.4591 189.4411 437.2892 244.2234 1.3923 1.5950 3.8497 -6.0281 1.5260 20.5550 -1.6512 12.7140
Car -1 -1 -1.5472 523.1562 182.6317 565.3283 222.1804 1.4743 1.5695 3.4259 -2.5198 1.3791 28.5540 -1.6352 12.1833
Car -1 -1 -1.1450 116.0452 164.3011 284.6666 254.1358 2.0149 1.8723 5.0254 -10.3421 1.5470 18.6986 -1.6502 11.1818
Car -1 -1 -0.9359 0.0000 192.7029 200.9792 375.0000 1.5594 1.5790 3.9201 -4.9745 1.6399 5.5958 -1.6626 9.4201
Car -1 -1 1.5287 564.3263 180.3723 588.1310 200.6047 1.5355 1.6915 4.3123 -2.5400 1.1691 56.7751 1.4840 4.4057
Car -1 -1 1.7271 416.2501 175.2920 441.0406 192.6927 1.4633 1.5370 3.6586 -15.5115 0.6299 62.3374 1.4833 3.7271
Car -1 -1 1.7376 391.4459 179.5799 454.1209 222.9919 1.5991 1.7017 4.5091 -7.3463 1.3927 28.7934 1.4878 3.0515
Car -1 -1 -1.2908 298.7662 181.6047 370.8342 222.0016 1.4668 1.5967 3.9809 -10.6238 1.3368 28.1457 -1.6517 2.8950
Car -1 -1 -1.3021 340.4084 169.3918 392.3268 199.7548 1.5117 1.6157 3.8722 -12.6408 0.7250 37.7630 -1.6252 2.7927
Car -1 -1 1.6900 442.0984 177.6942 479.2926 205.2666 1.4830 1.6053 3.9544 -8.3018 1.0796 40.6972 1.4888 2.6756
Car -1 -1 -1.5133 511.8623 185.3156 545.7077 214.6640 1.4675 1.5611 3.7503 -4.1455 1.4741 37.8658 -1.6224 1.2534
Car -1 -1 -1.6954 476.3644 179.0941 499.2334 196.1235 1.4818 1.5873 3.5785 -10.7952 0.9503 64.4895 -1.8613 -0.2830
