Car -1 -1 -1.3160 340.3935 179.7129 462.7742 261.8129 1.4831 1.5444 3.6126 -4.1397 1.3848 14.8017 -1.5887 14.2748
Car -1 -1 -1.0591 124.3964 185.7706 295.8438 263.2292 1.4439 1.5641 3.6918 -8.2835 1.4582 15.2800 -1.5558 12.2560
Car -1 -1 -1.6842 656.5125 179.3342 700.4813 212.2188 1.3933 1.5638 3.4992 3.0829 1.1452 32.2160 -1.5888 10.8974
Car -1 -1 -1.4052 469.3455 180.2314 526.1103 218.6168 1.3717 1.5728 3.6076 -4.1773 1.1947 27.4997 -1.5560 10.5621
Car -1 -1 -1.2440 301.4814 167.9039 395.8451 227.2179 1.7824 1.6842 4.1103 -8.4369 1.2633 23.6663 -1.5865 8.9863
Car -1 -1 -1.5407 594.3352 175.7645 626.8394 207.4942 1.5519 1.5692 3.2798 0.1504 1.0908 36.8206 -1.5366 8.3719
Car -1 -1 -1.4653 514.0272 178.2900 550.8220 206.5013 1.4311 1.5669 3.7498 -3.9999 1.0809 38.3375 -1.5692 6.9882
Car -1 -1 -1.5884 626.2929 176.1927 645.2273 193.2104 1.4465 1.5868 3.7824 2.4190 0.6807 63.0074 -1.5501 4.3284
Car -1 -1 -1.4002 446.4294 177.5185 487.9694 205.7790 1.4658 1.6086 3.7544 -7.6352 1.0677 39.1758 -1.5926 3.3949
Car -1 -1 -1.3751 495.7580 173.6532 520.2725 189.6043 1.4751 1.5831 3.9175 -9.4749 0.4070 68.4737 -1.5126 2.5414
Car -1 -1 -1.4353 584.5729 177.5134 617.9414 202.3734 1.4690 1.5622 3.8346 -0.3853 1.0150 44.4735 -1.4439 2.2197
Car -1 -1 -1.3977 458.8681 163.1027 492.6080 185.3255 1.4810 1.6165 4.1630 -9.1535 0.0084 49.9920 -1.5788 1.0198
Car -1 -1 -1.2981 379.0009 163.4178 443.3388 201.9089 1.5778 1.6628 4.1570 -8.5709 0.6854 31.5478 -1.5634 0.2207
Car -1 -1 1.4511 693.0833 176.2863 729.6392 203.9759 1.4917 1.5905 3.8321 5.7828 1.0118 40.6555 1.5924 -0.5799
Car -1 -1 1.7804 476.9786 163.2881 513.4972 185.7902 1.4887 1.6460 4.2616 -7.7520 0.0391 49.7263 1.6258 -0.6994
