Car -1 -1 -1.2973 284.0761 192.0412 404.7648 266.8028 1.3746 1.5171 3.4918 -5.5171 1.5385 15.3375 -1.6426 14.5758
Pedestrian -1 -1 -2.4224 0.0000 198.2231 120.3194 375.0000 1.7240 0.6066 0.7103 -4.2123 1.8268 5.2959 -3.0943 -0.1732
Car -1 -1 -1.7937 661.0068 182.4454 793.7879 281.8041 1.6156 1.6352 3.7767 2.0512 1.5717 13.6284 -1.6443 13.5011
Car -1 -1 -1.3896 378.4375 189.4974 453.0195 240.0870 1.3727 1.5283 3.7244 -5.7522 1.5147 21.7411 -1.6483 13.0188
Car -1 -1 -1.5516 533.9767 181.0200 576.2833 221.6172 1.5497 1.6136 3.4975 -2.1436 1.3907 29.2264 -1.6248 12.6357
Car -1 -1 -1.0180 0.0000 196.7929 255.7456 375.0000 1.5184 1.5667 3.7534 -4.8917 1.6579 6.6583 -1.6516 11.6926
Car -1 -1 -1.1784 149.7846 165.4229 302.0037 252.7462 2.0577 1.8601 4.9542 -10.1268 1.5924 19.4839 -1.6577 10.8548
Car -1 -1 1.7228 410.0756 181.4419 467.3623 221.9098 1.5567 1.6780 4.3308 -6.9732 1.4126 29.8722 1.4935 5.3202
Car -1 -1 -1.3405 358.4795 169.5482 406.7130 201.3044 1.6212 1.6433 3.8395 -12.0766 0.8225 38.6692 -1.6432 5.1407
Car -1 -1 1.5140 573.4775 179.0248 597.5797 199.0951 1.5114 1.6409 4.2809 -1.7924 1.0463 56.3351 1.4822 4.4851
Car -1 -1 1.7522 427.9940 175.0212 454.0446 192.1457 1.4683 1.5803 3.8360 -14.7237 0.5953 63.5836 1.5247 4.2533
Car -1 -1 1.6975 453.5270 179.6611 489.7426 206.0990 1.4684 1.5903 3.9581 -7.9196 1.1610 41.9457 1.5109 3.7128
Car -1 -1 -1.5312 525.8531 184.8122 558.2106 213.4579 1.4620 1.5835 3.8284 -3.5185 1.4425 38.6360 -1.6220 1.9640
Car -1 -1 2.1130 135.9186 168.2346 178.4437 185.2019 1.4761 1.5567 3.6731 -40.3141 -0.0001 64.3862 1.5536 0.2451
