Car -1 -1 -1.3435 384.7605 178.1494 482.0158 245.1725 1.5169 1.5726 3.7381 -4.3200 1.3581 18.1402 -1.5772 14.6864
Pedestrian -1 -1 1.8588 338.5967 168.4056 361.5571 217.8686 1.7379 0.6421 0.5396 -9.1923 1.1484 25.5417 1.5134 0.0176
Car -1 -1 -1.1790 218.6704 182.6719 342.6309 243.2193 1.4210 1.5519 3.9650 -8.4612 1.3624 18.8714 -1.6005 13.9982
Car -1 -1 -1.7078 663.7055 180.0263 723.8226 224.2372 1.4148 1.5709 3.5547 2.8530 1.2499 24.7954 -1.5932 13.3023
Car -1 -1 -1.4277 479.2132 180.8817 526.9498 215.6449 1.3982 1.5422 3.4101 -4.4378 1.2250 30.6152 -1.5717 10.9049
Car -1 -1 -0.8844 0.0000 189.6864 295.9689 375.0000 1.5665 1.6041 3.9448 -3.6600 1.6078 4.4808 -1.5693 10.8830
Car -1 -1 -1.2585 341.2238 169.8318 421.0933 220.3598 1.7839 1.7068 4.1700 -8.5827 1.2419 27.4681 -1.5613 8.8359
Car -1 -1 -1.5628 587.2040 175.6055 618.9448 206.4379 1.6220 1.6699 3.7584 -0.2747 1.1176 39.6935 -1.5698 8.5801
Car -1 -1 -1.6265 625.9380 176.3652 649.6075 196.1188 1.4465 1.5856 3.6473 2.2275 0.7995 54.4698 -1.5856 4.3694
Car -1 -1 -1.4540 515.1600 175.7209 550.4242 201.8289 1.4462 1.6022 3.8354 -4.3339 0.9214 41.7432 -1.5575 3.3002
Car -1 -1 -1.4247 458.4248 177.4562 494.0280 203.1992 1.5198 1.6054 3.9756 -8.1092 1.0629 44.4513 -1.6052 2.7479
Car -1 -1 -1.5314 577.3159 178.3877 604.0348 202.0364 1.4873 1.6013 3.9435 -1.1079 1.0590 47.1900 -1.5548 1.7231
Car -1 -1 1.8120 576.5428 165.5858 605.4041 183.8327 1.5475 1.6308 4.0355 -1.4552 -0.1250 63.4326 1.7891 0.9076
Car -1 -1 1.6263 543.1852 174.5025 562.7319 191.4057 1.5204 1.5953 3.8782 -5.0591 0.5579 66.6111 1.5505 0.3991
