Car -1 -1 -1.4369 397.4521 179.5397 481.3053 247.3079 1.5550 1.5982 3.7515 -4.2507 1.4259 18.4329 -1.6635 13.0474
Car -1 -1 -1.1125 0.0000 189.3785 233.6323 298.3040 1.4995 1.6371 4.4312 -8.2154 1.5856 12.3699 -1.6988 12.8631
Car -1 -1 -1.3127 272.1387 183.4773 360.1447 231.7047 1.4403 1.6425 4.2704 -9.5150 1.3895 23.6846 -1.6947 10.6148
Car -1 -1 -1.5778 526.9204 176.3206 580.6432 230.0699 1.6279 1.6278 3.7023 -1.8361 1.3596 23.6810 -1.6552 9.4079
Car -1 -1 -1.3504 342.4870 183.4050 400.7104 217.1304 1.4359 1.6398 4.2084 -10.7146 1.3599 32.7748 -1.6664 8.4948
Car -1 -1 -1.0124 0.0000 187.7037 125.2931 274.9609 1.5259 1.6329 3.9469 -11.8971 1.5852 14.7417 -1.6914 5.5822
Car -1 -1 -1.3289 319.6041 179.3785 360.6984 202.9429 1.4433 1.6047 3.7889 -17.0928 1.0869 45.9994 -1.6847 4.5190
Car -1 -1 -1.2089 251.3783 183.8895 314.9471 215.5509 1.4609 1.5836 3.8086 -15.8034 1.4008 35.1140 -1.6318 3.9861
Car -1 -1 -1.1385 118.6150 163.1577 245.1726 232.1629 2.0699 1.8275 4.6719 -14.0327 1.4094 23.9726 -1.6681 3.8802
Car -1 -1 -1.3576 365.9795 182.2571 407.5407 210.6877 1.5237 1.5385 3.4235 -12.3652 1.3662 40.2920 -1.6554 3.6991
Car -1 -1 2.1212 330.7753 166.0398 373.4777 183.8115 1.4898 1.6439 4.0382 -22.2708 -0.1256 62.7444 1.7801 0.4581
Car -1 -1 -1.3697 395.6388 173.9141 431.6906 197.1303 1.4568 1.5757 3.6667 -12.6621 0.7487 46.9817 -1.6330 0.4366
Car -1 -1 -1.5146 512.1388 178.3746 533.9943 196.8169 1.4635 1.5779 3.6666 -6.9272 0.9218 58.9210 -1.6317 0.3760
Car -1 -1 -1.0603 556.6794 170.5126 590.6876 186.4281 1.4675 1.5854 3.7798 -3.2135 0.1129 68.3257 -1.1073 -0.1392
