Car -1 -1 -1.2922 331.8601 179.8883 462.8918 266.8203 1.5441 1.5963 3.6252 -4.1510 1.4506 14.5784 -1.5696 14.0683
Pedestrian -1 -1 1.8003 360.2948 192.4642 401.9933 259.7265 1.2994 0.6532 0.7001 -4.5590 1.4489 14.3383 1.4924 0.0571
Car -1 -1 -1.0808 118.7207 186.0948 292.2226 261.7913 1.3854 1.5683 3.7711 -8.2669 1.4073 15.0911 -1.5819 13.8806
Car -1 -1 -1.4303 468.2460 179.1117 523.5281 219.4513 1.4298 1.5843 3.6006 -4.2158 1.2146 27.2861 -1.5836 11.2768
Car -1 -1 -1.6876 655.4892 179.3940 697.2005 211.5129 1.3895 1.5203 3.1697 3.0404 1.1388 32.6971 -1.5949 10.6703
Car -1 -1 -1.5639 593.5181 175.5728 627.0919 207.4283 1.5495 1.6334 3.6687 0.1094 1.0816 36.8042 -1.5609 9.2656
Car -1 -1 -1.2557 297.6469 166.8146 393.5261 227.7013 1.8081 1.7268 4.1530 -8.4537 1.2628 23.4462 -1.6017 9.0948
Car -1 -1 -1.4756 513.4622 178.8903 550.0454 207.2947 1.4307 1.5817 3.7216 -4.0084 1.1133 38.0738 -1.5805 6.2403
Car -1 -1 -1.3877 442.2716 174.9807 487.0371 204.3654 1.5114 1.6420 4.2515 -7.7483 0.9861 39.1058 -1.5833 5.5975
Car -1 -1 -1.6139 624.4954 176.4323 644.7392 193.6741 1.4776 1.6156 3.9450 2.3381 0.7260 63.5808 -1.5771 4.9601
Car -1 -1 -1.3998 494.5564 174.6058 518.3800 190.5493 1.4731 1.5906 3.9983 -9.6171 0.4939 68.4376 -1.5394 2.5100
Car -1 -1 -1.3908 458.1205 162.2340 491.6777 184.6251 1.4751 1.5938 3.9212 -9.1098 -0.0411 49.4204 -1.5731 1.0325
Car -1 -1 -1.3785 581.5223 176.9918 618.2834 201.9622 1.4735 1.5697 3.8362 -0.4661 0.9893 44.4434 -1.3890 0.9334
Car -1 -1 1.6515 539.7545 176.9581 561.9733 195.1893 1.4808 1.5518 3.8993 -4.7578 0.8112 60.3337 1.5728 -0.0878
