Car -1 -1 -1.7396 670.6701 181.1343 741.9237 233.8861 1.4299 1.5279 3.2858 2.7768 1.3204 21.1521 -1.6090 13.4736
Car -1 -1 -1.3580 407.0964 178.8570 491.7162 237.9304 1.5313 1.6010 3.7097 -4.4481 1.3676 20.4858 -1.5718 13.4331
Car -1 -1 -1.2058 263.6850 183.6889 367.8040 236.6597 1.4277 1.5932 3.8121 -8.5543 1.3877 21.2904 -1.5879 12.3076
Car -1 -1 -1.1052 12.7483 178.1974 390.5906 375.0000 1.5270 1.6191 4.0663 -3.7303 1.4753 7.4492 -1.5694 12.1694
Car -1 -1 -1.4536 486.0234 181.0329 528.9122 213.1044 1.3945 1.5415 3.6358 -4.5959 1.2138 33.0873 -1.5916 9.9285
Car -1 -1 -1.2980 362.9985 171.0246 431.4694 217.2988 1.8057 1.6995 4.1348 -8.7605 1.2531 30.1238 -1.5811 9.3944
Car -1 -1 -0.9671 0.0000 188.9598 193.2247 307.4860 1.4713 1.5617 3.6149 -8.0933 1.5387 10.8703 -1.6071 9.3292
Car -1 -1 -1.5722 584.2425 175.8074 614.6772 204.2793 1.5565 1.6642 3.7604 -0.5084 1.0433 41.1857 -1.5845 7.1077
Car -1 -1 -1.6334 625.0752 179.7343 651.6631 201.3650 1.4424 1.6042 3.7198 2.0662 1.0780 49.8070 -1.5919 4.9200
Car -1 -1 -1.4774 515.2783 177.4651 547.1694 201.9625 1.4379 1.5958 3.8555 -4.6807 0.9841 44.1266 -1.5831 4.8305
Car -1 -1 -1.3446 420.1532 164.0498 468.2287 194.6079 1.5960 1.6723 4.2692 -8.9869 0.4917 39.6795 -1.5673 1.1288
Car -1 -1 3.3205 425.9305 175.3987 489.6080 198.6503 1.4742 1.6044 3.8024 -9.6733 0.8529 46.4265 3.1151 0.4260
Car -1 -1 -1.5153 575.1268 178.2575 601.5311 200.7938 1.4733 1.5877 3.8572 -1.3094 1.0196 48.9428 -1.5421 0.3499
Car -1 -1 -1.4699 677.6671 177.1621 700.5166 194.6684 1.4766 1.5867 4.0260 7.1199 0.7984 62.7648 -1.3569 0.2014
