Car -1 -1 -1.3180 377.6742 178.9797 479.5628 249.4470 1.5382 1.5697 3.4756 -4.2697 1.4032 17.4357 -1.5582 14.8446
Car -1 -1 -1.1416 205.3324 182.9118 334.8548 245.4191 1.4146 1.5552 3.6692 -8.3852 1.3636 18.1027 -1.5754 14.4874
Car -1 -1 -1.7108 663.0897 180.4606 718.0437 223.3032 1.4556 1.5274 3.2499 2.9024 1.2952 26.0660 -1.5999 12.3156
Car -1 -1 -1.4164 477.7480 180.1526 527.0395 216.7249 1.4357 1.5267 3.3951 -4.3644 1.2380 29.9198 -1.5612 10.8488
Car -1 -1 -0.7855 0.0000 194.8773 257.0755 375.0000 1.4999 1.6333 4.0357 -3.5595 1.5754 3.5105 -1.5779 10.2891
Car -1 -1 -1.2357 334.1031 168.5393 420.0821 221.7475 1.8212 1.7363 4.2591 -8.4989 1.2515 26.7536 -1.5433 9.8392
Car -1 -1 -1.5769 589.3961 174.5070 621.3198 205.8286 1.6245 1.6561 3.6063 -0.1740 1.0702 39.0909 -1.5814 9.0674
Car -1 -1 -1.3657 456.1091 178.2314 495.9587 204.1527 1.4914 1.6234 3.7854 -7.9032 1.0907 43.2680 -1.5463 3.6679
Car -1 -1 1.5354 623.2462 175.8450 646.7577 196.0066 1.5164 1.6813 4.1832 2.0784 0.8127 56.1554 1.5723 3.4038
Car -1 -1 -1.4735 580.8310 178.7917 611.1032 202.6219 1.4821 1.5883 4.0173 -0.7496 1.0837 46.7706 -1.4895 2.7028
Car -1 -1 -1.4562 516.0005 175.3105 551.8008 202.1108 1.4654 1.6050 3.9564 -4.2211 0.9249 41.2903 -1.5581 2.6973
Car -1 -1 1.4649 695.3959 165.1222 718.9469 183.2673 1.4982 1.5950 3.8995 8.4963 -0.1716 61.7485 1.6016 2.1237
