Car -1 -1 -1.2180 221.3658 187.0285 422.4276 310.8372 1.5455 1.6063 3.6922 -4.1192 1.5788 10.8774 -1.5800 13.8115
Pedestrian -1 -1 2.1972 215.1474 169.8000 258.2555 244.9976 1.7533 0.6390 0.6764 -8.8866 1.3950 17.1390 1.7189 0.5674
Car -1 -1 -1.3746 437.1208 185.4709 509.2884 234.1390 1.3951 1.5543 3.4911 -4.1443 1.4048 22.3762 -1.5577 12.9624
Car -1 -1 -0.9176 0.0000 191.0755 173.2796 316.1306 1.4636 1.5301 3.6413 -8.1926 1.5646 10.4119 -1.5842 12.0859
Car -1 -1 -1.4280 488.4111 181.7327 539.5291 218.4878 1.4324 1.5657 3.9750 -3.8818 1.2978 30.0093 -1.5567 10.1520
Car -1 -1 -1.1225 177.4822 171.4496 330.6659 254.2108 1.7561 1.6727 4.1095 -8.3433 1.4651 17.3048 -1.5717 9.9888
Car -1 -1 -1.6049 595.0012 178.7556 633.2299 214.5271 1.5448 1.6146 3.5954 0.2094 1.2670 32.8605 -1.5985 9.6647
Car -1 -1 -2.3139 942.6558 195.1730 1240.0000 375.0000 1.5343 1.5440 3.5781 3.1826 1.6087 3.4899 -1.5745 9.5350
Car -1 -1 -1.6383 636.9550 181.9518 663.8765 203.9283 1.4194 1.5626 3.4945 2.8046 1.2097 48.1785 -1.5802 8.9441
Car -1 -1 -1.3365 414.5956 180.9973 471.0326 215.0618 1.4967 1.6547 4.1582 -7.6782 1.3125 33.6676 -1.5607 6.9677
Car -1 -1 1.7564 441.2764 163.5586 479.7910 189.3462 1.5173 1.6254 3.9421 -9.0407 0.2442 44.2765 1.5550 4.1027
Car -1 -1 1.6633 530.4467 179.2071 558.0572 202.1083 1.5389 1.5862 3.6981 -4.4162 1.1363 50.1546 1.5755 2.8757
Car -1 -1 -1.5016 584.4108 181.4791 615.6135 208.1982 1.4726 1.5520 3.6919 -0.4356 1.2678 41.5048 -1.5121 1.8340
Car -1 -1 -1.2420 309.7146 168.2283 405.6201 226.1666 1.8062 1.7444 4.4714 -8.4664 1.2778 24.6443 -1.5729 1.6762
