Car -1 -1 -1.2180 126.3333 195.7943 299.5070 289.3205 1.3819 1.5327 3.6956 -6.9545 1.6028 12.9919 -1.7095 13.5740
Car -1 -1 -1.6850 546.2491 178.5593 623.3751 244.4124 1.6090 1.6499 3.7724 -0.7620 1.4475 19.5503 -1.7240 13.2596
Car -1 -1 -1.3375 264.0569 185.7666 360.7632 240.0997 1.4521 1.6719 4.5426 -8.7708 1.4716 21.6275 -1.7228 12.2624
Car -1 -1 -1.5346 450.4396 180.9296 501.1379 229.5984 1.5409 1.5818 3.2747 -4.4761 1.4063 24.4898 -1.7154 11.1272
Car -1 -1 -0.9085 0.0000 186.1256 119.2630 375.0000 1.6138 1.6196 4.0614 -6.2851 1.6255 6.2445 -1.6971 8.7469
Car -1 -1 -1.4277 355.5574 183.4525 405.3244 217.1889 1.4616 1.6280 4.1105 -10.4904 1.3864 33.3001 -1.7329 8.0179
Car -1 -1 -1.2667 233.7930 167.4832 305.9493 210.4636 1.7606 1.7079 4.1366 -14.7843 1.0354 31.6063 -1.7042 5.4248
Car -1 -1 -1.3776 345.0550 181.2760 374.9125 200.8025 1.4472 1.5515 3.3340 -18.9503 1.1564 55.0334 -1.7092 4.5728
Car -1 -1 -1.6049 417.5398 176.7387 440.6950 196.6974 1.5235 1.6428 3.9501 -14.2063 0.8776 56.9935 -1.8492 4.2749
Car -1 -1 -1.0114 0.0000 178.4770 111.2815 285.1379 1.7100 1.6897 4.1050 -11.5261 1.6031 13.6722 -1.7119 3.9958
Car -1 -1 -1.1761 151.1780 183.1293 265.5871 238.7920 1.5769 1.6535 4.1492 -12.3809 1.5190 22.5134 -1.6789 0.6652
Car -1 -1 -1.5828 509.8881 180.2466 529.9749 198.5892 1.4485 1.5777 3.6450 -7.2061 1.0572 58.6751 -1.7050 0.3480
