Car -1 -1 -1.2618 175.4096 188.5681 311.4937 260.1217 1.4795 1.6372 4.4503 -8.6470 1.5727 17.4014 -1.7230 13.9787
Pedestrian -1 -1 -1.0429 113.3221 187.5934 155.1521 250.2747 1.4936 0.6164 0.6315 -11.5557 1.5537 17.4836 -1.6269 -0.2554
Car -1 -1 -1.0191 0.0000 198.9195 178.2209 369.3323 1.4063 1.6092 4.0828 -6.8721 1.6083 8.4017 -1.7047 13.3445
Car -1 -1 -1.6607 525.6165 180.6007 591.7865 238.7422 1.5767 1.6248 3.6457 -1.5819 1.4527 21.4217 -1.7344 12.8364
Car -1 -1 -1.4773 422.8369 182.9157 486.2636 238.1557 1.5384 1.5735 3.3071 -4.6024 1.4755 21.7486 -1.6859 11.1341
Car -1 -1 -1.3557 316.5175 186.5050 382.6328 225.4268 1.4386 1.6307 4.2473 -10.3248 1.4956 28.9230 -1.6985 9.8643
Car -1 -1 -1.1061 65.3018 186.1106 216.5079 251.4490 1.5380 1.6560 4.1984 -12.2565 1.5657 19.1516 -1.6754 7.6821
Car -1 -1 -1.4151 361.2304 183.9248 404.1824 214.0775 1.5005 1.5993 3.6826 -11.7785 1.4374 37.7072 -1.7178 6.2215
Car -1 -1 -1.2165 183.9625 167.1545 272.3819 212.1731 1.6179 1.6886 4.2057 -14.7032 0.9699 28.0248 -1.6997 3.7705
Car -1 -1 -1.5003 405.5802 178.2746 432.6696 200.0279 1.5324 1.6473 3.9940 -13.8217 1.0446 52.7505 -1.7565 3.6287
Car -1 -1 -1.4271 551.2770 167.2025 577.4209 185.8078 1.4721 1.6002 3.8791 -3.5351 0.0480 58.8738 -1.4871 1.8803
Car -1 -1 -1.5883 502.0071 182.6475 522.7673 201.1525 1.4691 1.6185 3.9948 -7.8895 1.2663 59.1602 -1.7209 1.2849
Car -1 -1 3.3684 241.7592 186.0728 320.8378 214.4568 1.4727 1.5637 3.5965 -17.4463 1.5210 38.4831 2.9428 -0.7941
