Car -1 -1 -1.3009 298.4087 191.2284 414.8693 263.6111 1.3886 1.5223 3.5806 -5.4631 1.5383 15.9243 -1.6314 14.9186
Cyclist -1 -1 0.0851 495.3445 176.4548 514.8998 195.2838 1.6959 0.5540 1.7120 -9.2950 0.9079 65.0675 -0.0568 0.4338
Car -1 -1 -1.8024 670.2601 181.2586 812.3312 284.2595 1.5967 1.6543 3.8152 2.2013 1.5365 13.0972 -1.6359 14.3896
Car -1 -1 -1.0522 0.0000 191.7376 277.9136 375.0000 1.5039 1.5633 3.7255 -4.8322 1.5870 7.1127 -1.6489 13.8172
Car -1 -1 -1.5707 539.0333 181.0763 580.7420 221.6065 1.5602 1.6053 3.4732 -2.0004 1.4020 29.4562 -1.6385 11.8135
Car -1 -1 -1.3939 388.5700 187.4631 461.8200 238.1160 1.4273 1.5552 3.8424 -5.6310 1.5046 22.3974 -1.6402 11.7368
Car -1 -1 -1.1856 166.0659 165.2895 315.0250 250.9293 2.0704 1.8811 5.0934 -9.9855 1.5898 19.9871 -1.6490 10.1181
Car -1 -1 -1.6675 576.8911 183.4652 601.9011 202.5146 1.4235 1.5874 3.6115 -1.4661 1.2938 55.6025 -1.6938 5.9412
Car -1 -1 -1.4712 460.7697 184.1330 493.8261 209.5053 1.4388 1.5747 3.6689 -7.7241 1.3785 42.6511 -1.6504 4.6247
Car -1 -1 -1.3362 362.4265 172.7040 412.7673 206.8427 1.7639 1.7154 4.1277 -11.9776 1.1186 39.2513 -1.6323 3.9155
Car -1 -1 -1.0006 0.0000 159.8375 118.1624 277.5416 1.4565 1.5255 3.5927 -9.1860 1.1436 10.7747 -1.7066 3.8592
Car -1 -1 -1.4530 530.1735 184.1557 567.6396 212.6529 1.4623 1.5805 3.8131 -3.1588 1.4090 38.8179 -1.5342 2.4503
Car -1 -1 1.8058 412.8006 178.6894 447.0235 199.3250 1.4586 1.5629 3.9564 -13.0324 0.9984 52.7899 1.5637 1.3830
Car -1 -1 -1.5504 497.3704 180.3938 515.0934 196.3910 1.4415 1.5579 3.3996 -9.3853 1.0081 66.5507 -1.6905 0.0120
Car -1 -1 -1.4299 435.2779 176.2994 458.4965 192.8708 1.4462 1.5606 3.4970 -14.4235 0.6692 64.5372 -1.6498 -0.1975
