Car -1 -1 -1.3532 404.2438 180.9329 489.4355 239.4531 1.4755 1.5651 3.5535 -4.3942 1.3687 19.8986 -1.5705 13.8684
Car -1 -1 -1.1944 252.9349 182.6405 361.3221 238.5475 1.4580 1.5774 3.8022 -8.5399 1.3920 20.6569 -1.5864 13.5681
Car -1 -1 -1.7467 667.3062 181.4719 737.9779 231.5502 1.4087 1.5561 3.3523 2.7721 1.3045 21.9305 -1.6210 12.8678
Car -1 -1 -1.0755 0.0000 188.2813 375.2959 375.0000 1.5259 1.6214 4.0977 -3.7102 1.5647 6.7802 -1.5763 12.7169
Car -1 -1 -1.4368 482.8099 181.1576 527.4686 213.5772 1.3867 1.5510 3.4544 -4.6172 1.2142 32.4763 -1.5781 10.0257
Car -1 -1 -1.5599 584.7348 176.4626 614.8693 205.3331 1.5638 1.6323 3.7244 -0.4610 1.0908 40.7961 -1.5712 7.9048
Car -1 -1 -1.2725 355.0296 170.3819 427.4904 219.9124 1.8847 1.7017 4.1135 -8.7930 1.3214 29.4132 -1.5630 7.6892
Car -1 -1 -1.6034 624.8499 178.8567 649.8206 200.3584 1.4595 1.6253 4.0442 2.0359 1.0290 50.8190 -1.5634 5.2521
Car -1 -1 -0.9552 0.0000 189.5642 166.9697 315.8757 1.4512 1.5381 3.6304 -8.1349 1.5255 10.2383 -1.6266 4.1944
Car -1 -1 -1.4352 516.3584 178.0462 550.6855 202.9244 1.4411 1.5825 3.7035 -4.4762 1.0269 43.5139 -1.5377 4.1806
Car -1 -1 -1.4227 463.0145 177.4395 496.3638 201.2066 1.4844 1.6011 3.7634 -8.3165 0.9998 46.7950 -1.5986 3.4080
Car -1 -1 -1.4974 576.3168 179.4195 604.4986 202.3916 1.4910 1.6155 4.1099 -1.1588 1.1160 48.7468 -1.5212 2.5157
Car -1 -1 -0.8053 707.5299 168.2812 760.7943 187.8988 1.4887 1.6314 4.2502 9.9352 0.2047 56.4605 -0.6311 -0.5118
