Car -1 -1 -1.2275 244.5731 181.2917 431.7058 299.6768 1.5800 1.6001 3.6903 -4.1015 1.5288 11.4364 -1.5718 14.3230
Pedestrian -1 -1 2.1539 246.5317 166.1425 286.5276 236.8696 1.7793 0.6347 0.7271 -8.8124 1.3006 18.4840 1.7090 1.7181
Car -1 -1 -1.3909 445.5457 183.4111 512.6961 229.7520 1.3990 1.5653 3.4122 -4.1514 1.3457 23.4077 -1.5664 13.8462
Pedestrian -1 -1 -1.3492 417.0133 179.4283 434.4497 215.2558 1.5993 0.6241 0.7063 -8.2473 1.3421 32.4478 -1.5981 -0.1331
Car -1 -1 -0.9652 0.0000 188.3484 209.6727 299.3939 1.4469 1.6065 3.8642 -8.2209 1.5063 11.4194 -1.5892 13.8310
Car -1 -1 -1.6064 595.0523 178.4370 632.2932 212.5022 1.5134 1.6106 3.6038 0.1984 1.2134 33.7585 -1.6005 10.6304
Car -1 -1 -1.4428 494.2084 181.3272 541.1738 217.1231 1.4876 1.5877 3.8025 -3.9544 1.3271 31.7738 -1.5666 8.7477
Car -1 -1 -1.1381 211.8930 168.4489 353.9395 246.5421 1.8000 1.7021 4.3131 -8.3011 1.4146 18.7346 -1.5552 7.9840
Car -1 -1 -1.6578 641.2003 179.3232 671.3742 202.7048 1.4143 1.5870 3.5415 2.9949 1.0590 45.2657 -1.5917 7.8348
Car -1 -1 -1.3976 417.1436 179.3281 469.4176 213.8498 1.5490 1.7046 4.4424 -7.8481 1.2859 34.5126 -1.6212 7.6779
Car -1 -1 -1.3600 445.3892 165.3292 483.1000 189.3371 1.4463 1.5760 3.7525 -8.9978 0.2494 45.1889 -1.5566 4.3219
Car -1 -1 -1.5466 585.9398 181.3498 614.6041 207.6271 1.4627 1.5827 3.7058 -0.4264 1.2486 41.8745 -1.5568 2.7019
Car -1 -1 -1.3619 482.8513 177.8247 510.6713 195.7382 1.4884 1.5720 3.9820 -9.5098 0.8754 61.7553 -1.5147 2.1636
Car -1 -1 -1.2542 343.4295 179.5306 417.9106 224.4361 1.5490 1.5726 3.6411 -8.3566 1.3540 26.6228 -1.5584 0.8041
Car -1 -1 1.6468 533.5779 178.7057 559.6268 200.1859 1.5071 1.6034 3.8758 -4.4398 1.0515 52.3773 1.5623 -0.1478
