Car -1 -1 -1.3456 390.0286 181.2803 484.2808 244.7065 1.4665 1.5652 3.6716 -4.3060 1.3767 18.4565 -1.5748 13.7945
Pedestrian -1 -1 1.8907 341.3951 171.6953 363.7732 219.9536 1.7138 0.6080 0.5765 -9.2017 1.2348 25.8198 1.5484 0.4968
Car -1 -1 -1.1753 223.5218 181.7884 345.5125 243.6682 1.4825 1.5889 3.8631 -8.4997 1.4015 19.1665 -1.5927 13.3518
Car -1 -1 -1.7155 663.9384 181.6272 725.1472 226.6717 1.4159 1.5632 3.4142 2.8241 1.3042 24.3209 -1.5999 12.5673
Car -1 -1 -0.9313 0.0000 193.1613 311.5283 375.0000 1.5509 1.6334 3.9730 -3.6491 1.6271 4.7950 -1.5818 11.8148
Car -1 -1 -1.4365 480.3552 180.4642 527.3099 214.3242 1.3757 1.5504 3.4742 -4.4532 1.1838 30.9469 -1.5795 9.7420
Car -1 -1 -1.5682 587.5222 176.3722 618.5384 206.0391 1.5663 1.6377 3.6970 -0.2882 1.1005 39.8010 -1.5754 8.2816
Car -1 -1 -1.2846 344.3923 169.3353 418.6181 219.6386 1.7980 1.6794 3.9351 -8.6466 1.2315 27.6722 -1.5875 8.2546
Car -1 -1 -1.4185 459.1376 175.0472 494.6654 199.5023 1.4510 1.6079 3.8227 -8.0931 0.8488 44.5812 -1.5981 3.9918
Car -1 -1 -1.5697 625.5143 176.7349 647.8969 196.8820 1.4619 1.6238 3.9667 2.1636 0.8476 54.1718 -1.5298 3.6417
Car -1 -1 -1.4823 515.8852 178.2984 548.7755 204.4035 1.4520 1.5855 3.6917 -4.3750 1.0684 41.8389 -1.5865 2.6328
Car -1 -1 -1.5374 576.8854 179.0122 602.9922 202.2324 1.4678 1.5949 3.8055 -1.1621 1.0768 47.3479 -1.5619 1.6404
Car -1 -1 1.7673 540.3387 173.6739 565.0965 190.0334 1.4729 1.5826 3.7901 -5.0836 0.4349 66.6942 1.6912 -0.5722
Car -1 -1 -0.6979 0.0000 139.7725 58.1984 325.7489 1.5027 1.5909 3.9086 -8.3725 1.1366 7.7975 -1.5189 -0.6090
Car -1 -1 1.8077 581.3687 165.1143 611.7706 183.3780 1.5464 1.7053 4.4164 -0.9594 -0.1676 63.6757 1.7926 -0.6256
