Car -1 -1 -1.2456 155.1133 187.1566 303.5262 261.3509 1.4709 1.6495 4.5977 -8.6294 1.5238 16.7691 -1.7209 13.3388
Car -1 -1 -1.6678 521.6418 180.2517 587.6598 238.8061 1.6232 1.6368 3.6312 -1.7331 1.4867 21.8543 -1.7469 11.3658
Car -1 -1 -0.9727 0.0000 201.1604 144.4128 375.0000 1.4396 1.5663 4.0870 -6.8285 1.6566 7.5986 -1.7047 11.2676
Car -1 -1 -1.4784 417.3921 181.8027 482.5589 239.4349 1.5644 1.5778 3.3694 -4.6341 1.4729 21.2773 -1.6929 10.3787
Car -1 -1 -1.3593 309.7154 184.5629 378.8563 224.6650 1.4477 1.6622 4.3796 -10.2763 1.4253 28.2307 -1.7084 9.4431
Car -1 -1 -1.1170 47.9356 185.5320 210.3140 253.6711 1.5564 1.6703 4.5936 -12.3101 1.5668 18.8212 -1.6963 9.2831
Car -1 -1 -1.4369 358.2500 183.5952 401.4613 213.9767 1.4808 1.6212 3.8880 -11.7281 1.4029 37.0870 -1.7432 5.4633
Car -1 -1 -1.1921 175.5986 166.9079 268.1057 211.8672 1.5799 1.6851 4.1580 -14.6198 0.9377 27.4171 -1.6820 4.1962
Car -1 -1 -1.4933 402.8529 178.0102 430.7237 200.5878 1.5631 1.6399 4.0197 -13.7640 1.0654 51.8901 -1.7526 3.5722
Car -1 -1 1.6524 502.8057 181.6902 527.0526 200.8319 1.5265 1.6504 4.2589 -7.6593 1.2465 59.4896 1.5243 3.3396
Car -1 -1 -1.2944 272.9088 185.6808 324.5185 213.8143 1.4539 1.5952 3.8587 -16.8232 1.4817 39.2287 -1.6995 2.8566
Car -1 -1 -1.4153 552.1677 165.7958 579.2703 184.6403 1.4694 1.5994 3.9592 -3.3835 -0.0471 58.2206 -1.4734 1.0472
