Car -1 -1 -1.1627 211.9088 185.0861 337.9871 245.2315 1.3805 1.5620 3.7277 -8.3898 1.3787 18.3755 -1.5910 14.5090
Pedestrian -1 -1 -1.5965 235.5606 179.5912 263.6710 245.5109 1.5691 0.5956 0.6558 -8.7881 1.4364 17.5371 -2.0610 -0.5385
Car -1 -1 -1.3487 381.2663 180.5564 479.2099 249.3830 1.5156 1.5583 3.6636 -4.2848 1.4141 17.6695 -1.5866 13.3549
Car -1 -1 -1.7219 661.6683 181.0304 719.7687 223.2418 1.4036 1.5377 3.4923 2.8546 1.2656 25.6755 -1.6111 12.7027
Car -1 -1 -1.4221 478.7488 180.7974 527.1680 216.0373 1.3966 1.5352 3.3229 -4.3764 1.2226 30.1497 -1.5663 11.9470
Car -1 -1 -0.8337 0.0000 198.0694 272.0484 375.0000 1.4997 1.5950 4.0326 -3.5730 1.6059 3.8457 -1.5824 9.3965
Car -1 -1 -1.2566 336.3204 167.7697 418.3587 218.5427 1.7521 1.6960 4.2301 -8.5498 1.1512 26.9242 -1.5641 8.6366
Car -1 -1 -1.5966 589.0529 175.3896 621.1499 205.6825 1.5778 1.6515 3.6851 -0.2148 1.0672 39.3058 -1.6020 8.6012
Car -1 -1 -1.4580 515.7225 176.4642 551.1533 202.8178 1.4466 1.5991 3.9465 -4.2635 0.9674 41.4381 -1.5606 6.0805
Car -1 -1 -1.4121 456.8908 175.1636 494.0760 200.0022 1.4382 1.6204 3.9185 -7.9975 0.8573 43.5977 -1.5935 5.6061
Car -1 -1 -1.5635 624.9828 177.8622 646.3588 197.0977 1.4340 1.5934 3.6222 2.1472 0.8869 55.4307 -1.5248 5.1471
Car -1 -1 -1.4739 579.2416 178.7062 609.9318 202.1138 1.4596 1.6360 3.8355 -0.8412 1.0548 46.7966 -1.4919 3.0915
