Car -1 -1 -1.1560 49.7751 193.1602 271.3234 305.9267 1.4571 1.5622 3.8693 -6.9504 1.6086 11.5864 -1.6964 13.5981
Pedestrian -1 -1 -1.5434 612.1453 176.7007 622.0838 199.6670 1.4631 0.6194 0.7322 0.5798 0.9218 46.1699 -1.5308 -0.0824
Car -1 -1 -1.3071 236.9201 185.7614 346.8342 245.6835 1.4879 1.6881 4.5625 -8.7700 1.5062 20.2682 -1.7155 12.4476
Pedestrian -1 -1 0.6787 528.5250 176.7170 562.5912 240.6679 1.7361 0.6107 0.7189 -1.7708 1.5065 19.9655 0.5903 -0.2223
Car -1 -1 -1.5205 440.6538 179.7745 496.4539 232.3902 1.5945 1.6248 3.5568 -4.5502 1.4308 23.6557 -1.7105 11.8465
Car -1 -1 -1.6768 536.9315 178.5496 611.2817 241.6407 1.5951 1.6602 3.8827 -1.0830 1.4277 20.2196 -1.7303 11.6130
Car -1 -1 -1.3986 342.4647 184.1187 397.5163 219.5912 1.4670 1.6344 4.1245 -10.4997 1.4228 31.8850 -1.7167 8.9358
Car -1 -1 -1.2454 217.0040 168.7972 293.6799 213.1579 1.7468 1.6911 4.0970 -14.8479 1.1014 30.4422 -1.6992 7.9610
Car -1 -1 -0.9830 0.0000 179.4832 67.9857 291.9303 1.6606 1.6230 3.8927 -11.5985 1.5771 12.6600 -1.7246 4.8536
Car -1 -1 -1.1502 124.6771 180.2117 248.9783 238.2796 1.5483 1.6550 4.0431 -12.3132 1.4160 21.2601 -1.6752 4.5411
Car -1 -1 -1.4723 410.6059 178.9275 436.7888 199.0699 1.4992 1.6060 3.6546 -14.1745 1.0323 55.4287 -1.7226 3.4421
Car -1 -1 -1.3736 336.1171 181.2783 369.5217 203.4704 1.6034 1.6364 3.8826 -19.1120 1.3200 53.9710 -1.7139 3.0535
Car -1 -1 1.7816 378.7297 178.7634 421.9277 207.1300 1.5295 1.5873 3.8214 -11.7191 1.1827 40.7168 1.5013 2.3444
Car -1 -1 1.5924 562.6946 163.8373 583.9957 183.3208 1.4708 1.5943 3.8092 -2.6948 -0.1530 56.5606 1.5448 1.9672
Car -1 -1 -1.5837 505.1010 184.2698 525.2453 202.7344 1.4654 1.5871 3.7818 -7.6416 1.3915 59.0313 -1.7124 1.2029
Car -1 -1 -1.4086 549.7415 169.0711 574.7402 186.6631 1.4684 1.5780 3.6714 -3.9008 0.1219 61.9042 -1.4715 0.4094
Car -1 -1 1.9038 324.6464 176.7431 355.0712 193.0400 1.4630 1.5136 3.6839 -24.7112 0.7035 66.3887 1.5475 -0.3366
