Car -1 -1 -1.2458 181.4271 191.3610 328.7236 275.2120 1.4200 1.5318 3.6612 -6.9001 1.5602 14.3602 -1.6937 14.2754
Car -1 -1 -1.7005 558.6326 181.1676 642.4233 250.2471 1.6051 1.6613 3.9224 -0.3398 1.5122 18.7615 -1.7186 12.7998
Car -1 -1 -1.5400 459.4613 178.0423 509.7928 228.1124 1.6369 1.6306 3.5639 -4.3274 1.4035 25.3748 -1.7089 12.5338
Car -1 -1 -1.0262 0.0000 198.3590 199.0731 374.8111 1.4307 1.5755 3.6350 -6.2521 1.6130 8.0056 -1.6892 12.1892
Car -1 -1 -1.3564 288.8202 183.4209 377.4412 235.9578 1.5022 1.6799 4.6635 -8.6725 1.4520 22.9795 -1.7173 10.9879
Car -1 -1 -1.4107 368.3092 182.8970 418.1287 215.4112 1.4716 1.6366 4.3546 -10.3400 1.3678 34.7962 -1.6996 8.4167
Car -1 -1 -1.2715 252.7301 164.8551 320.2586 201.8460 1.5728 1.6589 4.1309 -14.5540 0.7082 32.7114 -1.6901 6.4596
Car -1 -1 -1.4200 356.8238 180.3997 383.9292 199.1449 1.4247 1.5426 3.3011 -18.6040 1.0598 56.3871 -1.7387 4.1424
Car -1 -1 -1.5042 423.3915 178.1885 446.9387 196.8982 1.4672 1.6103 3.8396 -14.0025 0.9173 58.3973 -1.7396 3.3181
Car -1 -1 -1.4420 458.6385 182.7904 501.9157 215.8841 1.4830 1.5604 3.6918 -6.0228 1.3755 34.0907 -1.6169 2.3353
Car -1 -1 -1.6802 511.9407 182.6343 536.9080 201.4580 1.4755 1.5951 3.8903 -6.8166 1.2743 58.4199 -1.7963 1.0309
Car -1 -1 -1.3632 620.2738 168.7114 654.3716 191.3422 1.4680 1.5751 3.7097 2.0160 0.3985 48.6177 -1.3218 0.3406
Car -1 -1 -0.5063 588.7041 169.7751 643.3662 189.2355 1.4794 1.6164 3.9999 0.6418 0.3067 56.3063 -0.4949 0.0915
Car -1 -1 -1.0399 0.0000 162.4022 151.3980 253.0265 1.6280 1.5935 3.7745 -11.3111 1.2193 14.8784 -1.6899 -0.5215
