Car -1 -1 -1.2455 248.2503 179.7595 430.2888 295.7512 1.5572 1.5862 3.7298 -4.1192 1.4851 11.5258 -1.5887 13.7541
Cyclist -1 -1 1.9139 313.4854 172.5235 350.6755 225.8575 1.7030 0.6076 1.7269 -9.1552 1.2989 23.8205 1.5470 -0.5290
Car -1 -1 -0.9917 0.0000 189.0257 209.7664 295.9852 1.4331 1.5243 3.6188 -8.1838 1.5054 11.5939 -1.6064 13.1065
Car -1 -1 -1.4043 448.7765 183.6173 512.7882 228.7131 1.3765 1.5348 3.3601 -4.1398 1.3288 23.6240 -1.5778 12.1391
Car -1 -1 -1.5612 595.7279 177.3269 631.9998 212.3570 1.5648 1.6210 3.6522 0.2699 1.2135 33.9479 -1.5532 11.6369
Car -1 -1 -1.3550 420.3858 178.9572 475.0015 212.6397 1.5215 1.6883 4.2787 -7.6587 1.2399 34.6099 -1.5728 8.7397
Car -1 -1 -1.6476 641.2766 179.3527 670.8314 203.2382 1.4276 1.5640 3.4909 2.9439 1.0783 44.7148 -1.5818 7.7017
Car -1 -1 -1.1327 216.3183 168.8750 358.6614 244.0845 1.7583 1.7357 4.3488 -8.2981 1.3774 18.9987 -1.5445 7.5066
Car -1 -1 -1.4480 496.8481 180.5497 542.7982 214.6087 1.4327 1.5819 3.8435 -3.9075 1.2375 32.1580 -1.5689 7.3028
Car -1 -1 -1.3958 447.2460 165.6164 483.5923 189.7035 1.4552 1.6090 3.8290 -8.9572 0.2723 45.3566 -1.5908 4.6627
Car -1 -1 1.6181 483.7483 174.5803 505.5097 192.4297 1.4869 1.6685 3.9708 -9.7289 0.6021 61.9440 1.4624 1.2815
Car -1 -1 -1.5425 585.0828 180.5594 614.1469 206.7356 1.4695 1.6042 3.7688 -0.4675 1.2092 42.2486 -1.5536 1.1690
Car -1 -1 1.9024 339.6902 179.3658 420.4985 224.8223 1.5624 1.6547 3.9741 -8.3900 1.3625 26.7136 1.5981 1.0792
Car -1 -1 1.8441 436.9418 164.5728 468.6699 183.0258 1.4842 1.5919 3.9701 -12.9744 -0.1888 60.3269 1.6323 0.5821
