Car -1 -1 -1.1138 0.0000 198.6646 231.3748 330.1330 1.3964 1.5492 3.8908 -6.8887 1.6243 10.0836 -1.7131 13.4064
Pedestrian -1 -1 1.5518 597.0642 170.5164 606.7478 195.7099 1.6576 0.6272 0.7483 -0.4131 0.6916 47.6756 1.5431 0.6312
Car -1 -1 -1.3049 207.4964 186.1468 328.4886 252.4849 1.5138 1.7044 4.5831 -8.7634 1.5425 18.8695 -1.7397 12.9869
Pedestrian -1 -1 -1.0977 145.2912 189.1123 183.9454 253.3116 1.6303 0.6107 0.6840 -11.5410 1.7345 18.6604 -1.6516 -0.1681
Car -1 -1 -1.6859 529.1114 180.0200 601.0516 241.7071 1.6259 1.6472 3.7560 -1.3718 1.4901 20.9382 -1.7514 12.1690
Car -1 -1 -1.5100 430.5633 180.5471 489.6327 235.0201 1.5783 1.6126 3.5347 -4.6264 1.4441 22.6867 -1.7112 12.1508
Car -1 -1 -1.3656 327.8923 184.7753 391.1661 221.1629 1.4257 1.6605 4.4448 -10.4577 1.4096 30.4712 -1.6962 9.6150
Car -1 -1 -1.1492 100.2987 183.8295 235.8768 247.1772 1.6024 1.6606 4.2830 -12.3175 1.5685 20.4066 -1.6922 6.7727
Car -1 -1 -1.2369 202.6783 168.0305 283.2588 210.9881 1.6197 1.6690 4.0952 -14.7572 0.9728 29.2404 -1.7043 6.5794
Car -1 -1 1.5669 502.2580 181.9310 522.8231 200.5157 1.4721 1.6181 3.8988 -7.8344 1.2130 58.9770 1.4348 2.2000
Car -1 -1 1.7716 366.6443 179.4921 411.1596 207.8343 1.4674 1.5890 3.8402 -11.9034 1.1722 39.2007 1.4768 1.1887
Car -1 -1 -1.2241 333.0504 183.1264 374.3639 204.7959 1.5253 1.5953 3.9742 -18.5486 1.3794 52.5895 -1.5632 0.9374
Car -1 -1 -1.5816 409.5442 177.8644 433.3132 199.9977 1.6020 1.6729 4.2726 -14.1187 1.0711 54.3090 -1.8359 0.2133
Car -1 -1 -1.5578 592.2250 178.3567 632.1376 216.6501 1.5601 1.6270 3.9132 0.1797 1.2818 31.2541 -1.5520 -0.7345
