Car -1 -1 -1.2129 135.1061 188.9161 294.9012 267.6765 1.4778 1.6365 4.4516 -8.5427 1.5733 16.0160 -1.7029 12.5651
Pedestrian -1 -1 -2.4538 77.9010 182.9352 120.9209 255.1807 1.5947 0.5830 0.5447 -11.4790 1.5455 16.1735 -3.0711 -0.7429
Car -1 -1 -1.6467 521.8691 178.4288 584.5316 235.3515 1.5990 1.6317 3.6079 -1.7921 1.4095 22.0984 -1.7276 11.6648
Car -1 -1 -1.0998 28.6888 188.4606 199.3172 256.9271 1.4829 1.6668 4.4840 -12.2132 1.5763 18.1129 -1.6931 11.4547
Car -1 -1 -1.4730 414.6473 180.8597 483.1210 239.5004 1.5475 1.5990 3.4650 -4.5507 1.4336 20.7804 -1.6886 11.4078
Car -1 -1 -0.9419 0.0000 204.6703 116.2272 375.0000 1.4539 1.5981 3.9861 -6.7554 1.7001 6.9661 -1.7120 9.8807
Car -1 -1 -1.3444 303.8589 186.9884 374.2237 227.7045 1.4154 1.6236 4.0854 -10.1413 1.4891 27.3017 -1.7000 9.6455
Car -1 -1 -1.3969 355.3569 183.3619 401.7960 214.8471 1.5027 1.6042 3.7793 -11.5370 1.4154 36.2855 -1.7048 7.2219
Car -1 -1 -1.3120 271.4454 186.9492 322.4081 215.9850 1.4704 1.6111 3.7300 -16.6513 1.5694 38.5981 -1.7193 6.6470
Car -1 -1 -1.5401 503.1921 182.3480 524.2149 200.6849 1.4581 1.6005 3.8269 -7.7228 1.2312 59.1404 -1.6699 2.8153
Car -1 -1 -1.4702 398.9877 175.8512 428.9766 199.3349 1.6015 1.6567 4.1380 -13.7757 0.9640 51.1957 -1.7331 2.5575
Car -1 -1 1.9687 165.6426 159.6346 260.2781 204.3328 1.5222 1.6372 3.9978 -14.4850 0.6521 26.5479 1.4692 1.5147
Car -1 -1 -1.4443 554.9652 164.9059 582.1711 185.0403 1.5464 1.6522 4.2180 -3.1060 -0.0134 57.4066 -1.4984 0.7429
Car -1 -1 1.8355 371.8886 172.7362 401.0911 189.7216 1.4688 1.5486 3.8045 -19.6977 0.3908 64.0863 1.5373 -0.4174
