Car -1 -1 -1.2055 124.3735 195.6016 313.8103 304.3140 1.4081 1.5059 3.3908 -5.9928 1.5998 11.4178 -1.6888 13.9745
Pedestrian -1 -1 -1.1958 281.1138 190.2937 307.7332 245.9677 1.8558 0.6058 0.7257 -10.6713 2.0320 24.4008 -1.6081 1.4779
Car -1 -1 -1.7292 603.1137 181.1604 699.6716 260.1017 1.6124 1.6302 3.6749 0.8438 1.5307 16.5938 -1.6784 13.2379
Pedestrian -1 -1 0.1260 483.6825 187.1313 501.4396 224.2834 1.7810 0.6144 0.7790 -5.6075 1.8757 34.8098 -0.0338 -0.7157
Car -1 -1 -1.5358 495.9872 181.7831 541.2776 224.4985 1.5137 1.5854 3.4730 -3.3632 1.3932 27.2692 -1.6585 12.3083
Car -1 -1 -1.3177 289.2854 191.1275 397.0987 254.2941 1.3635 1.5838 3.8810 -6.4829 1.5283 17.8953 -1.6653 11.9870
Car -1 -1 -1.1080 33.1351 159.8947 225.8771 259.8223 1.9886 1.8162 4.6383 -10.8427 1.4858 16.7084 -1.6836 9.5214
Car -1 -1 -1.4503 410.1049 183.8138 451.1112 213.0451 1.4721 1.6414 4.1141 -9.4176 1.4026 38.3387 -1.6912 7.3577
Car -1 -1 -1.3701 354.2892 184.4585 424.5333 229.3328 1.5044 1.6317 4.2894 -7.9226 1.4801 26.3058 -1.6626 6.5826
Car -1 -1 -1.3240 305.9338 168.8853 358.6436 201.2597 1.5135 1.5988 3.6005 -13.5621 0.7512 35.4838 -1.6891 6.1702
Car -1 -1 1.5450 541.5721 181.1408 563.9070 200.9737 1.5319 1.6724 4.2609 -4.4646 1.2183 57.7267 1.4678 4.2980
Car -1 -1 -1.5242 489.0621 184.9228 524.2387 215.9220 1.4831 1.5881 3.7945 -5.0967 1.4702 36.3511 -1.6635 3.8363
Car -1 -1 1.7762 390.0154 176.5030 420.5573 195.8194 1.5620 1.6552 4.1430 -16.9378 0.8586 60.2479 1.5022 3.3914
Car -1 -1 -1.5489 453.5812 179.1265 473.8343 197.4240 1.5249 1.6286 3.9370 -12.4035 1.0185 61.9839 -1.7464 2.1907
Car -1 -1 -1.5584 587.5589 187.6191 610.9112 209.3607 1.4730 1.5961 3.8927 -0.6028 1.6514 51.0748 -1.5702 -0.3345
Car -1 -1 3.3593 396.4842 180.7674 461.6958 204.2879 1.4792 1.6079 3.7987 -11.4337 1.2006 46.0588 3.1160 -0.5186
