Car -1 -1 -1.2568 297.2415 182.7211 447.8548 275.5000 1.4668 1.5588 3.6142 -4.1725 1.4285 13.1736 -1.5636 14.5842
Pedestrian -1 -1 -1.5658 651.7050 178.3311 664.2062 210.2555 1.5827 0.6186 0.7313 2.4852 1.2425 36.0228 -1.4969 -0.7710
Car -1 -1 -1.0413 59.5151 182.1632 258.5288 272.5850 1.4713 1.5431 3.6010 -8.2323 1.4228 13.5073 -1.5886 13.8741
Pedestrian -1 -1 -1.6520 671.0906 180.3141 685.0684 209.8708 1.4629 0.6384 0.7154 3.4808 1.2214 35.9382 -1.5555 -0.7721
Car -1 -1 -1.3955 460.1909 181.2739 519.4283 222.6024 1.3805 1.5236 3.3814 -4.1894 1.2499 25.7088 -1.5570 12.9327
Car -1 -1 -1.6780 648.0923 178.2184 685.2246 207.0156 1.4305 1.5572 3.4708 2.9951 1.0841 37.4620 -1.5982 9.9577
Car -1 -1 -1.5624 595.7849 176.3654 629.7556 209.4293 1.5559 1.5991 3.4050 0.2274 1.1406 35.5377 -1.5560 9.1039
Car -1 -1 -1.1896 268.0172 165.0904 386.0797 233.2971 1.8539 1.7568 4.5462 -8.3796 1.3080 21.8208 -1.5562 8.7839
Car -1 -1 -1.4914 509.1442 178.7471 546.2140 209.3040 1.4528 1.5662 3.5959 -3.9948 1.1464 35.9947 -1.6020 7.1055
Car -1 -1 -1.3868 431.0648 176.0707 480.3026 210.8428 1.6776 1.7063 4.3282 -7.7551 1.2375 36.8618 -1.5942 6.6034
Car -1 -1 1.8304 373.3899 175.4379 438.2979 216.6249 1.5922 1.6479 3.8540 -8.2988 1.2153 29.7227 1.5581 1.7296
Car -1 -1 -1.5494 582.7987 177.5559 610.7437 203.2699 1.4773 1.6005 3.8026 -0.6494 1.0384 43.2011 -1.5645 0.4537
Car -1 -1 1.6610 593.5635 164.3931 617.4679 183.0091 1.4795 1.6218 4.1556 -0.1662 -0.1889 59.7735 1.6582 0.3901
Car -1 -1 1.7072 537.4360 176.1922 563.8362 195.4232 1.4792 1.5852 3.8831 -4.5315 0.7863 57.2726 1.6283 0.3622
Car -1 -1 1.5262 621.9521 175.5691 640.6324 192.2883 1.5312 1.5911 3.6741 2.1854 0.6489 67.6802 1.5585 -0.4296
Car -1 -1 -1.3942 451.3228 162.9157 486.0433 186.0545 1.4693 1.5922 3.9399 -9.1891 0.0544 47.6243 -1.5848 -0.4527
