Car -1 -1 -1.2735 306.0393 177.6411 447.5411 274.6922 1.5602 1.5382 3.3936 -4.1416 1.4395 13.2533 -1.5764 14.4452
Pedestrian -1 -1 -1.6435 671.1111 181.7821 686.3083 214.7303 1.6046 0.6910 0.7441 3.4568 1.4385 35.3849 -1.5461 0.5055
Car -1 -1 -1.0323 61.2000 185.6172 264.8400 270.3543 1.3946 1.5500 3.8188 -8.2922 1.4045 13.7578 -1.5747 13.2321
Pedestrian -1 -1 -1.1015 270.7457 160.7328 296.7518 205.7698 1.6989 0.6271 0.7721 -12.4339 0.7765 27.5124 -1.5259 -0.6647
Car -1 -1 -1.4186 461.2498 178.9425 518.7268 222.0446 1.4467 1.5461 3.3497 -4.2008 1.2373 25.8059 -1.5800 10.5533
Car -1 -1 -1.6775 648.5110 178.3513 685.6286 207.1461 1.4098 1.5475 3.2809 2.9682 1.0749 36.8522 -1.5971 10.0274
Car -1 -1 -1.1949 273.6634 165.7268 386.5689 231.6894 1.8150 1.7127 4.3973 -8.3637 1.2799 21.9855 -1.5584 9.5025
Car -1 -1 -1.5947 593.4908 175.7899 628.2892 210.1809 1.6235 1.6354 3.4486 0.0823 1.1796 35.6719 -1.5924 8.8756
Car -1 -1 -1.4645 507.3773 178.6515 547.6729 208.6004 1.4319 1.6121 3.9937 -4.0346 1.1192 36.3660 -1.5750 7.7828
Car -1 -1 -1.3825 431.9543 175.6253 481.4397 208.8926 1.6162 1.7085 4.3921 -7.7580 1.1514 37.1301 -1.5885 6.9266
Car -1 -1 -1.4779 583.2324 178.3318 615.3683 203.9756 1.4772 1.5851 3.9305 -0.4945 1.0818 43.4297 -1.4892 2.5919
Car -1 -1 1.7554 453.2113 162.9190 489.5399 185.7891 1.4646 1.6588 4.1346 -9.0963 0.0378 48.1008 1.5685 2.2055
Car -1 -1 1.9675 335.0913 154.7372 398.3010 182.9879 1.4751 1.7311 4.5433 -13.4229 -0.1308 40.2281 1.6454 0.9152
Car -1 -1 1.6818 542.1566 175.3949 567.7576 195.6208 1.5570 1.6080 3.9810 -4.1929 0.8021 57.3532 1.6088 0.3030
Car -1 -1 -1.7542 616.9453 175.2080 641.1654 191.3807 1.4769 1.5990 3.8495 1.9682 0.5641 67.6690 -1.7252 -0.8410
