Car -1 -1 -1.3026 326.1738 184.1771 457.7186 268.6391 1.4498 1.5512 3.6539 -4.1371 1.4331 14.1746 -1.5866 15.5318
Car -1 -1 -1.0638 100.3901 186.1433 282.9443 265.9778 1.4098 1.5491 3.7917 -8.2810 1.4322 14.6363 -1.5787 13.8490
Car -1 -1 -1.4218 465.8813 180.9438 522.1000 220.5012 1.3788 1.5538 3.6255 -4.2210 1.2311 26.8710 -1.5776 12.2079
Car -1 -1 -1.6648 655.0681 178.7774 695.1444 211.5114 1.4664 1.5622 3.3609 3.0946 1.1791 33.8821 -1.5737 10.4647
Car -1 -1 -1.5855 595.0721 177.3885 628.5181 208.5578 1.5031 1.6135 3.4922 0.1434 1.1268 36.4166 -1.5816 9.5831
Car -1 -1 -1.2014 289.0498 166.2315 396.7201 229.7134 1.8397 1.7446 4.4383 -8.3774 1.2907 23.0659 -1.5498 8.1154
Car -1 -1 -1.4066 439.4698 177.2132 484.2768 207.5512 1.5297 1.6629 4.3263 -7.7618 1.1273 38.4330 -1.6059 7.4865
Car -1 -1 -1.4445 510.7576 178.0477 550.6300 207.0774 1.4423 1.5943 3.9604 -4.0186 1.0873 37.7076 -1.5506 7.1500
Car -1 -1 -1.5762 625.4646 176.2598 643.7050 193.3647 1.4952 1.5940 3.7183 2.3939 0.7135 64.7172 -1.5392 3.6932
Car -1 -1 1.7430 454.5154 164.2868 488.4341 186.6266 1.4666 1.6156 4.0347 -9.3048 0.0938 49.2168 1.5561 2.3245
Car -1 -1 -1.5830 582.5528 178.0001 610.0375 203.0032 1.4757 1.6231 3.8228 -0.7591 1.0510 44.3591 -1.6001 1.4461
Car -1 -1 -1.3139 388.6541 175.4890 448.8945 213.9505 1.5955 1.6362 3.9000 -8.3060 1.1932 31.7684 -1.5696 0.2803
Car -1 -1 1.8450 540.8288 176.6040 572.7638 195.1276 1.4759 1.6135 3.9887 -4.1841 0.7909 59.3899 1.7747 0.0346
Car -1 -1 1.6589 593.0268 163.8131 616.1353 182.2793 1.4796 1.6033 3.8783 -0.2488 -0.2531 60.2312 1.6547 -0.3237
