Car -1 -1 -1.1866 242.5306 181.4166 355.7895 239.2135 1.4647 1.5997 3.7903 -8.5334 1.3695 20.1217 -1.5877 14.5975
Pedestrian -1 -1 -1.1932 259.2886 175.7238 296.6690 235.1957 1.5722 0.6897 0.7512 -8.9330 1.3224 19.3933 -1.6249 0.6280
Car -1 -1 -1.7262 665.6821 180.2199 732.3007 230.2455 1.4619 1.5614 3.4223 2.7665 1.3171 22.7407 -1.6051 14.2048
Pedestrian -1 -1 -1.2809 283.5060 181.9279 318.4545 241.1856 1.5027 0.6502 0.7402 -7.9879 1.4205 18.6309 -1.6859 0.5119
Car -1 -1 -1.3710 399.7411 178.0145 487.0724 241.3707 1.5485 1.5938 3.6822 -4.3735 1.3736 19.4237 -1.5925 13.6293
Car -1 -1 -1.0192 0.0000 190.6617 354.2508 375.0000 1.5046 1.5775 3.8690 -3.6884 1.5666 6.0967 -1.5632 13.0692
Car -1 -1 -1.4433 481.7601 180.3576 527.2772 213.4708 1.3910 1.5629 3.5878 -4.5736 1.1880 31.9978 -1.5853 11.2800
Car -1 -1 -1.2691 351.4266 171.1412 427.5758 218.6441 1.7674 1.7159 4.3327 -8.7035 1.2449 28.9161 -1.5614 10.5148
Car -1 -1 -1.5839 585.4418 175.8830 616.2269 204.9312 1.5625 1.6569 3.6813 -0.4461 1.0616 40.5231 -1.5949 6.9474
Car -1 -1 -1.6761 623.2295 177.9299 649.9715 198.3553 1.4210 1.5618 3.4881 2.0278 0.9152 51.7983 -1.6369 5.6035
Car -1 -1 -1.5150 461.3410 175.4696 490.1390 199.3249 1.4659 1.6050 3.9629 -8.4739 0.8681 46.2346 -1.6962 2.5767
Car -1 -1 -1.5025 576.5978 179.5059 605.0673 202.3947 1.4717 1.6471 3.9199 -1.1192 1.1057 48.2117 -1.5257 1.9427
Car -1 -1 -1.4862 514.6004 178.7740 546.8754 204.0012 1.4464 1.6103 3.8215 -4.6051 1.0782 43.1385 -1.5925 1.6063
Car -1 -1 2.2844 0.0000 185.7233 107.4640 339.5338 1.4617 1.5766 3.6402 -8.1073 1.4703 8.6883 1.5336 1.4920
Car -1 -1 1.6123 543.0749 175.6249 561.3833 191.6330 1.4855 1.5845 3.9399 -5.2877 0.5967 68.7019 1.5355 -0.4165
