Car -1 -1 -1.1395 191.8945 183.5727 329.5958 249.5935 1.4414 1.5768 3.8031 -8.3617 1.4067 17.6017 -1.5830 13.3555
Car -1 -1 -1.7037 661.9702 180.1278 715.2084 219.1018 1.3719 1.5429 3.3467 2.9356 1.1940 26.9927 -1.5954 12.6410
Car -1 -1 -1.3392 371.4714 181.2558 477.0214 251.4517 1.4780 1.6000 3.6905 -4.2479 1.3957 16.9876 -1.5842 12.2418
Car -1 -1 -1.4227 476.7875 180.1861 526.9537 217.1931 1.4307 1.5384 3.5168 -4.3285 1.2374 29.5485 -1.5682 10.3326
Car -1 -1 -1.2248 329.3115 171.0682 416.9156 223.4343 1.7492 1.7065 4.1710 -8.4418 1.2778 26.1217 -1.5374 9.2088
Car -1 -1 -1.5656 590.9610 176.7402 622.9042 206.4771 1.5268 1.6403 3.6223 -0.0671 1.0928 38.7200 -1.5673 7.8901
Car -1 -1 -0.7462 0.0000 205.2589 233.4767 375.0000 1.4866 1.6314 4.2732 -3.4839 1.6318 2.9970 -1.6066 5.3148
Car -1 -1 -1.6391 626.5297 177.7840 649.4525 196.4928 1.4401 1.5758 3.5586 2.3598 0.8692 57.1298 -1.5978 4.9059
Car -1 -1 -1.4542 454.7294 176.4725 489.7854 202.7607 1.4846 1.6091 3.8015 -7.9990 0.9920 42.5444 -1.6401 4.8378
Car -1 -1 -1.4950 517.4203 176.3156 551.3876 203.3092 1.4539 1.6200 3.9647 -4.1358 0.9756 40.7163 -1.5962 3.2263
Car -1 -1 -1.4424 579.8794 178.1964 611.8812 202.0388 1.4687 1.5899 3.7737 -0.7480 1.0375 46.2429 -1.4586 1.9093
Car -1 -1 -1.4058 461.4728 164.1605 493.0453 185.2144 1.4785 1.6136 4.1484 -9.5154 0.0010 52.5618 -1.5849 0.8520
Car -1 -1 -1.3445 398.6657 165.8717 453.4520 198.4998 1.4851 1.6613 4.2585 -8.7632 0.6058 34.8609 -1.5907 0.5606
Car -1 -1 0.8686 0.0000 189.5800 53.2056 337.5435 1.5098 1.6308 4.0543 -9.0654 1.5666 8.2749 0.0377 -0.0741
