Car -1 -1 -1.3453 378.8128 180.5984 478.6331 250.5932 1.5111 1.5813 3.4694 -4.2252 1.4126 17.2615 -1.5854 14.7319
Pedestrian -1 -1 1.3614 738.8827 166.8785 750.4643 191.7362 1.6291 0.6307 0.6407 9.0101 0.4285 47.4348 1.5492 -0.2563
Car -1 -1 -1.1397 200.0210 185.2276 330.9408 248.8851 1.4178 1.5585 3.5943 -8.3641 1.4193 17.8110 -1.5787 13.9820
Pedestrian -1 -1 1.3385 748.6556 166.0023 760.5436 190.8987 1.6036 0.6092 0.7058 9.5059 0.3672 46.6598 1.5395 -0.7094
Car -1 -1 -1.7068 661.4621 179.4646 716.8429 220.3892 1.4130 1.5671 3.4320 2.9027 1.2156 26.5532 -1.5979 13.2662
Car -1 -1 -1.4178 477.6821 180.3660 526.6122 216.5737 1.4117 1.5171 3.2779 -4.3403 1.2237 29.6680 -1.5631 11.7557
Car -1 -1 -1.2285 329.7728 168.1637 418.3558 222.4202 1.8309 1.7213 4.3904 -8.5135 1.2566 26.4746 -1.5397 9.0275
Car -1 -1 -1.5730 590.7676 174.7817 622.6847 204.9342 1.5550 1.6462 3.7402 -0.0925 1.0180 38.9417 -1.5754 7.8507
Car -1 -1 -1.4448 456.5369 177.0420 491.5544 202.3814 1.4460 1.6021 3.7239 -7.9645 0.9807 42.9229 -1.6283 5.5549
Car -1 -1 -1.6010 625.7378 177.6914 647.6946 196.7281 1.4543 1.6140 3.8173 2.2449 0.8806 56.8289 -1.5615 4.5558
Car -1 -1 -1.5395 582.7675 178.3732 609.9791 202.4260 1.4907 1.6389 4.0936 -0.7230 1.0677 46.6068 -1.5550 2.9772
Car -1 -1 -1.4781 515.6676 179.1972 549.9070 206.0620 1.4572 1.5924 3.8256 -4.2490 1.1319 40.9105 -1.5816 2.5992
Car -1 -1 0.8374 0.0000 186.0604 56.4688 329.3813 1.5473 1.6289 3.9913 -9.2690 1.5596 8.6120 0.0153 0.6166
Car -1 -1 -0.7006 0.0000 204.0733 219.7443 375.0000 1.4857 1.6374 4.2243 -3.7924 1.6280 3.2606 -1.5612 0.0708
