Car -1 -1 -1.1109 179.1996 185.2886 314.0488 257.6073 1.4480 1.4566 3.0557 -7.9041 1.4509 15.9208 -1.5717 13.1619
Pedestrian -1 -1 -1.2418 216.5257 174.1295 262.7594 258.7298 1.6636 0.6216 0.7639 -7.4902 1.4467 14.5549 -1.7171 1.3336
Car -1 -1 -1.5474 578.3781 176.6064 618.5473 216.6684 1.6086 1.6136 3.5969 -0.3917 1.2640 30.6665 -1.5602 9.7213
Pedestrian -1 -1 1.9184 309.0813 170.3256 362.3778 280.2229 1.8075 0.7117 0.4974 -4.6115 1.5637 12.0742 1.5536 0.4504
Car -1 -1 -0.8531 0.0000 175.2489 142.0817 342.7380 1.6569 1.5910 3.7659 -7.8911 1.5595 8.9927 -1.5733 6.7959
Pedestrian -1 -1 -2.2343 1123.9188 132.1458 1240.0000 375.0000 1.6751 0.6083 0.6687 3.5889 1.3824 4.3201 -1.5411 0.2635
Car -1 -1 -1.4043 432.6466 185.0307 512.3747 241.7602 1.4648 1.6046 3.9034 -3.7966 1.4611 20.5220 -1.5872 1.3393
Pedestrian -1 -1 0.8516 48.8469 166.1077 92.4625 223.5726 1.6628 0.6502 0.8220 -15.8791 1.1110 21.2003 0.2087 0.2163
Car -1 -1 2.0561 164.9462 183.6705 274.8302 236.5755 1.5387 1.5833 3.5265 -12.1417 1.4949 22.6714 1.5644 0.2846
Pedestrian -1 -1 3.1297 720.8164 173.2145 740.4707 220.7264 1.7108 0.6746 0.6984 4.4464 1.2798 26.2676 3.2974 -0.1178
Car -1 -1 -1.6055 644.6835 177.1112 667.5046 197.3813 1.4869 1.5927 3.8645 3.6291 0.8935 54.6824 -1.5392 0.1585
Car -1 -1 -0.3134 704.0606 197.5001 839.4446 246.0411 1.4812 1.5902 4.0005 5.2414 1.8990 23.4035 -0.0931 -0.2354
Car -1 -1 1.8371 324.0842 116.6987 498.0629 264.7778 2.4493 1.9949 5.3219 -3.7143 1.3171 14.5636 1.5874 -0.6604
