Car -1 -1 -0.9735 0.0000 206.0914 306.1602 375.0000 1.4071 1.4843 3.5383 -3.7993 1.6177 5.4305 -1.5840 12.0835
Pedestrian -1 -1 -1.5040 568.6741 177.5789 583.0462 214.5498 1.7029 0.6202 0.7725 -1.5165 1.3523 33.4997 -1.5492 1.0018
Car -1 -1 -1.5870 572.4811 179.1369 607.4455 212.4650 1.5389 1.6159 3.6348 -0.9333 1.2593 35.0382 -1.6136 10.6524
Pedestrian -1 -1 -0.0840 680.7902 170.1164 703.6152 217.8208 1.7390 0.6217 0.7858 3.0721 1.1897 26.5243 0.0313 0.2723
Car -1 -1 -1.2646 332.3671 182.7595 414.4439 230.3245 1.5527 1.6359 3.9761 -8.2263 1.4737 25.4563 -1.5772 9.3907
Pedestrian -1 -1 0.3183 366.7167 181.5105 393.7021 230.9227 1.6220 0.6125 0.7001 -7.6030 1.5015 23.9030 0.0103 -0.2406
Car -1 -1 -0.9006 0.0000 187.9853 142.6216 263.3526 1.4658 1.5349 3.8103 -12.4356 1.5361 16.0306 -1.5604 8.5886
Car -1 -1 -0.7529 0.0000 187.5618 140.8295 323.9607 1.4784 1.5267 3.6501 -8.4596 1.5175 9.7468 -1.4677 6.0581
Car -1 -1 -1.1990 191.8570 128.2665 368.0112 254.3586 2.6103 2.0441 5.4318 -7.7520 1.4325 17.6345 -1.6132 5.3616
Car -1 -1 -1.5258 539.9447 171.8258 563.4807 194.6311 1.7360 1.6770 3.9739 -4.4057 0.7179 56.7317 -1.6033 3.0401
Car -1 -1 -1.5466 503.7465 164.9829 539.7595 206.3622 1.9971 1.7305 4.1252 -4.3855 1.0217 36.8256 -1.6651 2.4335
Car -1 -1 -1.4389 425.3626 155.8499 513.3016 238.9995 2.2640 1.9653 5.3927 -4.1721 1.4656 22.3137 -1.6237 1.2454
Car -1 -1 -1.3163 375.4649 165.2379 409.4091 185.0661 1.4611 1.5890 3.7620 -16.4183 -0.0107 54.9038 -1.6068 1.2025
Car -1 -1 -1.3292 387.5880 178.3866 425.1015 201.1912 1.4575 1.5752 3.6501 -13.3645 1.0221 47.7873 -1.6019 0.0182
