Car -1 -1 -1.0451 0.0000 193.7482 239.1109 296.4587 1.3737 1.5757 3.9675 -7.9018 1.5410 11.9728 -1.6285 13.9485
Cyclist -1 -1 1.4141 629.0301 169.4006 645.2322 202.5910 1.7737 0.6052 1.8292 1.5694 0.9297 39.3553 1.4539 0.7601
Car -1 -1 -1.3188 274.2094 177.8420 462.3522 309.7816 1.5774 1.6477 3.9239 -3.3197 1.4904 10.5926 -1.6225 13.3399
Car -1 -1 -1.1300 174.9926 182.0265 277.7204 226.9061 1.4481 1.5763 4.1234 -13.3075 1.3463 25.2844 -1.6144 12.3436
Car -1 -1 -1.5834 558.5047 175.5974 601.4569 217.4219 1.5737 1.6177 3.4624 -1.1767 1.2129 28.8154 -1.6243 11.6906
Car -1 -1 -1.3914 397.9031 185.7608 480.9982 246.7566 1.4280 1.5021 3.4188 -4.3004 1.4446 18.6003 -1.6186 11.4716
Car -1 -1 -1.3738 401.8072 159.7837 452.3954 196.6284 1.7355 1.7037 3.9760 -8.9794 0.5387 35.8840 -1.6190 4.9185
Car -1 -1 2.2657 0.0000 155.3890 78.9675 257.3755 1.6662 1.6855 3.9968 -12.4361 1.1800 13.7704 1.5312 2.6121
Car -1 -1 1.8640 384.0197 174.3824 425.6438 197.1274 1.4947 1.6061 4.1982 -13.8926 0.7839 49.3490 1.5896 1.7726
Car -1 -1 -1.3451 336.3311 171.2128 399.3084 209.9299 1.4588 1.5811 3.9130 -9.6641 0.9323 29.1042 -1.6657 1.5486
Car -1 -1 -1.2237 267.2865 180.2696 369.0323 236.8745 1.5306 1.6206 3.7280 -8.5012 1.3980 21.3230 -1.6031 1.3823
Car -1 -1 -1.3930 449.2209 177.0312 481.4874 198.5577 1.4814 1.5963 3.9341 -10.1675 0.9193 51.4481 -1.5881 0.2620
