Car -1 -1 -1.2205 206.7431 190.6130 410.6377 319.4968 1.4701 1.5319 3.3538 -3.9880 1.5593 10.0355 -1.5987 14.8711
Pedestrian -1 -1 1.5938 560.7438 183.9617 574.1753 222.5204 1.7081 0.5863 0.6812 -1.8362 1.6537 32.1909 1.5368 0.2294
Car -1 -1 -0.9344 0.0000 191.5009 169.0047 331.0323 1.4887 1.5932 3.8573 -7.9449 1.5928 9.8050 -1.6154 13.9078
Pedestrian -1 -1 -1.5833 586.7979 182.5992 601.2760 221.7050 1.7310 0.6381 0.6655 -0.6518 1.6164 32.1598 -1.6036 0.0701
Car -1 -1 -1.5760 563.3415 178.4682 600.1366 213.5749 1.5560 1.6316 3.7598 -1.2689 1.2581 33.7704 -1.6136 10.1700
Pedestrian -1 -1 1.7188 251.8866 195.4033 310.9497 315.1849 1.5112 0.6127 0.7844 -4.3960 1.6551 9.6060 1.2896 -0.7674
Car -1 -1 -1.0866 149.3237 189.3098 301.6354 259.5715 1.4268 1.5790 3.6541 -8.7023 1.5331 16.6360 -1.5686 10.1474
Car -1 -1 -1.3044 305.1070 151.1178 412.6466 235.0154 2.4921 2.0229 5.4540 -8.1893 1.4804 24.1329 -1.6316 9.9805
Car -1 -1 1.9335 262.4105 175.4226 340.2049 213.3150 1.5163 1.6717 4.2598 -13.1026 1.1256 30.9222 1.5327 5.8543
Car -1 -1 -1.1115 133.7565 182.4140 246.0200 236.8872 1.5663 1.6035 3.6028 -12.9880 1.4869 22.5151 -1.6347 5.3909
Car -1 -1 -0.7564 0.0000 127.1115 201.7666 375.0000 1.4902 1.5869 3.8987 -3.1618 1.4581 2.4273 -1.6724 4.3439
Car -1 -1 1.7995 381.2333 183.0855 438.1403 218.9156 1.5020 1.6129 3.8717 -8.8017 1.4138 32.0964 1.5319 3.5414
Car -1 -1 -1.3937 447.7914 169.7854 521.6358 225.2240 1.8712 1.8175 5.2272 -4.5072 1.3515 26.8830 -1.5598 1.1034
Car -1 -1 -1.7830 590.5900 174.7758 614.5182 190.2264 1.4900 1.5845 3.9101 -0.5496 0.4843 71.3996 -1.7907 0.7292
