Car -1 -1 -1.2050 183.8018 196.6971 403.0925 331.9414 1.4138 1.5017 3.3929 -3.9543 1.5944 9.5190 -1.5987 13.3405
Cyclist -1 -1 1.7729 397.7814 172.0524 422.1012 221.5061 1.7568 0.5165 1.7911 -7.3016 1.2903 26.4435 1.5035 2.2431
Pedestrian -1 -1 -1.5444 562.2272 179.3997 578.5126 216.3049 1.6392 0.7124 0.7767 -1.7113 1.3820 32.3227 -1.5973 0.7673
Car -1 -1 -1.5812 564.0397 179.2606 600.7684 213.6990 1.5388 1.6423 3.7537 -1.2566 1.2738 34.0302 -1.6181 11.1380
Cyclist -1 -1 1.4464 637.6482 168.7394 649.9972 196.3544 1.7758 0.5889 1.7896 2.3347 0.7174 47.1382 1.4959 1.0330
Pedestrian -1 -1 -1.7160 585.5449 179.3267 602.4483 216.8373 1.6681 0.6544 0.7811 -0.6587 1.4074 32.4031 -1.7364 0.0495
Car -1 -1 -1.1176 123.4830 190.0420 283.4662 264.6282 1.4190 1.5877 3.7041 -8.7292 1.5389 15.8071 -1.6222 11.0139
Cyclist -1 -1 1.5300 635.9222 175.8306 643.9957 198.5219 1.6789 0.5356 1.6933 2.3982 0.9856 54.0297 1.5743 -0.6754
Pedestrian -1 -1 0.0784 518.2709 172.4115 532.9662 204.4147 1.7162 0.6110 0.7447 -4.4672 1.0307 38.8633 -0.0360 -0.1248
Car -1 -1 -0.8880 0.0000 196.6484 140.4013 352.5832 1.4576 1.5621 3.9723 -7.9356 1.6343 9.0256 -1.6092 10.9456
Car -1 -1 -1.2858 296.9487 146.9804 411.7908 235.6123 2.5404 2.0337 5.4981 -8.0660 1.4456 23.3944 -1.6178 9.6001
Car -1 -1 -1.2298 261.9826 181.9479 335.1040 218.6796 1.4460 1.6162 3.9031 -12.9668 1.3185 30.2935 -1.6343 5.3390
Car -1 -1 -1.4186 441.7731 153.5401 519.5380 226.6812 2.3976 1.9685 5.5861 -4.5506 1.3604 26.3712 -1.5895 3.8414
Car -1 -1 -1.0595 122.2442 185.4672 246.4896 239.8365 1.5109 1.6019 3.7963 -12.7794 1.5203 21.9018 -1.5877 3.6059
Car -1 -1 1.8113 375.8917 180.9883 435.2775 220.4399 1.6222 1.6416 3.8154 -8.8122 1.4495 31.4881 1.5384 2.1501
Car -1 -1 -1.5057 536.6493 171.8181 559.7892 193.0036 1.7424 1.6983 4.1671 -5.0486 0.6417 61.2173 -1.5880 -0.0225
Car -1 -1 2.0188 383.7174 181.7195 441.8761 209.2776 1.4729 1.6206 3.9282 -10.9397 1.2871 40.4951 1.7549 -0.4581
Car -1 -1 1.5662 615.3347 181.9740 634.7365 199.7094 1.4779 1.6167 4.0411 1.4656 1.2089 61.9328 1.5899 -0.6688
Car -1 -1 1.7378 414.5973 180.8913 458.3825 210.6616 1.5054 1.6186 4.1043 -9.1267 1.2878 38.4474 1.5047 -0.7372
