Car -1 -1 -1.1509 0.0000 178.1074 400.9743 375.0000 1.6057 1.6023 3.9111 -3.2560 1.5610 6.6172 -1.6081 13.8943
Pedestrian -1 -1 0.0690 520.7476 173.9635 534.6415 202.6545 1.7268 0.6296 0.7968 -4.8780 1.0507 43.5921 -0.0425 -0.3865
Car -1 -1 -1.3352 340.0720 188.2570 458.0643 272.1136 1.4596 1.5020 3.3737 -4.0746 1.5287 14.3491 -1.6119 13.1660
Car -1 -1 -1.5765 561.6987 177.0107 601.2961 216.0024 1.6124 1.6384 3.7316 -1.2045 1.2742 31.6218 -1.6146 10.1039
Car -1 -1 -1.0351 55.7005 187.9425 200.2349 245.8503 1.4175 1.5960 3.7410 -12.9895 1.5005 19.6786 -1.6186 6.4942
Car -1 -1 -1.3419 371.4995 157.8739 438.7677 206.1649 1.8710 1.7611 4.3553 -8.4072 0.8128 30.0616 -1.6146 6.3208
Car -1 -1 -1.2410 279.3438 180.7290 366.5678 229.2269 1.4231 1.5135 3.5393 -9.0034 1.2926 22.8914 -1.6157 5.7615
Car -1 -1 -1.1974 241.2032 177.1812 316.7797 215.5848 1.4503 1.5493 3.6432 -13.2063 1.1480 29.0048 -1.6247 3.3596
Car -1 -1 2.0287 141.9369 176.9677 310.3698 266.4975 1.7223 1.6842 3.9355 -8.2097 1.5648 15.8101 1.5497 1.2653
Car -1 -1 2.1573 13.7382 169.7933 108.9019 205.2149 1.5926 1.6753 4.0219 -26.0298 0.9003 34.3752 1.5092 0.7187
