Car -1 -1 -1.4040 373.0902 181.6557 478.0290 264.2514 1.5598 1.5906 3.6261 -3.8258 1.4937 15.4401 -1.6469 13.5793
Pedestrian -1 -1 -1.3613 459.2688 163.3638 474.0708 197.1225 1.7392 0.6395 0.6253 -7.3584 0.6146 37.3481 -1.5559 -0.7473
Car -1 -1 -1.2128 211.0610 186.1127 337.8295 246.2333 1.4187 1.6338 4.3752 -8.7820 1.4467 19.2656 -1.6405 12.2649
Pedestrian -1 -1 2.8071 237.0921 179.7251 272.5281 246.9869 1.7145 0.5920 0.6729 -9.2606 1.5757 18.7671 2.3487 -0.8373
Car -1 -1 -1.0698 48.3478 163.8617 213.2953 245.5758 2.0475 1.8477 4.7133 -13.3229 1.5136 20.4295 -1.6477 11.3622
Car -1 -1 -1.5771 536.2299 176.4489 584.8950 225.2797 1.6023 1.5975 3.4710 -1.7202 1.3157 25.3737 -1.6448 10.7900
Car -1 -1 -0.9186 0.0000 200.8007 107.8327 375.0000 1.4552 1.6064 4.0098 -7.7629 1.6785 8.1666 -1.6787 10.1970
Car -1 -1 -1.3186 327.0331 182.3219 394.9509 224.4179 1.5498 1.6215 3.8909 -9.7152 1.4444 28.4638 -1.6475 8.3137
Car -1 -1 -1.2937 312.4068 179.7845 359.0185 205.9294 1.4474 1.5884 3.6576 -15.7411 1.1478 41.6806 -1.6548 4.3302
Car -1 -1 -1.4080 412.4826 184.8232 480.5284 234.4655 1.4881 1.5755 3.7578 -5.2152 1.4775 23.4656 -1.6267 3.8294
Car -1 -1 -1.5247 411.8494 166.3353 442.7371 193.7210 1.5627 1.6243 3.7188 -10.7795 0.4865 43.0005 -1.7703 0.7084
Car -1 -1 1.6948 530.0394 176.6079 555.7346 195.7977 1.5266 1.6131 4.1363 -5.3265 0.8429 59.2771 1.6051 -0.1494
Car -1 -1 -1.1956 580.1682 169.4328 613.2667 188.5326 1.6473 1.6404 3.8923 -0.9589 0.2872 64.1074 -1.2105 -0.2294
