Car -1 -1 -1.2162 202.6550 188.3013 327.6313 250.5265 1.3997 1.5846 4.0096 -8.6544 1.4889 18.4357 -1.6551 13.8899
Cyclist -1 -1 1.5149 610.5569 168.8576 620.0512 193.1206 1.6868 0.5755 1.6934 0.5081 0.5507 50.8300 1.5249 0.2195
Pedestrian -1 -1 -1.3731 458.0413 164.1769 472.9462 198.4728 1.7390 0.6266 0.6867 -7.3089 0.6733 36.7892 -1.5692 0.3380
Car -1 -1 -1.3943 363.7296 182.5627 478.3360 265.8644 1.5018 1.6087 4.0650 -3.7897 1.4551 15.0401 -1.6411 12.2637
Cyclist -1 -1 1.5843 590.6701 177.9647 598.9766 201.3904 1.6948 0.5894 1.7211 -0.9647 1.1714 52.8670 1.5661 -0.4109
Pedestrian -1 -1 2.0472 233.4408 177.3512 269.0044 245.5179 1.6911 0.5957 0.6005 -9.0344 1.4971 18.1342 1.5850 0.0773
Car -1 -1 -1.0577 37.7245 161.8099 204.4566 245.3402 2.0321 1.8179 4.4751 -13.1734 1.4638 19.7829 -1.6452 11.6980
Car -1 -1 -1.5801 537.9082 175.6920 587.4644 222.7240 1.5683 1.6536 3.8435 -1.6883 1.2518 25.9442 -1.6451 10.6888
Car -1 -1 -0.8219 0.0000 198.0157 90.3303 375.0000 1.5032 1.6801 4.5136 -7.8053 1.6786 7.4816 -1.6285 8.9058
Car -1 -1 -1.2913 322.5227 181.7179 396.8928 224.0709 1.5225 1.6649 4.0811 -9.5652 1.3979 27.9181 -1.6214 8.2112
Car -1 -1 -1.2834 312.5214 181.3349 362.1436 210.8560 1.6034 1.6315 3.8296 -15.3880 1.3937 41.0081 -1.6424 4.1666
Car -1 -1 -1.4416 415.1898 183.3602 479.6645 234.1724 1.5001 1.5614 3.6662 -5.1128 1.4465 23.1135 -1.6593 4.0822
Car -1 -1 -1.4205 407.6162 164.6327 445.4898 192.1523 1.5383 1.6148 3.7123 -10.5905 0.3889 42.1043 -1.6669 1.3323
Car -1 -1 -1.5437 589.1165 175.1422 611.6966 196.2211 1.5440 1.6110 4.0263 -0.5448 0.8073 54.6789 -1.5536 0.9367
Car -1 -1 -1.4562 595.2838 167.2253 625.9874 191.3809 1.5412 1.6117 3.9032 0.2088 0.3945 47.8939 -1.4519 -0.1967
