Car -1 -1 -1.5804 582.0759 176.7011 619.7576 212.3798 1.5618 1.6505 3.7771 -0.3737 1.1902 33.3695 -1.5916 9.0100
Car -1 -1 -1.4000 433.5998 148.9240 532.5466 234.6583 2.3476 2.0410 6.1013 -3.7769 1.3550 22.7368 -1.5646 6.2594
Car -1 -1 -1.5039 527.0462 163.7043 566.7452 204.9499 2.2384 1.9410 5.3320 -3.4832 1.0721 41.6909 -1.5873 4.4231
Car -1 -1 1.6956 485.7730 180.9247 538.5473 222.9988 1.5450 1.6002 3.7778 -3.7305 1.3885 28.2870 1.5644 2.0496
Car -1 -1 -1.1650 0.0000 101.9368 430.6465 375.0000 2.0164 1.9389 5.7054 -3.4648 1.4933 7.4037 -1.6028 1.3715
Car -1 -1 -1.8335 618.3303 179.3396 661.5810 205.7836 1.5352 1.6471 3.9925 1.8859 1.1952 43.8572 -1.7905 0.5629
Car -1 -1 -1.3593 408.8077 173.3598 462.1625 210.2700 1.6057 1.6277 3.8333 -7.9198 1.0910 33.2023 -1.5935 0.2552
Car -1 -1 2.5082 651.3683 175.3006 704.1169 196.7739 1.6268 1.6316 3.8909 5.4621 0.8768 56.1527 2.6051 0.2153
Car -1 -1 -1.6368 659.1076 180.2042 685.6863 201.6489 1.4679 1.6191 3.9909 4.5488 1.1260 51.2161 -1.5482 -0.2960
Car -1 -1 1.8835 349.1572 184.3919 426.5505 228.1782 1.4695 1.5879 3.7890 -7.9021 1.4430 26.0297 1.5887 -0.5572
