Car -1 -1 -0.9197 0.0000 205.9467 276.8709 375.0000 1.4230 1.5381 3.8216 -3.8028 1.6147 4.6691 -1.6032 11.2131
Pedestrian -1 -1 -0.0877 686.0479 169.4233 709.6108 218.5786 1.7349 0.6419 0.7813 3.1756 1.1786 25.7015 0.0353 0.1880
Car -1 -1 -1.2706 326.5450 186.3513 409.1638 231.4274 1.4200 1.6011 3.9232 -8.1775 1.4633 24.7186 -1.5901 10.1889
Pedestrian -1 -1 -1.5991 651.5126 177.3275 661.2141 202.2546 1.6162 0.6107 0.7565 3.1522 1.1059 46.9956 -1.5321 -0.3987
Car -1 -1 -1.5689 573.6997 178.6572 609.5910 212.7966 1.5750 1.6563 3.7528 -0.8173 1.2735 35.0529 -1.5922 8.8677
Car -1 -1 -0.9140 0.0000 186.4976 126.1105 265.6800 1.4661 1.5642 3.8212 -12.3293 1.4980 15.2960 -1.5924 7.7153
Car -1 -1 -1.1810 166.1633 131.1892 360.5658 263.3830 2.5692 2.0362 5.6729 -7.7288 1.5203 16.8427 -1.6112 6.7784
Car -1 -1 -1.3860 416.2768 152.5844 518.5413 240.0456 2.2726 1.9804 5.5371 -4.0337 1.4258 21.4447 -1.5719 4.4935
Car -1 -1 -1.5701 506.0828 165.2477 542.8839 206.7559 1.9583 1.7299 4.2128 -4.2137 1.0173 36.1022 -1.6863 2.4810
Car -1 -1 -1.3542 388.4598 179.1898 425.2834 202.2801 1.4527 1.5819 3.6251 -13.1320 1.0747 47.0757 -1.6262 1.6247
Car -1 -1 -1.3728 372.4098 166.7878 404.9038 187.7430 1.5153 1.6078 3.8597 -16.4254 0.1839 53.9778 -1.6682 1.1210
Car -1 -1 1.6644 494.1147 162.4338 519.2525 182.5830 1.4875 1.5637 3.9705 -7.8007 -0.2099 55.6120 1.5250 -0.2553
