Car -1 -1 -1.2523 187.1840 181.5920 440.5503 350.1277 1.5624 1.5915 3.8850 -3.2366 1.5300 8.6333 -1.6110 12.4581
Car -1 -1 -1.5877 560.5386 176.5683 602.2400 216.8350 1.5856 1.6440 3.5820 -1.1765 1.2462 30.1371 -1.6267 12.0085
Car -1 -1 -1.3617 373.9038 186.6734 472.0810 257.1690 1.4346 1.4876 3.4170 -4.1531 1.4726 16.4326 -1.6092 11.8794
Car -1 -1 -0.9146 0.0000 194.3596 148.8556 348.5472 1.4492 1.5586 3.9862 -7.7821 1.5911 9.0269 -1.6261 10.9625
Car -1 -1 -1.1234 125.2722 184.7153 248.7524 236.5348 1.4822 1.6554 4.3290 -13.1861 1.4690 22.7792 -1.6481 7.5921
Car -1 -1 -1.3698 388.5865 159.1009 447.3173 201.0087 1.7992 1.7556 4.4824 -8.6928 0.6791 33.1441 -1.6263 7.5190
Car -1 -1 -1.1860 221.5686 185.0406 339.6290 248.5421 1.4823 1.5684 3.4917 -8.3439 1.4793 18.5504 -1.6087 4.6358
Car -1 -1 -1.2814 315.6794 182.4220 391.7697 226.5204 1.4882 1.5850 3.8287 -9.1980 1.3950 26.2053 -1.6189 2.1901
Car -1 -1 -1.4576 450.3455 179.6288 480.0135 202.0999 1.4632 1.5685 3.6721 -9.6419 1.1005 48.6971 -1.6531 1.7291
Car -1 -1 1.8752 371.7768 178.3217 415.1928 203.3420 1.5495 1.5851 3.9363 -13.8245 1.1237 46.4952 1.5862 -0.6544
