Car -1 -1 -1.3040 303.7805 187.1942 442.9689 284.0464 1.4831 1.5135 3.2925 -4.0453 1.5239 12.7477 -1.6113 13.5863
Car -1 -1 -1.5551 561.4138 178.0108 599.9433 213.8510 1.5302 1.6450 3.7643 -1.2339 1.2237 32.5874 -1.5930 11.9059
Car -1 -1 -1.0478 0.0000 189.7096 355.9818 375.0000 1.5598 1.5422 3.8222 -3.2042 1.6048 5.0703 -1.6114 11.0750
Car -1 -1 -1.1787 240.4507 184.9793 343.0101 242.1633 1.4878 1.5374 3.2172 -8.8639 1.4828 20.3220 -1.5900 10.8113
Car -1 -1 -1.3496 352.8066 156.8642 429.3789 217.2009 2.1481 1.8607 4.7044 -8.3498 1.1399 27.9995 -1.6394 8.6475
Car -1 -1 -1.0621 75.9355 181.7369 273.4417 268.4888 1.4334 1.5410 3.8602 -8.1098 1.3770 13.8202 -1.5928 6.1504
Car -1 -1 -1.0122 0.0000 184.2862 155.6820 250.7122 1.4424 1.5911 3.9802 -13.0714 1.4233 17.6522 -1.6496 3.9006
Car -1 -1 -1.2105 304.4507 173.7620 368.6949 205.8629 1.4686 1.6081 4.0027 -13.1047 0.9457 34.8850 -1.5699 1.9826
Car -1 -1 -1.1434 208.3371 176.7025 296.0190 218.9042 1.4562 1.5507 3.6130 -13.1017 1.1636 26.6299 -1.6006 1.7547
Car -1 -1 -1.4497 466.5734 169.4699 526.0118 218.3739 1.8508 1.8263 5.0692 -4.5462 1.2560 29.7628 -1.6013 1.6257
Car -1 -1 2.1761 97.4552 172.8572 148.7502 193.0301 1.5886 1.5984 3.7754 -39.3917 0.6165 58.5019 1.5835 0.2130
