Car -1 -1 -1.2643 233.3844 182.8597 462.0499 324.7206 1.5223 1.6574 4.2302 -3.2738 1.4981 9.8373 -1.5856 14.1134
Pedestrian -1 -1 -0.3632 0.0000 173.2102 41.9882 237.0776 1.6586 0.6396 0.7706 -15.7326 1.3479 19.1575 -1.0508 0.6334
Car -1 -1 -1.5650 560.1037 177.7145 619.5512 236.0262 1.5917 1.6236 3.5213 -0.5704 1.3881 21.3953 -1.5917 11.5348
Pedestrian -1 -1 -1.6135 636.8061 181.1474 654.5508 221.3375 1.5187 0.6459 0.7456 1.4098 1.3661 27.5361 -1.5624 -0.4579
Car -1 -1 -1.1288 170.9398 184.5214 333.1414 262.6265 1.5236 1.6415 4.0704 -7.7666 1.5112 16.0614 -1.5792 10.6867
Pedestrian -1 -1 -1.2624 334.5220 186.3084 352.6729 221.5413 1.6039 0.6123 0.6646 -12.1901 1.6559 33.0886 -1.6154 -0.7053
Car -1 -1 -1.3859 413.8620 175.8647 516.9852 251.6968 1.6018 1.6696 4.2060 -3.3189 1.4054 17.2872 -1.5756 10.0115
Car -1 -1 1.6451 499.6802 177.4046 548.4650 218.8187 1.5500 1.6530 4.0997 -3.3409 1.2588 28.9821 1.5303 6.9581
Car -1 -1 -1.2151 313.8287 182.1238 374.9872 213.3928 1.4230 1.5687 3.7064 -12.6193 1.2834 34.5680 -1.5652 5.8457
Car -1 -1 -0.7498 0.0000 202.3452 291.7600 375.0000 1.4834 1.6056 4.2462 -3.3286 1.6155 3.3430 -1.5330 4.9164
Car -1 -1 -1.3666 363.3413 174.3735 425.1966 214.1976 1.4246 1.5900 3.5154 -8.1367 1.0379 27.5284 -1.6540 4.3900
Car -1 -1 -1.3512 409.2809 177.7653 442.4125 198.6709 1.4704 1.5539 3.8103 -13.2567 0.9475 52.4842 -1.5986 1.9960
Car -1 -1 1.7055 480.9420 172.9746 507.6297 192.5551 1.4676 1.5519 3.7972 -8.7877 0.5512 55.7905 1.5493 1.5210
Car -1 -1 1.7547 601.5661 186.9662 638.2974 212.6168 1.4911 1.5523 4.0086 0.7695 1.6051 44.1936 1.7721 -0.5038
Car -1 -1 1.8538 355.4103 170.7639 392.1805 190.9699 1.4793 1.6016 4.0177 -17.7548 0.4224 54.6559 1.5397 -0.5699
