Car -1 -1 -1.2045 107.5783 203.1675 425.0576 375.0000 1.3790 1.5559 3.9442 -3.1768 1.6174 7.4996 -1.6052 14.3813
Car -1 -1 -1.3623 367.7007 184.6823 497.7010 271.9530 1.4852 1.6459 4.2736 -3.3575 1.4773 14.3834 -1.5917 13.9990
Car -1 -1 -1.1700 238.1662 179.6294 367.1333 244.4544 1.5084 1.6303 4.0513 -7.8249 1.3795 18.7528 -1.5653 11.6541
Car -1 -1 -1.5688 558.6570 175.3420 623.0890 239.0580 1.6214 1.6410 3.4706 -0.5160 1.3713 20.0439 -1.5945 10.7141
Car -1 -1 -1.4121 452.1854 174.0076 528.4348 233.7903 1.6199 1.6190 4.0919 -3.4513 1.3173 21.5211 -1.5711 10.4134
Car -1 -1 -0.8459 0.0000 190.9741 132.0999 358.1855 1.4953 1.5780 3.9765 -7.8028 1.5810 8.5616 -1.5850 9.7127
Car -1 -1 -1.2335 332.8678 181.0116 391.0968 210.3344 1.4411 1.5944 4.1097 -12.7315 1.2356 37.3871 -1.5617 7.6948
Car -1 -1 -1.4899 509.6992 177.3343 552.6068 213.8547 1.5280 1.5998 3.7587 -3.3856 1.1994 31.9715 -1.5954 5.0044
Car -1 -1 1.7842 424.4155 175.5874 454.3610 195.4376 1.5207 1.5629 3.6987 -13.3112 0.7842 56.9291 1.5545 1.0082
Car -1 -1 -1.3731 444.0856 177.6457 482.1660 202.8182 1.4625 1.5733 3.6826 -8.7506 1.0238 43.6035 -1.5712 0.8669
Car -1 -1 -1.2451 666.6312 167.1120 709.9049 193.1297 1.5349 1.5844 3.6092 4.9843 0.4680 44.3748 -1.1332 0.7395
Car -1 -1 1.8909 380.8214 166.4257 443.8681 205.0768 1.5368 1.5714 3.4159 -8.2086 0.7908 30.3280 1.6266 0.0940
