Car -1 -1 -1.0645 0.0000 198.5535 382.6359 375.0000 1.5227 1.6485 4.1620 -3.1743 1.6630 5.3966 -1.5963 13.7694
Pedestrian -1 -1 -1.0484 0.0000 232.0459 192.6659 375.0000 1.7685 0.6703 0.6438 -2.7174 2.0361 3.7307 -1.6779 -0.5351
Car -1 -1 -1.5589 564.5781 177.2939 619.9570 232.3828 1.6095 1.6184 3.5013 -0.5146 1.3792 22.7579 -1.5815 12.0510
Car -1 -1 -1.3390 350.7717 179.0718 495.3379 283.0544 1.6245 1.6495 4.1276 -3.2589 1.5297 13.2976 -1.5794 11.1598
Car -1 -1 -1.4603 487.2530 179.4621 547.2865 226.3510 1.5606 1.6845 4.4176 -3.2379 1.3703 26.1417 -1.5835 10.7596
Car -1 -1 -1.1933 291.7123 184.5315 361.2283 219.2653 1.4559 1.6153 3.7424 -12.4690 1.4283 32.0036 -1.5649 9.4341
Car -1 -1 -1.2601 335.8663 179.9868 419.0463 229.3324 1.5759 1.6298 3.8819 -7.9060 1.4101 24.8979 -1.5675 6.9619
Car -1 -1 -1.0561 75.5888 181.8624 280.5918 276.6206 1.4900 1.5761 3.7052 -7.6534 1.4384 13.1619 -1.5827 6.8506
Car -1 -1 -1.4700 471.7309 178.3760 499.7567 199.0894 1.4426 1.6170 3.9188 -8.8185 0.9674 52.0701 -1.6377 5.1748
Car -1 -1 1.8287 427.0826 171.4234 474.1980 200.4053 1.4562 1.5746 3.5545 -8.2628 0.7643 37.9238 1.6142 -0.1508
