Car -1 -1 -1.5577 559.0211 173.8396 627.4661 243.1839 1.6533 1.6323 3.4938 -0.4071 1.3832 18.8885 -1.5793 11.9076
Cyclist -1 -1 1.6401 528.3040 167.4430 543.6508 205.4610 1.7671 0.6101 1.7746 -3.4493 0.9422 34.3058 1.5399 -0.7605
Pedestrian -1 -1 1.3931 706.5622 162.6743 726.6865 205.8820 1.7709 0.7026 0.7539 4.4788 0.8481 29.8452 1.5420 -0.8052
Car -1 -1 -1.4209 455.2221 179.4510 530.4374 233.3397 1.4777 1.6172 4.3876 -3.4306 1.3208 21.9064 -1.5763 9.4847
Pedestrian -1 -1 -2.4239 509.0356 171.8072 535.6505 217.9609 1.6943 0.6190 0.7706 -3.2298 1.2032 26.8577 -2.5436 -0.8384
Car -1 -1 -1.4475 490.9433 177.6785 543.8972 218.2761 1.5067 1.6189 3.9578 -3.5660 1.2281 28.6546 -1.5713 9.4091
Car -1 -1 -1.5225 510.8131 174.5287 547.1611 208.5734 1.5898 1.6078 3.6796 -3.8694 1.0919 35.4502 -1.6313 2.5615
Car -1 -1 -1.5202 498.0459 171.6722 516.2252 186.9858 1.4434 1.5694 3.4952 -9.7201 0.1680 69.5638 -1.6590 1.7338
Car -1 -1 1.5417 618.7988 170.8051 647.5374 196.4904 1.5158 1.6480 4.1824 1.5068 0.6665 44.5140 1.5755 0.5744
Car -1 -1 -1.6311 647.8482 164.7029 671.0016 185.2703 1.6378 1.6561 4.0648 4.2147 0.0055 59.2793 -1.5602 0.1311
