Car -1 -1 -1.3865 439.6902 184.5044 513.2592 238.4424 1.5144 1.5658 3.6759 -3.9713 1.4956 22.0219 -1.5649 13.2806
Pedestrian -1 -1 -1.5273 562.2786 180.9843 579.8667 223.0868 1.6339 0.6603 0.7498 -1.4760 1.4708 28.2703 -1.5795 1.0547
Car -1 -1 -1.2084 130.4640 187.2896 445.1304 372.7178 1.5440 1.6789 4.4819 -3.2491 1.5755 8.2825 -1.5822 12.3405
Car -1 -1 -1.0587 76.3727 191.4439 279.0506 280.9203 1.4409 1.6222 3.8679 -8.0265 1.5784 13.7895 -1.5858 11.1157
Car -1 -1 -0.8539 0.0000 188.8541 81.1424 287.7327 1.6143 1.6503 4.3143 -12.7288 1.6976 14.0641 -1.5895 9.8532
Car -1 -1 -1.5829 568.2364 179.8545 609.6202 220.2745 1.5713 1.6103 3.5045 -0.8405 1.3640 29.7245 -1.6112 9.5614
Car -1 -1 -1.2670 334.8694 178.5223 418.3052 230.5860 1.7301 1.7009 4.1426 -8.2683 1.5088 25.9592 -1.5753 8.7912
Car -1 -1 1.8579 329.4784 163.5970 369.1287 185.8852 1.4842 1.5773 3.7917 -17.8748 0.0457 49.8035 1.5133 4.4529
Car -1 -1 1.6643 503.0902 175.8065 545.6448 214.7840 1.7457 1.6545 3.8686 -3.9365 1.3254 34.1431 1.5495 4.3564
Car -1 -1 -1.3084 499.9411 180.1216 525.1173 195.2810 1.4461 1.5735 3.5773 -9.3082 0.9613 70.4480 -1.4398 1.8539
