Car -1 -1 -1.3613 352.4867 191.2514 489.0914 282.9041 1.3739 1.5674 4.0417 -3.2604 1.5022 13.0888 -1.6054 13.4308
Pedestrian -1 -1 -2.4429 1118.5722 177.2347 1240.0000 375.0000 1.6077 0.6495 0.7498 3.9239 1.5609 4.7421 -1.7516 -0.4164
Car -1 -1 -1.5649 557.5341 173.9850 624.6410 240.9332 1.6013 1.6062 3.3361 -0.4771 1.3338 18.8737 -1.5902 12.5938
Pedestrian -1 -1 3.2035 539.7019 183.7769 565.5575 234.5352 1.3894 0.5912 0.6827 -1.5709 1.3511 19.9743 3.1250 -0.4748
Car -1 -1 -1.4237 441.7816 179.9319 521.6663 237.7090 1.4346 1.5941 4.0228 -3.4168 1.3046 19.8749 -1.5939 12.5065
Pedestrian -1 -1 -0.0548 639.9509 170.1193 653.8890 199.0154 1.6904 0.6106 0.7870 2.2780 0.8084 42.3550 -0.0010 -0.6682
Car -1 -1 -1.4239 481.3868 173.6858 542.0130 221.6923 1.6791 1.6828 4.1590 -3.5908 1.2770 27.2321 -1.5550 8.4249
Car -1 -1 1.7548 405.3555 171.8721 457.8646 206.0355 1.5203 1.6597 4.3342 -8.3327 0.9277 34.1964 1.5158 5.1762
Car -1 -1 -1.5691 520.3808 177.7646 553.5909 210.2346 1.5202 1.5509 3.4362 -3.5194 1.1725 35.4373 -1.6681 3.3928
Car -1 -1 1.7929 454.4022 170.4145 492.4193 194.3182 1.4970 1.5996 4.0280 -8.7659 0.5712 47.0580 1.6087 2.8033
Car -1 -1 -1.2203 296.4845 175.3142 397.3385 228.6413 1.4801 1.5919 4.0624 -7.8793 1.2064 21.9847 -1.5644 1.6916
Car -1 -1 -1.2777 389.4769 167.3402 421.2539 184.9488 1.4690 1.5763 3.9132 -17.4249 -0.0226 61.9985 -1.5517 -0.1478
Car -1 -1 -1.2775 354.0303 180.0894 403.2994 207.4393 1.4661 1.5895 3.8820 -12.8638 1.1924 40.4824 -1.5852 -0.3857
Car -1 -1 1.8624 488.1908 165.8996 518.0922 183.2840 1.4836 1.5440 4.0121 -9.2717 -0.1762 63.9061 1.7183 -0.4708
