Car -1 -1 -0.9396 0.0000 190.7808 210.7287 320.4557 1.4851 1.5683 3.8998 -7.6238 1.5815 10.3491 -1.5745 12.9352
Cyclist -1 -1 2.2518 51.6527 174.0793 92.6348 211.6480 1.6890 0.5830 1.6915 -24.7278 1.1894 33.1703 1.6112 -0.5166
Pedestrian -1 -1 0.5406 131.5471 177.8092 173.3135 241.8266 1.6127 0.6001 0.6949 -11.7024 1.4272 18.4140 -0.0256 -0.8037
Car -1 -1 -1.5567 561.1813 179.3704 615.5117 232.2441 1.6150 1.6599 3.6143 -0.6603 1.4376 23.7721 -1.5845 11.9946
Car -1 -1 -1.2452 238.4164 180.8900 463.8568 334.2976 1.6500 1.6311 3.8909 -3.2043 1.6046 9.6779 -1.5650 10.9854
Car -1 -1 -1.3407 412.8828 181.1828 462.8844 213.9235 1.5126 1.5678 3.7161 -8.2550 1.3274 35.0655 -1.5719 9.8621
Car -1 -1 -1.4372 470.6321 177.7733 542.0591 232.4030 1.6139 1.7141 4.5451 -3.2454 1.3951 23.5084 -1.5744 9.1150
Car -1 -1 -1.1973 261.3845 185.2841 334.2702 222.9603 1.4312 1.5467 3.4675 -12.4815 1.4352 29.0667 -1.6029 4.8001
Car -1 -1 -1.3932 459.5566 176.1995 493.3077 198.8392 1.4615 1.5763 3.8634 -8.8075 0.8806 48.3356 -1.5735 4.6647
Car -1 -1 1.8148 377.4672 177.3146 420.8805 202.7565 1.4844 1.6378 3.9779 -12.7199 1.0245 43.9562 1.5331 3.7628
Car -1 -1 1.8874 355.3629 168.2347 392.7484 189.0520 1.4560 1.5533 3.5309 -16.8934 0.2695 52.0420 1.5735 0.5877
