Car -1 -1 -1.2228 282.1931 177.0193 386.7170 238.4388 1.6580 1.6502 3.9459 -8.0303 1.4379 21.3835 -1.5820 13.7494
Car -1 -1 -1.3615 411.0660 183.2307 503.2497 248.1035 1.5142 1.5990 3.6781 -3.8292 1.4690 18.6191 -1.5644 13.6564
Car -1 -1 -1.5375 573.7498 178.8428 615.2289 217.0817 1.5358 1.6513 3.7635 -0.5497 1.2810 30.7624 -1.5554 10.4282
Car -1 -1 -1.0117 0.0000 191.7437 371.0456 375.0000 1.5605 1.6499 4.3383 -3.1383 1.6251 4.8018 -1.5906 9.1494
Car -1 -1 -1.4387 497.0740 182.0749 548.0583 217.8853 1.4403 1.6451 4.1983 -3.6383 1.3151 31.0205 -1.5555 7.3915
Car -1 -1 2.0788 161.4581 179.5110 278.4240 231.0945 1.5342 1.6321 3.9303 -12.4851 1.3657 23.3557 1.5878 4.2804
Car -1 -1 1.8331 374.2909 179.6734 439.8720 222.3775 1.5620 1.5628 3.7121 -7.8128 1.3604 28.1518 1.5624 4.2008
Car -1 -1 -0.9236 0.0000 181.1039 167.2861 248.6862 1.4014 1.5328 3.5279 -12.1390 1.3173 16.6806 -1.5527 3.9348
Car -1 -1 -1.0671 105.7211 186.2611 280.6912 264.9812 1.4469 1.5723 3.7160 -8.5453 1.4727 15.1248 -1.5814 3.5217
Car -1 -1 -1.3919 462.4833 179.4514 498.1143 205.0440 1.5623 1.5950 3.7362 -8.0902 1.2115 45.7494 -1.5669 0.9252
Car -1 -1 1.9238 300.2118 163.8198 351.9759 188.7416 1.4790 1.6411 4.2319 -17.4989 0.2104 44.7892 1.5514 -0.5373
Car -1 -1 1.4674 659.1276 184.2945 685.8746 204.9802 1.4618 1.5751 3.6592 4.6886 1.3978 52.6365 1.5562 -0.5972
Car -1 -1 -1.4308 499.5738 179.5423 522.9213 196.1334 1.4780 1.5849 4.0031 -8.8426 0.9737 66.0420 -1.5640 -0.7702
