Car -1 -1 -1.3836 433.6101 183.5275 510.8057 238.9149 1.5025 1.5795 3.7530 -3.9739 1.4578 21.3754 -1.5674 13.3215
Pedestrian -1 -1 -1.2107 358.8215 177.5594 386.1970 230.0484 1.6836 0.6316 0.7330 -7.7046 1.4391 23.4331 -1.5283 0.3171
Car -1 -1 -1.1768 76.1674 176.1747 436.3131 375.0000 1.6338 1.6932 4.3557 -3.2105 1.5671 7.5701 -1.5779 12.5472
Car -1 -1 -1.0265 30.8347 188.0196 253.1632 288.4200 1.5094 1.6075 3.6922 -8.0368 1.5676 12.7671 -1.5883 10.1888
Car -1 -1 -1.5615 569.5695 179.5515 610.7601 220.7120 1.6118 1.6133 3.3453 -0.7533 1.3911 29.8303 -1.5867 8.8346
Car -1 -1 -1.2496 326.9025 176.7765 413.0750 229.2244 1.6874 1.6539 4.0836 -8.2445 1.4170 25.1700 -1.5662 8.6541
Car -1 -1 -0.8046 0.0000 188.9050 49.6172 293.7243 1.5696 1.6643 4.3522 -12.7316 1.6492 13.0946 -1.5760 6.8892
Car -1 -1 -1.4272 499.5136 179.6209 548.7787 216.2817 1.6078 1.6862 4.3777 -3.8835 1.3636 33.7348 -1.5418 4.1582
Car -1 -1 -2.8338 347.1804 185.4195 443.4122 221.5373 1.5110 1.5833 3.6620 -9.1219 1.5212 30.9097 -3.1207 3.1472
Car -1 -1 -1.0426 102.0623 179.9356 231.3543 235.7907 1.4364 1.5330 3.5220 -12.3152 1.3017 20.2569 -1.5888 2.6640
Car -1 -1 1.5833 607.1046 186.0761 624.4018 201.8648 1.4730 1.6195 4.0111 0.7892 1.5595 69.3063 1.5947 0.9599
Car -1 -1 -1.3679 500.6383 181.5674 524.8693 197.1871 1.4698 1.5840 3.8546 -9.1751 1.1276 69.6186 -1.4989 0.4553
Car -1 -1 1.5459 607.9113 178.9737 638.9803 208.6148 1.5828 1.6361 3.9819 0.8101 1.2506 40.3772 1.5659 0.1870
Car -1 -1 2.0178 174.5447 188.7049 313.5083 258.2105 1.5121 1.5846 3.7269 -8.8218 1.6082 17.6984 1.5554 -0.3505
Car -1 -1 1.9350 323.6365 165.8275 368.1583 188.1870 1.4650 1.6052 3.7987 -17.8164 0.1958 49.0072 1.5863 -0.6951
Car -1 -1 -1.4901 537.0070 171.8056 561.3201 195.1700 2.0721 1.8504 4.8055 -5.3597 0.8839 66.1522 -1.5710 -0.7679
