Car -1 -1 -1.0157 42.9396 184.3955 207.8078 247.7890 1.5153 1.6585 4.2849 -12.7799 1.4968 19.3444 -1.5995 13.8645
Pedestrian -1 -1 -1.5184 558.9555 178.7629 577.8249 221.4990 1.5812 0.6697 0.7606 -1.5112 1.3436 26.9754 -1.5743 -0.1457
Car -1 -1 -1.3168 308.2573 176.3936 485.4474 298.7634 1.6590 1.7125 4.4199 -3.2878 1.5405 11.9636 -1.5850 13.5605
Pedestrian -1 -1 1.9159 689.9433 164.5274 702.3889 190.8048 1.6970 0.6047 0.7002 5.7430 0.3621 46.8682 2.0378 -0.7125
Car -1 -1 -1.4309 462.1695 180.4665 520.9121 226.5058 1.5290 1.5858 3.5856 -4.1177 1.3724 25.6773 -1.5899 12.2683
Pedestrian -1 -1 -1.5847 588.5709 176.8613 605.4618 221.5696 1.6570 0.6235 0.6021 -0.4449 1.3485 26.9500 -1.6012 -0.8467
Car -1 -1 -1.1745 233.8346 186.2341 353.2589 247.4839 1.4465 1.5533 3.7153 -8.1535 1.4771 18.9014 -1.5818 11.6106
Car -1 -1 -0.8430 0.0000 181.1146 149.1120 357.6913 1.6127 1.6238 4.1073 -7.6731 1.5763 8.6152 -1.5706 10.3273
Car -1 -1 -1.5442 561.9510 176.4133 606.8599 219.6922 1.6059 1.6664 3.9976 -0.9161 1.2804 28.6727 -1.5761 10.1023
Car -1 -1 -1.0788 214.0636 183.3696 311.9834 226.8071 1.4727 1.6021 3.8478 -12.5385 1.4112 26.3278 -1.5233 6.6897
Car -1 -1 -1.3179 381.2911 170.7926 439.7252 206.3806 1.4519 1.5718 3.6824 -8.5155 0.8646 31.1754 -1.5845 0.0297
Car -1 -1 1.8458 364.6376 164.5713 411.6598 191.1786 1.4574 1.5719 3.9607 -12.6012 0.3278 41.3681 1.5501 -0.3213
Car -1 -1 1.5606 642.0866 183.1845 664.0895 203.4653 1.4909 1.6157 3.9872 3.4198 1.3428 54.8762 1.6228 -0.3639
