Car -1 -1 -1.2959 282.4053 186.8137 473.2349 307.1325 1.4853 1.6538 4.1799 -3.3012 1.5156 11.0290 -1.5868 12.8695
Pedestrian -1 -1 1.8992 318.6377 179.4141 375.3061 291.3785 1.6562 0.6311 0.6763 -4.0205 1.5715 10.9748 1.5480 -0.7999
Car -1 -1 -1.5625 559.9407 177.6318 619.9753 235.9856 1.5717 1.6178 3.6195 -0.5565 1.3686 21.1820 -1.5888 12.4351
Car -1 -1 -1.1216 189.1631 181.0729 343.4598 258.2355 1.5724 1.6186 4.0418 -7.7543 1.4891 16.6771 -1.5569 10.7341
Car -1 -1 -1.3813 422.7060 176.6369 518.9992 249.8116 1.6536 1.6528 4.0832 -3.3927 1.4608 18.2873 -1.5647 10.0802
Car -1 -1 -0.9654 0.0000 208.8133 350.4089 375.0000 1.4541 1.5907 4.0338 -3.1615 1.6688 4.4800 -1.5800 9.2356
Car -1 -1 -1.4886 503.0011 181.7794 549.0938 220.6572 1.5020 1.5844 3.8132 -3.3508 1.3703 29.6975 -1.6009 8.6100
Car -1 -1 -1.1992 318.0423 184.3626 380.1637 216.0511 1.4695 1.5751 3.8573 -12.6456 1.4310 35.2803 -1.5434 6.2133
Car -1 -1 -1.3156 370.4021 175.2140 434.8532 213.7898 1.4273 1.5928 3.5906 -8.0630 1.0583 28.4049 -1.5921 4.8551
Car -1 -1 2.2222 0.0000 169.2897 73.1517 214.5581 1.4943 1.6306 3.8853 -21.3566 0.9697 25.7010 1.5289 1.9511
Car -1 -1 1.7555 414.7915 177.1318 447.7860 198.7080 1.5519 1.6588 4.1966 -13.1872 0.9716 53.8432 1.5153 1.8009
Car -1 -1 1.8539 357.0270 166.5475 394.2449 187.8656 1.5112 1.5857 3.8882 -17.0573 0.1890 52.9216 1.5421 0.1300
