Car -1 -1 -1.3973 412.8560 180.0389 511.3401 253.5367 1.5491 1.6402 3.8609 -3.3778 1.4411 17.0951 -1.5924 14.3522
Car -1 -1 -1.2843 261.3672 193.4645 467.3586 317.6066 1.3742 1.6233 4.1521 -3.2485 1.5178 10.3221 -1.5892 13.9101
Car -1 -1 -1.5629 558.0235 174.7437 625.2601 241.1280 1.6212 1.6429 3.5645 -0.4685 1.3666 19.3475 -1.5871 12.2748
Car -1 -1 -1.1975 269.7715 179.4294 383.1879 238.6164 1.5144 1.6417 3.9916 -7.8663 1.3675 20.3891 -1.5657 10.5093
Car -1 -1 -1.4171 467.1776 174.7072 535.5009 226.1268 1.5865 1.6536 4.2049 -3.5371 1.2634 24.2861 -1.5617 8.8230
Car -1 -1 -1.2618 344.6891 177.5626 397.2509 206.5876 1.4959 1.6185 3.8293 -12.7956 1.1026 38.9662 -1.5791 4.1752
Car -1 -1 1.8204 390.7459 171.8999 452.0729 208.5940 1.5363 1.6802 4.1555 -8.2869 0.9799 32.1721 1.5683 3.9244
Car -1 -1 1.7574 451.1356 168.9307 489.5053 193.5127 1.4899 1.6703 4.0408 -8.6867 0.5040 45.5875 1.5691 3.7848
Car -1 -1 -1.5645 513.0683 177.5674 550.0339 212.2832 1.5285 1.6227 3.8704 -3.5898 1.1928 33.6523 -1.6707 3.5268
Car -1 -1 -1.1777 247.6316 179.0605 325.7438 218.6079 1.4556 1.5540 3.5676 -12.5627 1.2302 28.2581 -1.5961 -0.4557
Car -1 -1 1.7563 433.3588 173.3481 460.6235 191.7391 1.4733 1.5524 3.6669 -13.2730 0.5237 59.4438 1.5366 -0.4732
Car -1 -1 -1.2946 393.1051 175.2937 431.5538 197.6134 1.4850 1.5746 3.8685 -13.5004 0.8260 49.7684 -1.5595 -0.5237
Car -1 -1 1.2956 650.8755 165.5741 686.9272 186.9731 1.5120 1.6274 3.9356 4.4349 0.1253 52.8766 1.3792 -0.5351
Car -1 -1 1.8793 382.4274 166.4307 416.8836 185.1245 1.4788 1.5975 3.9172 -17.0081 -0.0066 58.8609 1.5980 -0.6958
