Car -1 -1 -0.9717 0.0000 188.5865 174.3336 255.7884 1.4307 1.6168 4.2114 -12.7181 1.5245 17.6395 -1.5964 15.1389
Cyclist -1 -1 2.3101 0.0000 175.0583 38.4737 244.5084 1.7361 0.5916 1.7695 -16.0030 1.4833 18.8609 1.6065 0.4006
Car -1 -1 -1.4024 455.5299 181.7964 519.6203 230.8761 1.5523 1.5808 3.5511 -4.0602 1.4453 24.5109 -1.5666 13.6824
Car -1 -1 -1.2998 269.5541 176.7926 474.6461 318.3769 1.6879 1.7071 4.5281 -3.2835 1.5886 10.8489 -1.5937 13.0560
Car -1 -1 -1.1398 194.0809 184.4287 334.7551 254.3810 1.4962 1.6020 3.7798 -8.1100 1.4805 17.2677 -1.5789 10.8015
Car -1 -1 -1.5556 564.1638 178.3201 607.1311 220.5239 1.5975 1.6266 3.4700 -0.9032 1.3376 28.9543 -1.5868 9.4499
Car -1 -1 -0.8310 0.0000 191.1471 81.7950 375.0000 1.5330 1.6176 4.1585 -7.5205 1.6108 7.1675 -1.6404 8.5246
Car -1 -1 -1.3178 370.0860 173.9518 433.8918 212.4332 1.4798 1.5888 3.9482 -8.4315 1.0478 29.6328 -1.5950 3.1778
Car -1 -1 -1.3326 417.7808 185.5797 467.9568 215.9640 1.4622 1.6110 3.9204 -8.3611 1.4829 36.6084 -1.5571 2.7776
Car -1 -1 -1.4712 509.3134 181.4406 549.1515 211.7483 1.4631 1.6218 4.1544 -3.9917 1.2820 36.7824 -1.5793 2.6128
Car -1 -1 -1.0778 184.4087 181.3450 287.9163 229.9241 1.5301 1.6003 3.6257 -12.5605 1.4094 24.4662 -1.5521 1.8566
Car -1 -1 -1.7626 640.1538 180.4589 667.1055 198.2088 1.5166 1.6252 4.0732 4.0090 1.1113 63.5399 -1.6996 -0.0376
