Car -1 -1 -1.3847 425.4161 182.9462 506.6945 241.8407 1.4892 1.5649 3.6463 -3.8842 1.4329 20.0004 -1.5765 14.8881
Pedestrian -1 -1 -1.5794 596.1768 181.0612 613.3161 222.2239 1.6274 0.6778 0.7654 -0.1621 1.4642 28.8036 -1.5850 2.9707
Car -1 -1 -1.2446 308.5641 177.2462 401.5889 232.6080 1.6428 1.6380 4.0302 -8.1194 1.4074 23.3492 -1.5793 12.4962
Pedestrian -1 -1 -1.5109 566.7603 180.9941 584.8147 221.7378 1.6095 0.6796 0.7538 -1.3126 1.4439 28.7758 -1.5564 2.0882
Car -1 -1 -1.1304 0.0000 188.1534 403.9555 375.0000 1.5357 1.6460 4.0939 -3.1408 1.5704 6.1441 -1.6029 11.5747
Car -1 -1 -1.5764 571.6036 180.0116 613.1408 219.9517 1.5846 1.6490 3.7035 -0.7007 1.3792 30.3906 -1.5994 10.9654
Car -1 -1 -0.9885 0.0000 186.4303 192.9251 298.7656 1.4110 1.5332 3.4668 -8.0005 1.4335 10.8360 -1.6245 5.7719
Car -1 -1 -1.4533 499.2783 180.5688 547.3177 216.5215 1.5114 1.6498 4.3557 -3.7685 1.3172 32.3961 -1.5691 5.4508
Car -1 -1 -1.3536 382.1985 186.6968 441.1862 223.9739 1.4504 1.6043 3.7583 -8.1504 1.5174 30.0338 -1.6186 3.7319
Car -1 -1 2.0949 121.3650 187.6939 290.7990 263.5355 1.4620 1.5787 3.7632 -8.7014 1.5244 15.8766 1.5935 3.4697
Car -1 -1 -0.9674 52.9800 182.5672 210.4954 245.1791 1.4675 1.5907 3.7009 -12.2394 1.4066 18.7141 -1.5466 1.2038
Car -1 -1 -1.1375 210.6944 179.1389 302.4613 223.4274 1.4625 1.5540 3.6151 -12.4106 1.2630 25.5569 -1.5896 0.8696
Car -1 -1 -1.5958 700.2026 181.8518 734.8245 213.3094 1.4854 1.6047 3.8064 5.4065 1.3277 35.9276 -1.4465 0.0855
