Car -1 -1 -1.1868 101.5854 184.0815 431.4405 375.0000 1.5921 1.6355 4.0683 -3.2223 1.5843 7.6592 -1.5850 12.1042
Pedestrian -1 -1 -1.4130 421.1260 180.3143 439.5687 216.9753 1.5946 0.6756 0.7842 -7.8497 1.3825 31.6825 -1.6558 0.8364
Car -1 -1 -1.5693 560.6084 178.1166 612.8537 228.4694 1.5752 1.6355 3.5706 -0.7525 1.3542 24.2925 -1.6003 11.9621
Pedestrian -1 -1 3.0368 660.9421 180.6261 693.6718 249.8792 1.5831 0.6337 0.6945 1.5671 1.4794 16.7503 3.1301 0.0212
Car -1 -1 -1.3395 401.0650 182.5279 453.5411 215.2639 1.4303 1.5709 3.5883 -8.3057 1.3140 33.2103 -1.5846 11.4189
Pedestrian -1 -1 -0.9957 204.2265 161.7464 229.5831 198.4963 1.5655 0.6415 0.7799 -16.9039 0.5669 31.0324 -1.4945 -0.7397
Car -1 -1 -1.4319 459.2573 177.2548 534.2182 236.4486 1.6427 1.6893 4.3102 -3.3449 1.4229 22.1096 -1.5820 11.4121
Car -1 -1 -0.8517 0.0000 183.7007 148.6303 364.9678 1.6383 1.6333 4.1429 -7.6536 1.6257 8.5726 -1.5806 9.2945
Car -1 -1 2.1584 10.5364 183.5224 180.6290 254.0449 1.5210 1.5992 3.6012 -12.1740 1.4856 17.3201 1.5457 7.6477
Car -1 -1 -1.2536 361.8452 179.8783 411.8992 207.5374 1.5340 1.6327 3.9603 -12.8226 1.2391 41.8610 -1.5508 5.3972
Car -1 -1 -1.4616 502.2219 181.9852 543.0419 214.9543 1.5221 1.5809 3.7266 -4.1307 1.3741 35.0532 -1.5789 4.5211
Car -1 -1 -1.4405 452.0916 177.7337 486.1578 203.6485 1.5917 1.6502 3.9527 -8.8808 1.1333 46.1717 -1.6305 4.3685
Car -1 -1 1.7849 420.2170 174.5397 466.7015 207.2231 1.7211 1.6888 4.0716 -9.0817 1.1600 39.8954 1.5610 1.5683
Car -1 -1 1.9937 248.7080 176.4981 374.3128 241.3426 1.5750 1.6414 3.9904 -7.9031 1.3644 19.4813 1.6083 1.0898
Car -1 -1 -1.5417 527.7376 176.5976 553.6102 200.9663 1.5552 1.6072 3.7049 -4.4468 1.0063 47.7740 -1.6345 -0.5266
