Car -1 -1 -1.5667 567.2120 171.6258 627.6598 231.0862 1.6360 1.6639 3.6536 -0.3503 1.2632 21.6118 -1.5829 11.9512
Pedestrian -1 -1 -0.7989 259.6713 177.1839 306.2288 238.4239 1.5539 0.7200 0.8486 -8.5132 1.3512 18.7573 -1.2250 -0.4653
Car -1 -1 -0.8227 0.0000 193.8808 104.7232 375.0000 1.4596 1.5946 4.0150 -7.5820 1.5778 7.6757 -1.6020 8.9007
Car -1 -1 -1.1417 265.6350 179.5682 378.4758 238.0944 1.4974 1.5523 3.6976 -7.9628 1.3540 20.2768 -1.5159 5.1388
Car -1 -1 2.4454 0.0000 223.2925 151.1851 375.0000 1.4983 1.6562 4.2442 -3.4503 1.7352 2.2402 1.4505 4.0434
Car -1 -1 -1.1867 259.7555 176.2847 340.8879 217.0230 1.5166 1.6087 3.9747 -12.2255 1.1852 28.7590 -1.5886 2.6132
Car -1 -1 1.6391 547.1488 173.3595 571.7615 193.3350 1.5071 1.6478 4.1201 -3.7632 0.6137 56.2924 1.5723 1.1887
Car -1 -1 3.2124 484.5135 178.2820 578.7552 215.0139 1.5088 1.6108 3.8591 -3.1980 1.2251 30.3941 3.1076 0.6223
Car -1 -1 1.6644 510.4522 176.6825 552.3640 211.5129 1.5523 1.6220 3.7810 -3.5825 1.1732 33.9345 1.5592 0.3477
Car -1 -1 0.0104 500.5345 163.7618 544.4969 180.7430 1.4796 1.6021 3.8491 -7.6043 -0.4044 64.1637 -0.1075 -0.3959
