Car -1 -1 -1.3112 379.5773 181.0719 439.1826 219.0218 1.5125 1.5753 3.5405 -8.3592 1.3485 30.4236 -1.5793 13.7287
Pedestrian -1 -1 -0.9531 158.9376 163.4842 189.1065 208.7708 1.7308 0.6771 0.7784 -16.8561 0.9014 27.8824 -1.4968 0.2281
Car -1 -1 -1.1578 224.6655 181.2847 362.1381 251.7777 1.5902 1.6573 4.1622 -7.8514 1.5027 18.3000 -1.5631 13.0094
Pedestrian -1 -1 -2.4659 0.0000 160.7078 172.1394 375.0000 1.7801 0.6415 0.7432 -2.6832 1.6764 3.3949 -3.1347 -0.3582
Car -1 -1 -1.4232 441.9954 176.1959 527.0305 243.0532 1.6700 1.7160 4.3348 -3.3677 1.4458 20.1347 -1.5889 12.2313
Pedestrian -1 -1 3.0223 670.3723 181.5743 712.9406 270.1751 1.6436 0.6451 0.7291 1.5356 1.5772 13.6565 3.1343 -0.7657
Car -1 -1 -1.5650 559.7607 179.8159 609.5260 228.2853 1.5596 1.6021 3.5696 -0.8349 1.3870 24.9338 -1.5985 11.9526
Car -1 -1 -1.0227 0.0000 193.0310 364.8305 375.0000 1.5430 1.6307 3.9275 -3.1963 1.6202 5.0144 -1.5902 11.1299
Car -1 -1 1.9140 339.5369 179.0074 394.8909 209.1449 1.5301 1.6088 3.8368 -12.8166 1.2160 38.4279 1.5921 6.7515
Car -1 -1 -1.4380 492.9824 180.8816 537.9081 216.7918 1.5734 1.5969 3.6521 -4.2566 1.3847 33.3238 -1.5650 2.6785
Car -1 -1 0.1882 441.6752 176.9121 519.5487 202.6789 1.4779 1.6454 4.2573 -7.4271 1.0028 42.0786 0.0135 2.2550
Car -1 -1 1.6682 519.7130 175.2221 552.0404 203.5237 1.7333 1.6798 4.0036 -4.5813 1.1224 46.0251 1.5690 1.2980
Car -1 -1 -1.0777 197.6732 177.9948 296.8771 222.9828 1.4591 1.5763 3.6115 -12.5260 1.2260 25.1398 -1.5400 0.5213
Car -1 -1 2.0490 171.6858 167.0579 210.1890 183.4489 1.5004 1.5846 3.8087 -39.4759 -0.1712 68.1556 1.5240 0.4977
Car -1 -1 -1.3533 379.6889 169.6496 411.3386 189.0565 1.5175 1.6121 4.1239 -17.1879 0.3015 58.3202 -1.6399 0.4199
Car -1 -1 -1.3531 407.0674 179.7476 453.4036 211.5160 1.5512 1.5693 3.6055 -9.0899 1.2853 36.9173 -1.5945 -0.0069
