Car -1 -1 -1.3141 377.0365 183.5379 477.6016 248.5894 1.4704 1.5603 3.6898 -4.4621 1.4336 18.1016 -1.5558 13.6340
Cyclist -1 -1 1.7739 406.9299 177.3635 428.6966 215.2625 1.7260 0.6420 1.7767 -8.9092 1.3695 33.6388 1.5150 -0.1032
Car -1 -1 -1.0637 0.0000 197.1865 343.3103 375.0000 1.4119 1.5617 3.9281 -4.0800 1.5620 6.9622 -1.5937 13.3791
Car -1 -1 -1.4019 451.4275 181.1237 508.8204 220.6985 1.4364 1.5655 3.9293 -4.9413 1.2890 28.0559 -1.5762 11.1180
Car -1 -1 -1.3157 334.4210 179.6935 408.6237 225.7497 1.5759 1.6722 3.9078 -8.6767 1.3881 26.5946 -1.6311 9.3380
Car -1 -1 -1.1013 148.2971 190.8451 299.6438 265.6059 1.4459 1.5300 3.4912 -8.3640 1.5855 15.9200 -1.5851 7.6201
Car -1 -1 -1.5794 576.7462 177.9717 608.9277 207.0118 1.4792 1.6401 3.7855 -0.8490 1.1113 38.5281 -1.6014 7.6063
Car -1 -1 -1.1027 157.8343 164.5061 285.8867 228.7162 1.8912 1.7731 4.6374 -12.4530 1.2824 23.5041 -1.5899 7.5898
Car -1 -1 -1.4412 495.3312 182.2891 533.9607 211.3465 1.4419 1.5401 3.6563 -4.8389 1.2979 37.4981 -1.5695 6.1302
Car -1 -1 1.7262 474.6316 171.8762 502.7772 191.1347 1.4696 1.6122 3.8980 -9.3859 0.4528 56.8081 1.5625 0.4137
Car -1 -1 -1.6223 627.0969 168.5697 651.6886 193.0445 2.0292 1.8554 5.1105 2.6810 0.6502 62.1588 -1.5792 -0.7249
