Car -1 -1 -1.1255 47.8969 189.1913 396.9679 375.0000 1.5156 1.5958 3.6455 -3.5123 1.5670 7.2749 -1.5753 15.5668
Pedestrian -1 -1 -1.5438 581.7462 181.8529 595.2184 217.9602 1.6520 0.6038 0.7871 -0.9226 1.4993 33.2796 -1.5715 2.0080
Car -1 -1 -1.2617 328.5337 187.2893 416.7117 235.2617 1.3883 1.5784 3.8030 -7.4067 1.4609 22.8690 -1.5749 13.5795
Pedestrian -1 -1 -1.5946 606.3696 180.9080 621.0011 217.0023 1.6440 0.6555 0.7201 0.2355 1.4489 33.1042 -1.5875 1.4760
Car -1 -1 -1.3893 441.2330 185.1264 529.0520 249.4204 1.5681 1.6355 4.0970 -3.2625 1.5671 19.5907 -1.5543 8.9081
Pedestrian -1 -1 2.0339 165.9877 182.6807 266.4849 361.9182 1.6422 0.6510 0.5945 -3.7887 1.6201 6.8922 1.5313 -0.5869
Car -1 -1 -0.9035 0.0000 187.8755 149.8810 275.7385 1.5343 1.6259 3.9274 -11.4405 1.5969 14.6352 -1.5669 8.3126
Pedestrian -1 -1 -1.7046 717.7976 172.7949 733.0353 206.9846 1.6464 0.6354 0.7590 5.6927 1.0494 34.9999 -1.5434 -0.6899
Car -1 -1 -1.3474 410.5885 184.1817 465.4853 219.2398 1.5055 1.6194 3.8770 -7.7075 1.4623 32.8111 -1.5781 8.1276
Car -1 -1 -0.9706 37.3712 191.6006 261.0472 291.0671 1.4343 1.5108 3.5011 -7.6786 1.5612 12.3733 -1.5261 8.1248
Car -1 -1 -1.5320 583.7444 181.6568 621.6292 216.7992 1.6050 1.6841 3.9751 -0.2267 1.4435 34.8401 -1.5385 7.6186
Car -1 -1 -0.9953 111.5556 179.2775 253.6548 235.0914 1.4700 1.6333 4.0220 -12.2569 1.3147 20.9763 -1.5241 2.0884
Car -1 -1 -1.1930 287.4719 182.6686 356.0689 219.1617 1.5103 1.5852 3.5854 -12.4992 1.4061 31.5407 -1.5704 1.5495
Car -1 -1 1.7639 439.1825 173.0513 480.4458 200.3409 1.5290 1.6361 4.0293 -8.6739 0.8486 42.2949 1.5616 0.6529
Car -1 -1 -1.4646 528.6761 171.1512 561.8450 201.5856 2.0483 1.8397 4.7699 -4.3805 1.1028 50.7792 -1.5506 0.1675
