Car -1 -1 -1.0570 0.0000 201.3818 334.8741 375.0000 1.4052 1.6401 4.5702 -4.8234 1.6428 8.2117 -1.5881 14.2795
Pedestrian -1 -1 1.4541 662.9526 176.7574 674.2016 203.8936 1.6986 0.6171 0.8085 3.8147 1.1703 45.4077 1.5379 -0.8143
Car -1 -1 -1.1882 219.8509 185.9865 343.8483 255.5512 1.5643 1.5834 3.6299 -8.0696 1.5867 18.0452 -1.6088 13.4896
Car -1 -1 -1.2669 310.3171 184.3522 402.6736 236.3540 1.5903 1.6853 4.4030 -8.3596 1.5650 24.2048 -1.5994 8.9156
Car -1 -1 -1.5988 571.9843 183.3976 602.7408 210.9429 1.5102 1.6523 3.9569 -1.2442 1.4116 41.4307 -1.6288 7.9293
Car -1 -1 -1.4503 482.2076 186.5637 526.1057 219.4364 1.4097 1.5558 3.6638 -4.7087 1.4758 32.8233 -1.5928 7.7402
Car -1 -1 -1.0469 101.6099 186.0725 253.8261 252.6252 1.6031 1.6917 4.0984 -11.4477 1.6299 19.4215 -1.5795 5.3630
Car -1 -1 -1.4630 500.7421 183.3899 532.9621 208.0675 1.4485 1.5735 3.6794 -5.5539 1.3424 44.0434 -1.5884 1.4811
Car -1 -1 -0.7613 359.5499 182.8035 427.9526 208.9250 1.5948 1.6668 4.2245 -13.6908 1.4486 46.1311 -1.0498 1.0021
Car -1 -1 1.6025 526.7208 183.0968 546.1343 200.3446 1.4683 1.5792 3.8125 -6.2501 1.2890 63.1458 1.5038 0.9363
Car -1 -1 2.3765 0.0000 199.5545 61.6505 375.0000 1.4998 1.6147 4.3099 -8.5704 1.7042 8.0183 1.5578 0.0128
Car -1 -1 -1.3906 393.9353 146.8707 496.0671 240.9150 2.3839 1.9633 5.1974 -4.5782 1.4130 20.8505 -1.6068 -0.2286
Car -1 -1 2.2728 0.0000 165.1416 65.8694 188.1367 1.4926 1.6067 3.8694 -38.9627 0.1907 48.6106 1.5971 -0.3615
