Car -1 -1 -0.9823 0.0000 192.9550 189.0828 302.0349 1.4083 1.5082 3.6143 -8.4180 1.5518 11.3799 -1.6192 14.5005
Cyclist -1 -1 1.7905 449.0416 182.4710 461.4806 204.3005 1.6849 0.5964 1.7123 -11.9606 1.4741 56.3386 1.5813 -0.6761
Pedestrian -1 -1 -1.3524 387.6340 185.2643 423.0501 255.8660 1.4892 0.6085 0.6616 -4.4069 1.4914 15.5078 -1.6293 0.4398
Car -1 -1 -1.1522 208.7248 173.1957 348.0848 250.4617 1.6813 1.6403 3.9026 -7.9190 1.4209 17.5935 -1.5752 13.3819
Car -1 -1 -1.3378 383.4998 183.7178 491.3165 261.1577 1.5235 1.5480 3.4609 -3.6804 1.4952 15.8733 -1.5657 12.6676
Car -1 -1 -1.5670 578.6712 177.5173 618.0992 216.2008 1.5980 1.6291 3.5133 -0.4416 1.2811 31.4574 -1.5810 10.8221
Car -1 -1 -1.0266 73.3992 185.4767 223.5519 247.3375 1.4944 1.5715 3.9679 -12.2184 1.5033 19.3767 -1.5892 9.8657
Car -1 -1 -1.4181 488.6611 173.7084 548.3916 220.9762 1.7234 1.6977 4.3450 -3.4747 1.3050 28.4033 -1.5399 7.8801
Car -1 -1 -1.3934 456.1763 179.0001 494.5118 206.5858 1.5674 1.6146 3.6875 -7.8410 1.2154 42.6878 -1.5750 5.3606
Car -1 -1 -1.2571 334.4409 181.6989 418.5968 229.1376 1.4876 1.6089 3.8624 -7.8015 1.3784 24.4730 -1.5657 3.1953
Car -1 -1 1.9670 276.8910 157.6113 335.8576 185.7845 1.5400 1.6471 4.1722 -17.2909 0.0322 41.3770 1.5712 2.3554
Car -1 -1 1.7357 498.2570 175.8817 523.6831 193.6338 1.4965 1.5498 4.0769 -8.4117 0.7108 62.6558 1.6023 0.1805
