Car -1 -1 -0.9330 0.0000 189.9928 171.6379 338.5453 1.6071 1.5849 3.8239 -7.9169 1.6866 9.8401 -1.6105 11.6235
Pedestrian -1 -1 -0.0776 663.0902 180.5276 686.6787 228.9593 1.6443 0.6258 0.7600 2.2630 1.4863 24.7200 0.0137 -0.0590
Car -1 -1 -1.4221 451.4841 186.2611 513.3181 229.1903 1.4253 1.6125 4.1025 -4.4908 1.4673 26.0326 -1.5929 10.7062
Car -1 -1 -1.1221 146.3876 187.3975 321.1968 268.0586 1.5323 1.6826 4.3805 -8.0935 1.5887 15.9787 -1.5909 8.7355
Car -1 -1 -1.5845 574.9192 181.9630 604.7495 208.7225 1.4563 1.6245 3.7049 -1.0788 1.2804 41.0000 -1.6108 5.1972
Car -1 -1 -1.4340 489.1329 182.8610 528.7820 214.6625 1.5617 1.5622 3.5101 -5.0757 1.4472 37.0538 -1.5702 4.4216
Car -1 -1 -1.2532 246.4602 116.0369 467.5911 290.3856 2.6048 2.1048 5.9576 -4.3805 1.5724 13.7238 -1.5622 1.9101
Car -1 -1 1.7002 527.5674 179.8705 553.8654 199.5134 1.4839 1.5516 3.9912 -5.2330 1.0813 56.3253 1.6075 0.9235
Car -1 -1 -1.6312 622.2679 181.8116 648.4396 203.3506 1.4648 1.6092 3.9307 1.8975 1.2345 50.8684 -1.5939 0.3879
Car -1 -1 -1.6819 634.9312 182.4328 672.0852 209.7659 1.4724 1.6435 4.1733 2.5191 1.3236 40.8454 -1.6203 -0.1230
