Car -1 -1 -1.3572 377.8770 187.1098 481.9642 256.4113 1.4752 1.6135 4.0636 -4.2183 1.5278 17.4607 -1.5943 13.5575
Pedestrian -1 -1 -2.6665 214.7757 176.7177 256.5779 245.7879 1.6660 0.6165 0.7087 -9.1719 1.4621 17.6446 -3.1459 -0.5790
Car -1 -1 -1.3842 463.8114 182.4249 519.5583 221.2723 1.4468 1.5481 3.5949 -4.5852 1.3440 28.5875 -1.5432 10.7642
Car -1 -1 -1.5669 578.7810 178.5698 609.1442 207.1274 1.5257 1.6225 3.8317 -0.7971 1.1718 40.3304 -1.5867 8.4166
Car -1 -1 -1.1499 198.9727 181.2856 340.5401 252.3418 1.6206 1.6861 4.2706 -8.5515 1.5321 18.5360 -1.5821 8.0370
Car -1 -1 -1.2991 337.1949 187.3943 408.5987 229.0131 1.4063 1.5815 3.5645 -8.5397 1.4926 26.2899 -1.6131 7.6247
Car -1 -1 -1.2639 391.3543 178.2691 433.6153 201.4679 1.4493 1.5815 3.8096 -12.6933 1.0164 46.8412 -1.5285 3.7728
Car -1 -1 1.6995 489.3743 179.0129 531.0154 211.1366 1.6365 1.6778 4.4008 -5.2351 1.3217 38.8230 1.5654 3.7186
Car -1 -1 1.6187 516.7542 178.5299 543.5492 202.0835 1.5022 1.5909 3.8675 -5.1487 1.0770 47.8223 1.5115 3.2537
Car -1 -1 -1.3525 409.9587 178.7879 457.4747 210.7894 1.5698 1.6208 3.7104 -8.9589 1.2556 37.1283 -1.5893 3.0689
Car -1 -1 -2.7460 255.3416 174.0433 355.8671 211.2179 1.6494 1.6256 3.8924 -13.7267 1.1548 32.7079 -3.1433 1.9403
Car -1 -1 -1.5088 533.9326 172.2336 556.9373 194.7248 1.9439 1.7802 4.4884 -5.5561 0.8230 64.3923 -1.5949 1.0288
Car -1 -1 -1.2448 420.7295 167.0886 448.9688 182.6041 1.4647 1.5838 3.7193 -16.9112 -0.2617 70.4299 -1.4804 -0.6315
Car -1 -1 0.2467 403.0513 177.2713 475.0039 201.6849 1.4837 1.5794 4.0760 -10.4344 1.0020 44.5056 0.0164 -0.6861
