Car -1 -1 -1.2581 297.7687 185.6084 438.6365 267.2462 1.4335 1.5906 3.7883 -4.7067 1.4436 14.5315 -1.5713 13.4696
Pedestrian -1 -1 -1.5465 572.1835 179.4693 586.4312 217.6745 1.8038 0.6631 0.7307 -1.3872 1.5336 34.3071 -1.5869 1.5514
Car -1 -1 -1.3823 432.4567 181.2683 500.9605 228.6969 1.4610 1.5871 3.6194 -4.6553 1.3405 23.9526 -1.5743 13.1387
Pedestrian -1 -1 -1.5559 595.7074 179.3886 609.5917 216.0342 1.7248 0.6509 0.7339 -0.2726 1.4517 34.1996 -1.5639 0.2413
Car -1 -1 -1.0205 18.3800 180.6830 241.2294 282.7150 1.5809 1.6123 3.7528 -8.4215 1.5118 13.0294 -1.5943 11.8765
Car -1 -1 -1.0920 162.7526 179.1813 276.8286 231.8297 1.5277 1.5718 3.8672 -12.1939 1.3537 22.7978 -1.5831 10.3398
Car -1 -1 -1.5620 575.8865 175.9542 611.0658 209.4892 1.5892 1.6673 3.7368 -0.7316 1.1514 35.9402 -1.5824 9.2534
Car -1 -1 -0.8688 0.0000 199.9495 246.0573 375.0000 1.4836 1.5459 3.7775 -4.2683 1.6255 4.9690 -1.5785 7.1457
Car -1 -1 -1.2471 270.0555 184.5426 364.3015 237.9532 1.4677 1.5752 3.5252 -8.6392 1.4503 21.5549 -1.6283 5.7643
Car -1 -1 -1.4231 457.8971 177.5191 506.6966 215.3073 1.5826 1.6124 3.6927 -5.5515 1.2614 31.9683 -1.5951 5.3683
Car -1 -1 -1.3898 436.7110 168.5097 475.5805 194.5138 1.4774 1.6151 3.7388 -8.9878 0.5294 42.7282 -1.5971 5.1245
Car -1 -1 1.7991 419.4935 174.1505 451.7385 194.1430 1.4646 1.5606 3.8083 -13.0423 0.6551 54.5677 1.5645 2.1694
Car -1 -1 1.8402 368.1964 173.5466 429.9010 213.1293 1.6530 1.6447 3.9494 -9.2416 1.1668 32.0007 1.5590 0.8161
Car -1 -1 1.9499 323.3950 166.5136 370.6163 190.8547 1.5375 1.6100 3.8637 -17.1402 0.3573 47.3591 1.6026 0.6208
