Car -1 -1 -1.1021 49.3771 193.2417 359.8170 345.3650 1.4818 1.6675 4.3202 -4.8553 1.6120 9.3940 -1.5792 14.4971
Pedestrian -1 -1 -1.5179 571.5863 183.5798 583.6394 213.5430 1.6335 0.6268 0.7107 -1.6843 1.5454 39.5445 -1.5605 0.3845
Car -1 -1 -1.2204 246.6527 184.1140 358.6418 248.7355 1.5735 1.5838 3.7455 -8.1349 1.5478 19.4072 -1.6174 11.6296
Car -1 -1 -1.2811 325.2197 184.9835 409.4997 232.6249 1.5404 1.6668 4.2690 -8.4082 1.5340 25.3979 -1.6009 8.5351
Car -1 -1 -1.0620 126.6324 185.7094 263.1040 248.0432 1.5877 1.6607 3.8523 -11.5048 1.6041 20.2692 -1.5782 7.8643
Car -1 -1 -1.5709 571.1117 183.1969 601.2812 210.1805 1.4771 1.6519 4.0788 -1.2723 1.3678 41.4118 -1.6016 7.6220
Car -1 -1 -1.3854 400.7511 141.0828 505.1858 242.0353 2.7043 2.0990 5.6663 -4.5961 1.5232 22.1058 -1.5904 7.2527
Car -1 -1 -0.8752 0.0000 196.2143 114.5481 349.3334 1.5128 1.5844 3.8854 -8.5356 1.6874 9.3578 -1.6147 5.8349
Car -1 -1 1.6998 484.5116 185.1027 528.6022 220.0327 1.5648 1.6064 3.7012 -4.7715 1.5609 34.0584 1.5607 3.9099
Car -1 -1 -0.7259 373.5116 182.7237 438.4080 206.1860 1.4828 1.5999 4.1122 -13.3243 1.3264 47.5888 -0.9989 2.1285
Car -1 -1 -1.5845 628.3329 182.0202 656.2149 208.4545 1.5026 1.5843 3.7119 1.9962 1.3221 42.7400 -1.5378 2.0683
Car -1 -1 -1.4400 503.4678 184.5838 537.3098 210.3410 1.5587 1.6259 3.9499 -5.5061 1.5216 45.4815 -1.5605 1.5745
Car -1 -1 -1.1230 375.5299 170.7333 414.9258 189.9253 1.5285 1.6046 3.8579 -17.4920 0.3762 59.2800 -1.4099 -0.5158
