Car -1 -1 -1.4122 443.9515 187.4368 509.6944 232.4665 1.4130 1.6122 4.0064 -4.4607 1.4969 24.7710 -1.5903 10.5525
Car -1 -1 -0.8630 0.0000 189.8074 114.0069 374.6797 1.5788 1.6394 4.0328 -7.8771 1.6460 8.2934 -1.6226 9.8525
Car -1 -1 -1.0216 92.8804 189.7236 311.1029 280.0491 1.5141 1.7009 4.5282 -7.9440 1.6212 14.5804 -1.5205 9.0880
Car -1 -1 -1.5789 574.4061 182.5438 604.4300 210.3937 1.5119 1.6306 3.7668 -1.0904 1.3679 40.9305 -1.6056 6.6675
Car -1 -1 -1.3913 486.3766 183.8578 529.5703 214.8965 1.4795 1.5438 3.5177 -4.9846 1.4159 36.0515 -1.5287 6.0349
Car -1 -1 -1.2325 192.6827 97.8919 459.1366 306.0733 2.6980 2.1526 6.2661 -4.3519 1.5674 12.4478 -1.5688 5.6858
Car -1 -1 -1.3646 437.1003 183.4748 475.2494 207.9751 1.4586 1.5996 3.6796 -9.3886 1.3561 44.6339 -1.5719 4.4057
Car -1 -1 1.5038 624.5510 181.8258 652.2305 204.3346 1.4910 1.6342 4.0714 2.0571 1.2676 49.6693 1.5452 1.1430
Car -1 -1 -0.7979 0.0000 188.7923 81.6510 289.9197 1.4765 1.5798 3.8498 -11.4986 1.5499 12.5792 -1.5385 0.8000
Car -1 -1 -1.5765 638.5901 183.2811 669.8004 212.0860 1.4929 1.6161 3.8045 2.4878 1.3937 39.1978 -1.5131 0.7467
Car -1 -1 -1.5553 602.3016 186.9896 621.2328 204.7703 1.4738 1.5732 3.8077 0.3587 1.6324 61.8842 -1.5495 -0.0799
