Car -1 -1 -1.1197 145.6912 184.5304 307.6458 269.4874 1.6051 1.6026 3.7049 -8.0301 1.5933 15.4517 -1.5989 14.4720
Car -1 -1 -0.9451 0.0000 200.9558 258.7665 375.0000 1.4852 1.6225 3.9429 -4.7973 1.6664 6.2269 -1.6016 12.0703
Car -1 -1 -1.2106 272.8172 184.5919 380.2199 241.7510 1.5342 1.6457 4.0109 -8.2287 1.5186 21.3028 -1.5792 8.6882
Car -1 -1 -1.4513 473.8076 184.8434 522.2255 221.2354 1.4534 1.5851 3.9428 -4.6560 1.4397 30.7007 -1.6018 8.0650
Car -1 -1 -1.0283 37.8719 182.1141 215.8627 250.6283 1.4654 1.6500 4.2014 -11.4930 1.4002 17.5018 -1.6094 6.8581
Car -1 -1 -1.5718 573.1100 182.0465 602.9191 208.9198 1.4746 1.6362 3.7922 -1.1679 1.3019 41.3618 -1.6000 6.0331
Car -1 -1 -1.4603 497.2155 182.9067 531.6385 210.0062 1.5038 1.5838 3.7241 -5.4050 1.3768 41.7637 -1.5890 1.8293
Car -1 -1 1.3302 633.2782 179.7898 666.4197 200.7895 1.5122 1.6045 3.8233 3.0919 1.1226 53.7858 1.3876 1.7266
Car -1 -1 -1.3439 348.1868 130.1258 491.7305 254.3579 2.6421 2.1344 6.2740 -4.5484 1.4716 18.4374 -1.5858 1.3459
Car -1 -1 -0.9097 330.4491 182.3146 398.1043 208.9262 1.5416 1.6553 4.2485 -14.8200 1.3746 43.9168 -1.2352 -0.7460
