Car -1 -1 -1.1812 233.9545 188.3833 341.0376 245.0424 1.4098 1.4941 3.4450 -8.7462 1.5060 19.8195 -1.5968 14.5214
Cyclist -1 -1 1.9496 311.1634 192.0986 328.3964 214.5677 1.7096 0.6409 1.7712 -22.4897 2.2567 56.1225 1.5685 -0.5072
Pedestrian -1 -1 1.6613 460.2425 171.0125 479.3945 217.6169 1.8407 0.6927 0.7145 -5.5550 1.2808 28.7781 1.4706 1.7902
Car -1 -1 -1.3016 345.0657 187.4051 461.6241 253.1581 1.4305 1.6652 4.4383 -4.9862 1.4932 18.0031 -1.5718 13.9690
Car -1 -1 -1.0472 31.3543 188.6708 259.4097 290.8114 1.4949 1.5800 3.9428 -7.8714 1.5664 12.6486 -1.6039 12.5759
Car -1 -1 -0.7048 0.0000 186.0228 195.2015 375.0000 1.4702 1.5625 4.0013 -3.3321 1.4764 2.5087 -1.6302 7.3734
Car -1 -1 -1.0252 0.0000 182.2921 141.8557 259.7036 1.5897 1.6326 3.9806 -12.8884 1.5308 16.8250 -1.6789 6.8033
Car -1 -1 -1.5607 572.0940 180.9261 602.4323 208.6167 1.4867 1.6289 3.8502 -1.1660 1.2575 40.5316 -1.5895 5.5373
Car -1 -1 -1.1835 257.1219 182.1973 345.2460 226.9063 1.5810 1.6571 4.1323 -11.6378 1.4754 27.4933 -1.5839 5.5179
Car -1 -1 1.8956 345.3750 178.5659 398.5519 208.9109 1.6480 1.6540 4.1441 -13.4393 1.2880 41.1166 1.5797 4.0129
Car -1 -1 -1.4661 507.6722 182.3293 540.3920 207.9316 1.4500 1.5492 3.6887 -4.9421 1.2877 42.5627 -1.5817 1.5808
Car -1 -1 -1.1161 356.0433 168.8075 398.5981 187.9965 1.4829 1.6121 4.1112 -18.4547 0.2160 57.6979 -1.4257 0.9542
Car -1 -1 -1.3309 368.6162 181.3990 432.2046 222.9059 1.5980 1.6370 3.9070 -8.5039 1.4522 29.6557 -1.6101 0.9082
Car -1 -1 -1.3775 406.7806 179.0635 456.8224 213.0746 1.5908 1.6586 4.0898 -8.6986 1.3041 35.6992 -1.6165 0.1246
Car -1 -1 -0.9580 6.5248 166.6944 69.3786 188.6285 1.4522 1.5721 3.6580 -39.1468 0.2271 49.4597 -1.6275 -0.1614
