Car -1 -1 -1.1090 91.8710 190.3596 372.3745 342.7613 1.4622 1.5596 3.5590 -4.3063 1.5391 8.7983 -1.5642 13.4647
Pedestrian -1 -1 1.5820 572.4055 174.9051 585.2514 207.1587 1.5617 0.6213 0.6867 -1.4441 1.0636 35.1554 1.5409 -0.0753
Car -1 -1 -1.3502 371.0152 180.5910 468.6779 243.5489 1.4602 1.6075 4.0036 -4.7953 1.3540 18.6939 -1.6013 12.6441
Car -1 -1 -1.4114 459.1263 179.2098 512.8974 217.9484 1.4124 1.5290 3.4760 -4.7068 1.1945 27.9488 -1.5783 10.2322
Car -1 -1 -1.2289 321.3570 180.6144 402.0937 224.6486 1.4556 1.5943 3.6175 -8.6944 1.3046 25.5781 -1.5565 7.7565
Car -1 -1 -1.5535 575.8230 175.6068 609.4584 207.2878 1.5376 1.6325 3.8151 -0.7733 1.0724 36.7955 -1.5745 7.3224
Car -1 -1 -1.1064 168.5688 177.2165 319.7377 249.8755 1.5315 1.6073 3.9234 -8.4980 1.3640 17.1122 -1.5674 5.4128
Car -1 -1 -1.3641 448.6200 171.1135 487.2609 196.9113 1.6226 1.6676 4.2212 -9.1732 0.7367 47.3325 -1.5555 4.8037
Car -1 -1 -0.8734 0.0000 149.7855 105.0851 276.3503 2.1111 1.7619 4.2627 -12.2769 1.5213 14.1335 -1.5886 4.2321
Car -1 -1 -1.1695 235.0371 177.3054 323.7094 221.0811 1.5213 1.6200 3.9136 -12.2316 1.2475 26.9539 -1.5955 2.0871
Car -1 -1 -1.6306 676.8092 179.2629 735.3158 231.1320 1.5475 1.6343 4.0444 3.0907 1.3710 23.5180 -1.4999 0.8110
Car -1 -1 2.1076 87.5926 162.8473 175.9110 200.2210 2.1957 1.9647 5.7304 -29.7365 0.8827 45.1366 1.5250 0.3182
Car -1 -1 -1.1889 334.9753 158.6481 384.6707 184.0469 1.6153 1.6700 4.2762 -16.5377 -0.0806 48.0908 -1.5202 0.2259
Car -1 -1 1.9250 368.2861 169.4977 404.6452 188.6248 1.4779 1.5412 3.8516 -17.6711 0.2645 57.5063 1.6268 -0.5115
