Car -1 -1 -1.1887 220.8179 182.5539 400.2968 283.5929 1.5438 1.6149 3.8877 -5.1529 1.5042 12.9256 -1.5680 13.5679
Pedestrian -1 -1 -1.5458 572.2054 176.5691 588.5144 217.7118 1.7236 0.6739 0.7700 -1.1942 1.3625 30.5013 -1.5849 2.0315
Car -1 -1 -0.9904 0.0000 187.7498 219.0353 281.0023 1.4282 1.5039 3.6881 -8.7863 1.4815 12.9616 -1.5861 12.0367
Car -1 -1 -0.8506 0.0000 200.6972 233.5858 375.0000 1.4468 1.5536 4.0282 -4.3831 1.5961 4.8512 -1.5853 10.1409
Car -1 -1 -1.5331 575.4928 175.5998 615.2100 213.3976 1.5902 1.6374 3.6259 -0.5387 1.1868 32.0692 -1.5499 9.4661
Car -1 -1 -1.0966 168.7406 182.6147 289.1208 234.2652 1.4861 1.6383 4.1744 -11.8689 1.4124 22.7710 -1.5771 8.8446
Car -1 -1 -1.2932 353.4107 182.6999 415.3016 220.1377 1.4026 1.4873 3.3681 -8.8623 1.3095 28.6281 -1.5934 8.8005
Car -1 -1 -1.2026 277.0748 170.7230 377.8112 228.8593 1.6122 1.5995 3.7431 -8.4150 1.2114 21.8028 -1.5709 7.3704
Car -1 -1 -1.3701 436.8261 147.6342 520.3771 225.8015 2.4792 1.9543 4.8079 -4.4349 1.2884 25.2254 -1.5441 0.3375
Car -1 -1 -1.5084 497.0583 173.1956 530.2384 203.0648 1.5904 1.6112 3.7408 -5.2464 0.9515 40.1930 -1.6382 -0.0383
Car -1 -1 1.7062 382.9479 166.5882 408.4338 184.3896 1.4617 1.5971 3.6964 -18.0182 -0.0714 61.1505 1.4196 -0.7042
