Car -1 -1 -0.9758 0.0000 194.8675 211.3288 297.1597 1.3646 1.5235 3.6464 -8.2832 1.5485 11.7696 -1.5890 13.7702
Pedestrian -1 -1 -0.1684 707.5593 172.1850 726.5383 207.9578 1.6886 0.6283 0.7991 5.1707 1.0746 34.2502 -0.0186 0.1905
Car -1 -1 -1.2710 310.5363 189.6451 446.0334 273.2725 1.4121 1.5318 3.5550 -4.3840 1.5111 14.1019 -1.5724 13.6731
Car -1 -1 -1.3804 425.8721 184.4950 497.0432 229.1682 1.3725 1.5998 4.0303 -4.8472 1.3515 24.1037 -1.5789 12.5967
Car -1 -1 -1.2534 279.4720 179.9004 375.9242 233.9290 1.5347 1.6495 3.9348 -8.6446 1.3848 22.4220 -1.6213 10.9078
Car -1 -1 -1.0165 53.9999 158.6025 234.3677 246.8799 2.1145 1.8668 4.7996 -12.3995 1.4782 19.6234 -1.5801 9.3615
Car -1 -1 -1.4218 480.3579 180.3700 524.3278 213.6012 1.4553 1.5220 3.3943 -4.8478 1.2442 33.1775 -1.5669 7.9339
Car -1 -1 -1.5801 576.1097 176.8619 609.5301 208.7075 1.5927 1.6725 3.9549 -0.8409 1.1761 37.9523 -1.6022 7.8105
Car -1 -1 -0.7633 0.0000 208.6556 148.5370 375.0000 1.4786 1.5834 3.9955 -3.9411 1.6478 3.0871 -1.6696 7.5962
Car -1 -1 -1.4338 466.9921 175.3785 495.7592 195.9192 1.4498 1.5884 3.6737 -9.2297 0.7566 52.6010 -1.6075 4.1427
Car -1 -1 -1.6681 656.0280 182.8521 707.6371 222.3835 1.4887 1.6548 4.3441 2.8985 1.4008 29.2399 -1.5693 2.2937
Car -1 -1 -1.3618 421.6148 180.2489 464.7208 209.1240 1.5877 1.6354 3.9928 -9.4772 1.3158 41.5322 -1.5861 1.0917
Car -1 -1 -1.6188 629.6947 180.4919 655.8799 203.0097 1.5027 1.6212 3.9818 2.3777 1.1886 49.9586 -1.5712 0.2714
