Car -1 -1 -1.2512 254.8623 190.4612 424.8694 282.1802 1.4436 1.6853 4.5259 -4.9433 1.5625 13.8534 -1.5940 15.2941
Pedestrian -1 -1 -1.4962 569.3943 183.9962 581.7470 216.2901 1.7463 0.6218 0.7329 -1.7833 1.6814 39.2430 -1.5416 0.2834
Car -1 -1 -1.0623 96.4231 189.8856 264.9153 271.2122 1.4629 1.5012 3.4254 -8.6722 1.5717 14.8523 -1.5908 13.1803
Car -1 -1 -1.1426 204.9798 181.3843 305.6866 233.7789 1.5924 1.5878 3.6920 -11.5362 1.4771 23.7093 -1.5954 9.5252
Car -1 -1 -0.8266 0.0000 200.0337 84.0402 375.0000 1.4758 1.6438 4.2746 -7.7847 1.6762 7.4795 -1.6320 9.4043
Car -1 -1 -1.3139 370.5647 181.8422 439.0637 221.5928 1.5702 1.6969 4.6026 -8.5953 1.4380 30.7058 -1.5868 7.8610
Car -1 -1 -1.5586 570.7448 180.0804 601.0020 207.9396 1.5077 1.6375 3.8976 -1.2497 1.2309 40.8639 -1.5892 6.5278
Car -1 -1 -1.4708 496.0336 182.1737 533.7445 212.4911 1.5374 1.6141 3.9662 -4.9455 1.3843 38.4540 -1.5987 5.0547
Car -1 -1 -1.2816 322.7460 179.8701 402.9795 229.4676 1.5636 1.5909 3.7353 -8.3013 1.3962 24.5547 -1.6076 4.1811
Car -1 -1 -1.4120 440.6280 154.9711 516.8496 225.2776 2.3598 1.9655 5.3290 -4.7081 1.3458 26.8029 -1.5859 3.3769
Car -1 -1 -1.1395 265.9279 187.4512 314.3245 208.7824 1.4820 1.6265 4.2000 -23.1448 1.6529 52.4936 -1.5548 0.9645
