Car -1 -1 -1.2658 269.6085 186.4621 455.4092 305.9227 1.5101 1.5907 3.7708 -3.5658 1.5336 11.0143 -1.5789 14.1938
Pedestrian -1 -1 1.5456 580.3986 178.7588 594.5552 216.3425 1.6454 0.6083 0.6844 -0.9361 1.3639 31.8265 1.5162 0.4482
Car -1 -1 -0.9470 0.0000 173.9573 223.5385 313.8254 1.6649 1.6857 4.3614 -7.7923 1.5321 10.7373 -1.5748 11.7063
Car -1 -1 -1.5567 583.6464 178.1134 621.5663 213.8935 1.5646 1.6586 3.8001 -0.2480 1.2552 33.3368 -1.5641 11.1674
Car -1 -1 -1.3927 435.1520 180.5287 478.9998 210.6913 1.4676 1.5754 3.6629 -7.6943 1.2407 36.8252 -1.5987 7.4999
Car -1 -1 -1.0872 217.5387 187.1795 356.5724 253.3816 1.4238 1.5827 3.5750 -7.6454 1.4775 17.4043 -1.5011 7.4245
Car -1 -1 2.1001 100.4378 182.4312 244.8812 244.2570 1.4893 1.6003 3.7849 -11.4850 1.4234 19.2127 1.5613 6.8811
Car -1 -1 -1.2910 371.2134 183.5405 442.8824 225.6149 1.4510 1.5747 3.7891 -7.3976 1.3943 26.6885 -1.5614 6.7650
Car -1 -1 -1.4191 470.0565 176.3282 539.1653 230.6272 1.6107 1.6279 4.0147 -3.2946 1.3482 23.3367 -1.5594 6.1323
Car -1 -1 -1.3944 455.8814 178.6516 491.1880 202.2690 1.4700 1.5994 3.8801 -8.6934 1.0626 46.6867 -1.5785 0.5201
