Car -1 -1 -1.1981 212.8146 191.2612 439.8464 328.1631 1.4427 1.5495 3.6001 -3.5100 1.5394 9.5474 -1.5504 15.5453
Pedestrian -1 -1 -1.3642 580.7425 179.7312 598.5950 217.1389 1.6553 0.6554 0.7817 -0.8421 1.4137 32.2485 -1.3904 0.0267
Car -1 -1 1.8636 355.2590 181.3905 433.9209 227.8670 1.5113 1.5990 3.8832 -7.4432 1.3880 25.3186 1.5777 10.0522
Pedestrian -1 -1 -0.0873 664.3906 179.3441 689.0197 231.9523 1.6004 0.6064 0.7044 2.0791 1.4230 22.1706 0.0062 -0.3996
Car -1 -1 -0.9843 44.2170 186.7298 223.9391 253.6320 1.4399 1.6169 4.2000 -11.4325 1.4827 17.6728 -1.5585 9.9709
Pedestrian -1 -1 1.8445 688.6655 174.3674 701.7157 202.3360 1.7050 0.6400 0.6732 5.3594 1.0448 44.2530 1.9650 -0.7123
Car -1 -1 -0.8668 0.0000 176.5514 142.9353 360.6791 1.7159 1.6168 3.9702 -7.7365 1.6363 8.6985 -1.5937 9.7272
Car -1 -1 -1.5748 584.5344 180.0038 621.6501 216.1442 1.6088 1.6527 3.7617 -0.2646 1.3779 33.8867 -1.5827 9.4759
Car -1 -1 -1.1103 163.8867 189.1587 318.0452 263.3316 1.3894 1.5511 3.4510 -7.7091 1.4844 15.3745 -1.5751 7.7143
Car -1 -1 -1.3945 426.2774 182.2714 475.1980 214.3204 1.4840 1.6537 4.1252 -7.6885 1.3488 35.3737 -1.6085 6.7663
Car -1 -1 -1.4027 458.0002 171.8195 537.5370 234.8844 1.7380 1.7085 4.2153 -3.2832 1.3700 21.9311 -1.5513 6.7240
Car -1 -1 1.9122 321.4550 172.5368 386.0137 206.6759 1.5635 1.6484 4.2148 -12.3176 0.9840 35.0294 1.5740 3.3996
Car -1 -1 1.6115 559.2526 187.7058 585.1860 211.1955 1.4735 1.5575 3.7639 -2.3311 1.6453 47.3781 1.5623 0.1815
Car -1 -1 1.7340 484.8052 175.4989 514.1719 195.9852 1.4870 1.5590 4.0157 -8.1394 0.7828 54.1937 1.5850 -0.3452
Car -1 -1 2.0651 162.5052 179.5670 273.0431 228.8631 1.4506 1.5654 3.6270 -12.3623 1.2855 22.9634 1.5713 -0.6059
