Car -1 -1 -1.3039 327.6198 186.2667 474.2632 280.6054 1.4567 1.5852 3.7773 -3.6064 1.4796 13.0291 -1.5739 15.8021
Car -1 -1 -1.0500 80.4951 172.8157 288.5589 275.3931 1.6621 1.6040 3.9769 -7.7911 1.4623 13.6342 -1.5692 11.8206
Car -1 -1 -1.5617 581.7440 177.2886 620.2604 214.3920 1.5850 1.6454 3.7023 -0.3262 1.2475 32.5572 -1.5718 10.4476
Car -1 -1 -0.9023 0.0000 187.1683 146.1648 266.3878 1.4790 1.5700 3.9708 -12.0754 1.5277 15.5063 -1.5640 9.8152
Car -1 -1 -1.3644 445.4679 178.0113 487.8347 206.1972 1.4738 1.5813 3.5656 -7.7072 1.0983 39.3783 -1.5577 6.9326
Car -1 -1 -1.2380 282.4088 186.4522 385.9435 242.5095 1.4376 1.6069 3.7321 -7.6741 1.4771 20.4021 -1.5978 6.2239
Car -1 -1 -1.4360 479.0080 169.4818 542.2616 224.1493 1.7810 1.6869 4.0393 -3.3884 1.2695 25.4370 -1.5684 5.0591
Car -1 -1 -1.0905 191.6695 179.8740 300.1977 229.6738 1.4686 1.5506 3.7492 -11.5220 1.3122 23.0837 -1.5535 3.7687
Car -1 -1 -1.2747 437.9311 175.6346 474.2780 196.0688 1.4866 1.5760 4.0592 -11.4416 0.7907 54.3833 -1.4821 1.6173
Car -1 -1 1.6987 494.2371 173.9621 519.4437 192.5942 1.4703 1.5633 3.8225 -8.2132 0.5834 58.6414 1.5596 -0.1950
