Car -1 -1 -1.3075 305.5214 192.3569 453.3396 282.2090 1.3889 1.5857 4.1918 -4.1414 1.5459 13.5661 -1.6038 13.1706
Cyclist -1 -1 2.1565 88.2165 171.5930 110.8660 194.2580 1.6852 0.5409 1.7144 -38.4016 0.6734 54.3090 1.5411 -0.0546
Pedestrian -1 -1 -1.5581 597.3607 179.4355 610.0133 210.5400 1.6350 0.6633 0.7679 -0.2427 1.3323 38.1692 -1.5645 2.2050
Car -1 -1 -1.3900 443.0690 185.0359 507.0384 229.9853 1.4334 1.5356 3.6243 -4.5262 1.4288 24.7321 -1.5710 10.8867
Pedestrian -1 -1 -1.5292 576.2214 182.7576 589.3305 214.0067 1.6410 0.6632 0.8179 -1.3524 1.5131 38.1572 -1.5646 0.3713
Car -1 -1 -1.0228 69.9239 179.4738 281.6572 277.6668 1.6826 1.6783 4.1789 -8.4109 1.5854 14.4202 -1.5509 10.2869
Pedestrian -1 -1 -0.7368 344.0863 178.4318 360.9172 202.1590 1.5090 0.6232 0.8121 -16.4344 1.0787 46.2194 -1.0784 -0.2465
Car -1 -1 -1.1820 283.3620 189.7536 383.9002 240.3465 1.4188 1.5815 3.8627 -8.4746 1.5741 22.4587 -1.5428 8.6983
Car -1 -1 -1.5470 578.2469 182.1791 609.1161 210.6536 1.5004 1.6202 3.6822 -0.7671 1.3415 39.7196 -1.5663 8.2788
Car -1 -1 -1.1700 264.5244 176.8253 351.6457 224.1246 1.8383 1.7732 4.4498 -12.4793 1.5133 30.1669 -1.5622 8.0476
Car -1 -1 -1.3120 390.3206 180.3834 446.0714 217.9479 1.6369 1.6175 3.5953 -8.6991 1.4275 33.1206 -1.5688 6.8575
Car -1 -1 -1.4536 481.2104 183.4191 523.6276 216.1820 1.4971 1.5903 3.8768 -5.0754 1.4161 34.8042 -1.5984 6.3394
Car -1 -1 -1.4676 509.7213 183.3614 540.9350 208.4248 1.4730 1.5481 3.4971 -5.0331 1.3652 44.0009 -1.5815 6.1344
Car -1 -1 2.3794 0.0000 205.6903 70.3374 375.0000 1.4714 1.5883 4.0730 -8.2918 1.7562 7.9186 1.5709 5.7859
Car -1 -1 -1.2626 370.5222 181.1052 415.3033 206.0785 1.4231 1.5673 3.4864 -12.7410 1.1900 42.7186 -1.5525 5.2928
Car -1 -1 -1.4743 487.8019 174.9381 509.5447 191.7803 1.4447 1.5700 3.4960 -9.6113 0.5642 63.4458 -1.6247 2.8042
Car -1 -1 -1.2789 410.4049 169.3220 440.3930 185.8065 1.4713 1.6076 3.9526 -16.7536 0.0539 66.1669 -1.5269 1.0634
Car -1 -1 -0.9546 58.8759 190.7344 201.8695 250.4744 1.4539 1.5397 3.4216 -12.8611 1.6184 19.5478 -1.5366 1.0343
Car -1 -1 -1.3797 428.4578 178.8839 467.5354 205.1293 1.4565 1.5607 3.5928 -9.2474 1.1062 41.7053 -1.5979 0.3754
Car -1 -1 -0.7723 636.8464 181.3408 710.1450 210.0672 1.4781 1.5748 3.9748 3.5562 1.2799 38.8484 -0.6811 0.3718
Car -1 -1 1.5301 614.5170 181.8319 634.7772 199.5857 1.4951 1.5950 4.0230 1.4310 1.2113 62.5592 1.5530 0.0648
