Car -1 -1 -1.2126 216.1639 186.6216 409.3716 294.2225 1.4739 1.6148 4.0004 -4.6683 1.5023 11.9080 -1.5862 13.8026
Pedestrian -1 -1 -1.5666 597.4351 177.3664 611.6050 215.0630 1.7502 0.6579 0.8251 -0.1845 1.3869 33.7850 -1.5720 0.8557
Car -1 -1 -1.3597 411.3379 183.4370 489.2341 236.2333 1.4253 1.5325 3.5215 -4.5852 1.3785 21.1656 -1.5731 12.9480
Pedestrian -1 -1 -1.5678 582.7586 179.8254 597.3924 216.9024 1.7201 0.6788 0.7239 -0.8623 1.4711 33.7145 -1.5934 0.3992
Car -1 -1 -1.0322 101.6624 178.2857 239.6437 239.7746 1.5655 1.6025 3.7531 -12.1349 1.3902 20.1772 -1.5737 12.1358
Pedestrian -1 -1 -1.7282 570.3253 179.6056 585.9814 214.7665 1.6295 0.6270 0.7249 -1.4258 1.3706 33.7285 -1.7704 -0.3301
Car -1 -1 -0.9204 0.0000 184.6229 153.8966 318.3011 1.5307 1.5556 3.7833 -8.3755 1.5251 10.1486 -1.6104 11.5271
Car -1 -1 -1.5540 576.4829 175.8856 612.4397 210.1433 1.5991 1.6785 3.9428 -0.6576 1.1647 35.5249 -1.5725 9.1806
Car -1 -1 -1.2688 348.4559 181.5343 414.4473 220.4762 1.4779 1.5470 3.5897 -9.1085 1.3393 29.0731 -1.5724 9.0259
Car -1 -1 -1.4055 444.7608 178.9664 501.5556 219.7122 1.5466 1.6452 3.9430 -5.4393 1.3105 29.2679 -1.5893 6.5907
Car -1 -1 -1.1162 211.9777 187.4534 334.0402 249.1235 1.4526 1.5527 3.3849 -8.6419 1.5175 18.7625 -1.5479 3.9396
Car -1 -1 -1.3699 424.9800 170.9488 468.0858 198.6382 1.4585 1.5984 3.8207 -8.8950 0.7081 39.7860 -1.5898 3.8940
Car -1 -1 1.9345 335.6104 170.7261 379.8425 193.0157 1.4869 1.5796 4.0178 -17.3449 0.5214 49.9800 1.6005 1.3480
Car -1 -1 -1.2930 410.8086 178.8360 447.7136 199.9400 1.4740 1.5914 3.9056 -12.9277 1.0295 52.1823 -1.5359 0.7317
Car -1 -1 -1.2467 343.9350 179.2100 399.1500 210.1527 1.5421 1.6055 3.8747 -12.3670 1.2439 37.7655 -1.5632 0.5858
