Car -1 -1 -1.3249 361.4976 187.1542 467.5011 250.2294 1.4591 1.6527 4.4515 -4.9886 1.5175 18.9977 -1.5817 14.3282
Car -1 -1 -1.0849 93.0638 187.5273 283.6740 279.6330 1.5138 1.5957 3.6819 -7.8373 1.5652 13.7696 -1.6024 13.7552
Car -1 -1 -1.1937 254.5621 189.1186 355.1192 242.0624 1.4038 1.5432 3.4614 -8.7970 1.5288 21.0591 -1.5894 11.9113
Car -1 -1 -0.9931 0.0000 183.3101 179.6001 256.4895 1.6284 1.6796 4.1598 -12.8437 1.5871 18.1034 -1.6101 7.8846
Car -1 -1 -1.5671 573.0422 184.1986 603.5639 211.4802 1.4532 1.6261 3.8696 -1.1125 1.4002 40.2410 -1.5947 6.4364
Car -1 -1 -1.4331 470.1045 159.8600 531.1502 216.1615 2.3216 1.9816 5.4502 -4.7432 1.2772 32.3709 -1.5786 6.3367
Car -1 -1 -1.2703 354.3764 183.7777 403.4146 209.5128 1.4343 1.6299 3.9773 -13.3489 1.3553 42.0542 -1.5777 6.1912
Car -1 -1 -0.8460 0.0000 204.4499 285.5763 375.0000 1.4612 1.5513 3.9695 -3.3037 1.6121 3.5957 -1.5891 4.9154
Car -1 -1 -1.1677 269.7473 180.0742 353.6308 221.7463 1.5291 1.6251 3.9858 -11.6112 1.3415 28.3774 -1.5561 4.6067
Car -1 -1 -1.6861 658.2881 188.5922 713.3381 230.2563 1.4662 1.6287 4.0934 2.8901 1.6071 27.6830 -1.5820 3.7414
Car -1 -1 -1.5430 508.7945 181.2439 537.4950 206.9615 1.4873 1.6218 3.9546 -5.1186 1.2588 43.6114 -1.6598 1.7951
Car -1 -1 1.6007 634.4981 175.7740 652.3697 191.6895 1.4889 1.6018 4.1325 3.4624 0.6068 69.3706 1.6505 0.5128
Car -1 -1 -1.3712 405.0487 174.0171 428.7661 189.2717 1.4593 1.5635 3.6387 -18.7250 0.3891 70.6248 -1.6303 -0.7427
