Car -1 -1 -1.2954 326.9276 183.7023 448.7058 257.6050 1.4344 1.5637 3.8659 -4.7466 1.4062 15.8931 -1.5856 13.7949
Pedestrian -1 -1 -1.0271 0.0000 230.1951 142.4396 375.0000 1.4865 0.6429 0.7322 -3.7464 1.8175 4.8679 -1.6831 0.1068
Car -1 -1 -1.3803 441.7698 179.4724 505.4551 223.1371 1.4217 1.5364 3.6218 -4.6668 1.2358 25.2179 -1.5633 13.1783
Car -1 -1 -0.9565 0.0000 194.2179 302.4870 375.0000 1.4225 1.5228 3.6635 -4.2609 1.5248 6.2285 -1.5565 11.3182
Car -1 -1 -1.0696 81.3984 175.8686 267.4958 265.4758 1.5525 1.5690 3.7027 -8.4437 1.3917 14.3261 -1.6021 11.2729
Car -1 -1 -1.2150 284.4194 183.5493 382.8924 231.8706 1.4185 1.6337 4.0839 -8.7280 1.3707 23.1441 -1.5756 9.3350
Car -1 -1 -1.1122 186.4365 175.8557 294.8505 231.1580 1.7117 1.6693 3.9562 -12.2682 1.4231 24.2321 -1.5809 8.3739
Car -1 -1 -1.5547 574.7649 177.4490 608.7691 209.2444 1.5194 1.6250 3.8858 -0.8091 1.1494 36.2964 -1.5770 8.2492
Car -1 -1 -1.3876 440.4080 172.2446 479.4266 200.8776 1.6885 1.6850 3.8495 -9.0896 0.9247 44.3275 -1.5899 6.3639
Car -1 -1 -1.4273 464.7166 177.0179 510.9723 211.9362 1.5292 1.5988 3.7474 -5.5397 1.1713 33.3682 -1.5918 5.8467
Car -1 -1 3.3035 464.3327 164.4486 509.0196 182.9604 1.4651 1.4834 3.3505 -9.7312 -0.1826 57.8223 3.1368 4.2184
Car -1 -1 1.7885 421.6660 177.4243 453.6238 197.3616 1.5063 1.6105 4.0079 -13.3005 0.9188 56.3239 1.5566 0.0536
Car -1 -1 -1.1856 323.3385 160.3707 372.7335 184.7546 1.4558 1.5846 3.8208 -16.1937 -0.0289 44.9275 -1.5315 -0.1767
Car -1 -1 1.9103 353.2489 173.2026 394.0453 193.8074 1.4969 1.6401 4.1610 -17.6506 0.6253 54.3203 1.5961 -0.8086
