Car -1 -1 -1.1887 270.1475 179.6867 376.0408 235.6212 1.5107 1.6002 3.8327 -8.3523 1.3625 21.3341 -1.5619 13.0859
Cyclist -1 -1 1.7462 469.5055 177.2280 482.0126 201.0043 1.6852 0.5987 1.7119 -9.5249 1.1202 51.8040 1.5644 -0.8235
Car -1 -1 -1.3074 356.4618 184.7513 463.9971 248.4250 1.3612 1.5515 3.7491 -4.6441 1.3524 17.2386 -1.5706 13.0217
Car -1 -1 -1.6074 574.9100 173.7257 655.6122 254.0324 1.6277 1.6403 3.4594 0.0471 1.3959 16.3224 -1.6045 10.7620
Car -1 -1 -0.8337 0.0000 190.6204 243.0850 375.0000 1.5576 1.5959 3.7772 -4.1532 1.6076 4.6042 -1.5676 9.8418
Car -1 -1 -1.4215 446.6708 177.1317 511.0380 222.8261 1.4847 1.6400 4.1458 -4.5100 1.2232 25.4474 -1.5969 9.4861
Car -1 -1 -0.9082 0.0000 183.9063 116.4130 265.4994 1.4512 1.5831 4.0095 -12.2887 1.4291 14.8096 -1.6008 8.8530
Car -1 -1 2.1103 106.8206 178.6369 244.6962 235.3765 1.5495 1.6475 4.1776 -12.8970 1.3709 21.7187 1.5744 8.6384
Car -1 -1 -1.1277 192.6447 180.3038 277.5018 216.6254 1.4778 1.6503 4.1802 -16.1707 1.2791 31.3600 -1.6038 2.1336
Car -1 -1 -1.5607 549.3849 168.4722 567.4848 185.7016 1.6261 1.7056 4.4993 -4.7951 0.0470 70.1354 -1.6290 2.0989
Car -1 -1 0.2254 358.1316 171.0947 439.9983 198.6191 1.4915 1.6445 4.1001 -11.5561 0.7275 39.8872 -0.0566 1.6453
Car -1 -1 -1.2432 317.2868 175.9546 377.5218 208.7031 1.4799 1.5657 3.8150 -12.4141 1.0626 34.4039 -1.5895 -0.0718
