Car -1 -1 -1.5798 580.2986 172.0795 642.0072 233.1338 1.6258 1.6439 3.5638 0.0326 1.2771 20.9263 -1.5782 13.8287
Pedestrian -1 -1 -1.4903 569.1470 178.3570 586.4296 219.5796 1.6301 0.6346 0.7591 -1.2343 1.3600 28.8144 -1.5331 -0.7810
Car -1 -1 -1.3900 417.8761 176.0053 504.1499 240.0261 1.5985 1.6510 3.9517 -3.9950 1.3697 19.9346 -1.5878 11.7395
Car -1 -1 -1.4253 478.8530 177.3890 525.9650 213.4827 1.5087 1.5610 3.5906 -4.6427 1.1827 31.8392 -1.5701 9.2635
Car -1 -1 1.8100 377.5215 177.7324 434.7961 215.8901 1.5907 1.5933 3.7876 -8.9008 1.2799 31.8826 1.5377 5.2228
Car -1 -1 -1.5896 574.6023 179.1499 614.8996 217.2407 1.5066 1.5958 3.7904 -0.6264 1.2678 30.3545 -1.6102 4.1383
Car -1 -1 -1.4615 498.5703 178.9164 532.2501 204.8296 1.4756 1.5919 3.7504 -5.4835 1.1181 42.8209 -1.5888 2.7162
Car -1 -1 1.8054 441.7917 178.5675 481.5777 203.1439 1.4656 1.5854 3.8247 -9.0775 1.0703 44.8032 1.6055 1.9468
Car -1 -1 1.6902 519.1214 174.6379 548.0154 197.1484 1.5505 1.6075 3.8934 -5.2931 0.8230 51.4708 1.5877 0.7892
Car -1 -1 -1.2162 447.6346 168.0061 480.2857 184.7938 1.4752 1.6079 4.0510 -13.0491 -0.0385 65.4001 -1.4132 0.2432
