Car -1 -1 -1.1325 171.0001 187.0437 317.6851 260.7794 1.4752 1.5646 3.6213 -8.1016 1.5225 16.2973 -1.5939 15.1778
Pedestrian -1 -1 0.0179 572.3321 175.3182 592.4420 220.1289 1.7461 0.6122 0.7822 -1.0329 1.3616 28.3204 -0.0186 -0.1840
Car -1 -1 -1.2998 312.6879 175.3837 463.9456 281.4578 1.6582 1.6375 3.9081 -3.8731 1.5056 13.1990 -1.5852 13.4438
Pedestrian -1 -1 0.1058 502.5789 183.6097 519.1403 218.9870 1.6805 0.6034 0.7280 -4.6741 1.6053 34.4546 -0.0290 -0.4629
Car -1 -1 -1.4083 445.1775 177.7304 507.3904 226.4390 1.5584 1.5663 3.4545 -4.4898 1.3200 24.7355 -1.5878 12.8123
Car -1 -1 -1.5875 581.1913 172.5957 646.7583 236.9051 1.6063 1.6389 3.7069 0.0873 1.2922 19.8148 -1.5831 12.6840
Car -1 -1 -0.8660 0.0000 194.1385 149.8850 353.7188 1.5917 1.6520 4.1134 -8.2014 1.7359 9.4614 -1.5801 11.9767
Car -1 -1 -1.3966 482.8537 180.4826 526.0753 211.2524 1.4609 1.5467 3.5553 -5.1420 1.2373 35.9273 -1.5388 4.8399
Car -1 -1 -1.5646 576.1845 179.4117 617.9499 218.3300 1.5093 1.6200 3.9094 -0.4713 1.2853 29.8361 -1.5804 4.4703
Car -1 -1 1.8795 280.0146 177.1935 348.4075 215.7159 1.5984 1.6639 4.0202 -12.9612 1.2667 31.8920 1.4935 4.4437
Car -1 -1 1.8223 421.8343 172.0886 467.0007 202.0640 1.5348 1.5472 3.4779 -8.7393 0.8638 38.5645 1.5994 2.3039
Car -1 -1 1.7301 521.6726 176.5650 557.2878 201.7485 1.4798 1.5876 3.8764 -4.1792 0.9726 44.2224 1.6359 0.8814
Car -1 -1 1.9585 270.4124 184.1280 327.1043 210.9886 1.4802 1.6160 4.0217 -17.8455 1.4214 41.6343 1.5536 -0.8346
