Car -1 -1 -1.0813 61.3218 193.5695 361.0444 345.4643 1.4537 1.5812 3.9012 -4.6459 1.5829 9.0543 -1.5554 14.4481
Pedestrian -1 -1 1.6611 482.1377 175.0389 504.5293 231.8078 1.7002 0.6180 0.6552 -3.5196 1.3965 21.8733 1.5015 1.0012
Car -1 -1 -1.5730 581.1850 171.9448 637.7094 226.9690 1.6009 1.6447 3.6672 0.0019 1.2159 22.7459 -1.5729 13.0650
Pedestrian -1 -1 -1.2219 360.3280 176.6632 382.8964 219.8515 1.6296 0.6063 0.7359 -9.0667 1.3080 27.4967 -1.5404 0.5596
Car -1 -1 -1.1854 260.9006 181.2157 378.0012 237.5295 1.5156 1.6600 4.5653 -8.5355 1.4091 21.6333 -1.5612 9.4903
Car -1 -1 -0.8385 0.0000 202.6672 95.0292 375.0000 1.4788 1.6366 4.2244 -8.2510 1.7346 8.3386 -1.6186 9.3302
Car -1 -1 -1.3297 367.8191 137.8087 500.3122 244.5966 2.4533 2.0583 6.0774 -4.4942 1.3653 19.5648 -1.5555 9.2729
Car -1 -1 -1.4614 490.3693 174.9941 537.1423 212.1084 1.5037 1.5964 3.8137 -4.0330 1.0907 31.0441 -1.5906 8.6929
Car -1 -1 -1.4643 510.1653 175.9619 543.5960 202.2888 1.5239 1.6110 3.8778 -4.8805 0.9894 43.5487 -1.5759 4.8762
Car -1 -1 -1.5369 574.0780 176.6046 612.6207 212.2574 1.5004 1.5975 3.7748 -0.6288 1.1391 32.1464 -1.5564 3.4910
Car -1 -1 0.2912 356.9505 175.7784 477.4190 217.9354 1.5481 1.6531 4.1206 -7.2101 1.2026 27.2876 0.0329 2.8932
