Car -1 -1 -1.0936 136.4716 187.6480 307.0622 264.0164 1.4725 1.6128 4.1409 -8.4291 1.5351 16.0647 -1.5768 13.0189
Pedestrian -1 -1 -1.4182 475.9317 185.4873 498.1996 228.8173 1.4786 0.6507 0.7902 -4.2207 1.4893 24.9316 -1.5859 1.0148
Car -1 -1 -1.2863 318.8749 171.3796 455.4756 270.5537 1.7333 1.6305 3.6700 -4.2935 1.4926 14.3993 -1.5761 12.6907
Pedestrian -1 -1 -1.3844 443.2055 188.3711 465.2084 235.6510 1.6022 0.6224 0.7077 -5.3259 1.7136 24.7659 -1.5963 -0.1974
Car -1 -1 -1.3741 446.9087 181.7238 507.9693 223.1507 1.4138 1.5544 3.4250 -4.7276 1.2957 26.2553 -1.5523 12.0943
Pedestrian -1 -1 -1.6860 708.3007 178.2093 720.3795 205.7243 1.5643 0.6094 0.6852 6.0814 1.1671 41.2183 -1.5396 -0.5315
Car -1 -1 -1.6054 581.2102 173.2179 653.3095 246.1964 1.6443 1.6280 3.5586 0.1185 1.3751 17.9941 -1.5988 10.8010
Car -1 -1 1.6872 491.9585 175.8670 536.4339 210.8941 1.5757 1.6577 3.9577 -4.4392 1.1563 34.3231 1.5586 8.5652
Car -1 -1 -1.1585 259.5624 183.5155 337.1347 221.6794 1.4998 1.6030 3.7867 -12.9114 1.4341 30.1459 -1.5632 7.6812
Car -1 -1 -0.8082 0.0000 193.1429 231.3558 375.0000 1.5817 1.6363 3.9651 -3.6445 1.6433 3.4559 -1.6201 5.0094
Car -1 -1 2.2343 0.0000 186.1637 73.4539 217.1816 1.4448 1.5461 3.5462 -28.4005 1.4950 35.3731 1.5578 3.7036
Car -1 -1 -1.3325 408.7966 171.0825 449.3799 198.2219 1.7997 1.7374 4.4277 -12.3573 0.8636 49.8829 -1.5753 1.0440
