Car -1 -1 -1.2932 341.2830 170.1321 467.0747 256.3315 1.7856 1.7287 4.3240 -4.6897 1.4743 17.0571 -1.5615 12.0263
Cyclist -1 -1 2.1946 0.0000 139.5096 128.2452 375.0000 1.7301 0.5788 1.7620 -3.4168 1.5448 3.8336 1.4667 4.6788
Pedestrian -1 -1 -1.1605 279.5424 179.9619 305.2998 220.4828 1.5917 0.6748 0.8074 -12.5945 1.3864 28.6385 -1.5748 2.4288
Car -1 -1 -1.1038 143.8435 189.2872 301.1364 264.4293 1.4697 1.5852 3.7332 -8.4936 1.5729 16.1398 -1.5882 12.0224
Pedestrian -1 -1 -1.1478 260.7621 188.2232 286.1049 232.3654 1.7256 0.6890 0.6906 -13.2853 1.8474 28.4944 -1.5841 0.5992
Car -1 -1 -1.5598 574.7967 176.8658 620.8089 221.7740 1.6029 1.6424 3.8566 -0.4019 1.3060 27.5847 -1.5744 10.8455
Pedestrian -1 -1 -1.1303 239.9559 165.5992 259.4344 195.5159 1.3975 0.6140 0.6275 -16.9152 0.4823 33.8975 -1.5932 -0.3096
Car -1 -1 -1.3933 458.7935 181.5757 513.3724 219.5371 1.4681 1.5728 3.8293 -4.9953 1.3284 29.7197 -1.5599 10.5795
Car -1 -1 -1.1729 256.6337 184.2458 335.8222 223.9924 1.5639 1.6449 3.9771 -13.0492 1.5269 30.2776 -1.5798 8.6778
Car -1 -1 -0.8209 0.0000 105.0244 148.7642 375.0000 2.4348 1.9312 5.0031 -8.3505 1.7131 8.9786 -1.5700 3.5893
Car -1 -1 -1.3908 461.1643 168.7950 492.5586 190.3726 1.4804 1.5485 3.7910 -9.3038 0.3549 51.2101 -1.5706 1.2316
Car -1 -1 2.4617 0.0000 81.2806 127.8030 375.0000 1.4764 1.5987 3.9333 -3.8992 1.3723 2.7399 1.5034 1.2270
Car -1 -1 -1.5172 535.3355 178.7841 559.6772 200.5538 1.5374 1.5792 3.7817 -4.4015 1.0843 52.6757 -1.6005 -0.3590
