Car -1 -1 -1.2653 310.7958 185.7571 442.6813 266.1659 1.4912 1.5989 3.6979 -4.7656 1.5052 15.2032 -1.5690 13.9069
Cyclist -1 -1 2.1739 19.2699 165.6337 76.4998 221.0680 1.6909 0.5820 1.6803 -17.7525 1.0947 22.7795 1.5119 -0.4055
Pedestrian -1 -1 3.7803 0.0000 266.5817 119.0553 375.0000 1.7386 0.6176 0.8387 -3.7420 2.2866 4.4957 3.0861 -0.5863
Car -1 -1 -1.5806 578.2565 174.6658 631.7037 225.7700 1.5916 1.6657 3.6404 -0.1582 1.2641 24.2177 -1.5872 12.9120
Car -1 -1 -1.0509 58.5083 183.1601 271.4500 279.3261 1.6042 1.6571 4.1947 -8.4233 1.5710 14.1002 -1.5894 12.8935
Car -1 -1 -1.4132 432.0640 149.0664 517.2526 226.0793 2.4610 2.0796 6.0833 -4.6783 1.3070 26.0298 -1.5910 7.8946
Car -1 -1 -0.8888 0.0000 186.5603 144.9102 265.5148 1.6136 1.6018 3.5905 -12.7062 1.6492 16.5666 -1.5431 6.9827
Car -1 -1 -1.5099 505.3578 175.8925 540.7855 206.5400 1.5168 1.6120 3.7333 -4.3997 1.0565 37.4834 -1.6267 4.5092
Car -1 -1 -1.1705 313.5026 182.4138 377.8557 214.3410 1.5265 1.6376 3.9831 -13.2151 1.3936 36.3970 -1.5187 3.4235
Car -1 -1 -1.3250 402.1660 177.8783 453.3253 209.3516 1.4607 1.5859 3.6638 -8.7805 1.1213 35.1914 -1.5695 2.5349
Car -1 -1 2.1886 76.3082 178.7612 134.5893 199.7785 1.5478 1.6316 4.0099 -38.3346 1.0736 54.9488 1.5795 0.7238
