Car -1 -1 -1.1380 134.8558 191.0841 375.0016 322.5310 1.4715 1.5815 3.6260 -4.6693 1.5693 10.0214 -1.5741 14.5921
Pedestrian -1 -1 -1.2748 371.1484 175.6948 392.8345 218.0514 1.6706 0.6275 0.7828 -9.0596 1.2962 28.7426 -1.5801 -0.2698
Car -1 -1 -1.5933 580.6681 173.2717 636.5298 227.3851 1.5964 1.6502 3.6070 -0.0631 1.2452 23.0271 -1.5960 12.6826
Pedestrian -1 -1 -2.0937 614.8930 171.1945 643.8320 229.3006 1.7161 0.6433 0.6278 0.6056 1.3032 21.6564 -2.0658 -0.5502
Car -1 -1 -0.8832 0.0000 199.1029 129.4675 355.4441 1.4585 1.6086 4.1893 -8.3051 1.6787 9.2101 -1.6170 10.3275
Pedestrian -1 -1 2.4861 677.9048 169.0614 692.9510 196.4281 1.7714 0.6441 0.7383 5.0542 0.7269 46.9950 2.5933 -0.5846
Car -1 -1 -1.4759 493.4913 175.3607 536.5386 211.1085 1.5007 1.5691 3.5733 -4.1077 1.0881 31.9858 -1.6036 9.4215
Car -1 -1 -1.3595 378.9257 135.9729 502.6382 241.3045 2.5491 2.1253 6.2385 -4.5419 1.3585 20.5195 -1.5773 6.2738
Car -1 -1 1.9365 278.0177 178.7014 385.0629 232.2677 1.5219 1.6735 4.3865 -8.5707 1.3380 22.6162 1.5742 5.9687
Car -1 -1 -1.5756 574.5273 177.6276 612.1410 213.7383 1.5340 1.5987 3.7282 -0.6975 1.2128 32.4189 -1.5971 3.2356
Car -1 -1 -1.5023 512.3919 174.5319 542.0136 199.3179 1.4777 1.5835 3.7149 -5.0000 0.8419 44.7419 -1.6135 2.6276
Car -1 -1 -1.2753 362.7644 179.7442 428.1537 218.0546 1.4833 1.5775 3.7077 -8.7222 1.2726 29.6905 -1.5611 1.8410
