Car -1 -1 -1.5872 631.6717 179.9232 700.0172 247.2342 1.6257 1.6502 3.5106 1.4632 1.4990 19.1592 -1.5110 11.0952
Car -1 -1 1.7465 427.2675 180.0539 489.1390 224.4830 1.5471 1.6160 3.8982 -5.5716 1.3685 26.9987 1.5430 6.4566
Car -1 -1 -1.4949 697.4492 183.4590 727.7520 209.5690 1.5925 1.6360 3.7275 6.6964 1.4865 45.8374 -1.3499 5.8674
Car -1 -1 1.7367 458.5866 175.0658 509.3713 213.2441 1.6697 1.6773 4.0955 -5.7276 1.2269 33.4853 1.5673 3.4814
Car -1 -1 2.1639 0.0000 181.1222 77.3133 222.5829 1.4618 1.5049 3.4458 -21.9683 1.3186 27.1236 1.4831 2.3373
Car -1 -1 -1.4792 498.9750 165.3109 538.7990 203.3916 2.2774 1.9988 5.8266 -5.6210 1.0882 45.9300 -1.6010 0.6125
Car -1 -1 -1.4822 772.2248 182.3306 793.2778 198.5172 1.4677 1.5871 3.7689 16.3794 1.2073 67.2185 -1.2432 0.4018
Car -1 -1 -1.4448 617.9535 180.2403 639.7661 195.8640 1.4720 1.6215 4.0745 2.0746 1.0044 69.8639 -1.4151 0.1640
Car -1 -1 -1.1056 56.2905 173.9068 408.6445 357.4318 1.7923 1.8346 5.3491 -4.4812 1.6830 9.7201 -1.5376 -0.6449
Car -1 -1 -1.4181 0.0000 203.7192 53.0047 338.7123 1.4611 1.5824 3.6119 -9.1494 1.7763 10.2555 -2.1465 -0.8143
