Car -1 -1 -1.1963 202.6537 190.8999 394.5022 307.0716 1.4825 1.5329 3.4288 -4.5822 1.5849 11.0669 -1.5888 14.3957
Car -1 -1 -1.1012 136.5878 187.1789 305.1781 262.5168 1.4406 1.6064 4.0281 -8.3548 1.4906 15.8736 -1.5857 12.3082
Car -1 -1 -1.3738 392.3369 184.0859 486.1136 242.6771 1.4089 1.6339 4.3883 -4.4722 1.3828 19.4983 -1.5993 11.9556
Car -1 -1 -1.5685 576.1005 176.1275 656.9748 255.7199 1.6188 1.6458 3.7019 0.1509 1.4351 16.4768 -1.5594 10.3098
Car -1 -1 -1.2947 362.5885 182.2400 434.0448 221.4606 1.4570 1.6515 4.2484 -8.3322 1.3476 28.8296 -1.5761 7.7847
Car -1 -1 1.6215 656.4003 179.7840 678.1618 198.2978 1.4648 1.5929 3.6409 4.8795 1.0362 58.7803 1.7043 7.2893
Car -1 -1 -1.2589 323.1284 169.9433 389.8312 211.9050 1.9167 1.7900 4.4516 -12.1910 1.2202 35.0776 -1.5934 6.6297
Car -1 -1 -0.8983 0.0000 189.0061 121.0666 265.4450 1.4465 1.5884 3.9170 -12.8246 1.5411 15.7612 -1.5813 6.5493
Car -1 -1 -1.1600 246.2895 182.0034 333.5177 222.4722 1.4656 1.5723 4.1953 -12.3503 1.3504 28.1301 -1.5737 4.6292
Car -1 -1 -1.5526 542.9245 167.9695 563.7670 188.6161 1.7518 1.7488 4.8467 -4.7778 0.2896 63.4568 -1.6278 3.4000
