Car -1 -1 -1.1673 166.2336 163.4436 408.8145 305.9822 1.7565 1.7422 4.4152 -4.6131 1.4894 11.0699 -1.5622 13.1416
Cyclist -1 -1 2.0366 202.6777 167.2975 233.6327 204.1558 1.6570 0.5598 1.6858 -17.9915 0.8526 33.1636 1.5395 0.1581
Pedestrian -1 -1 -1.6212 606.6099 171.5536 627.5087 219.6684 1.6227 0.6779 0.7328 0.2729 1.1631 24.6192 -1.6102 3.4357
Car -1 -1 -1.5552 576.0757 171.4372 624.8992 219.3921 1.6253 1.6551 3.5513 -0.2786 1.1594 26.1395 -1.5659 12.1597
Pedestrian -1 -1 -1.5128 572.4341 172.0452 593.0129 220.1019 1.6278 0.6704 0.6621 -0.8957 1.1828 24.6838 -1.5490 1.1344
Car -1 -1 -1.3578 421.8005 178.8692 494.2900 226.2495 1.4513 1.5994 3.7481 -4.9247 1.2580 23.8968 -1.5611 12.0050
Car -1 -1 -0.8446 0.0000 188.8065 116.4841 349.2577 1.5586 1.6057 4.0550 -8.4399 1.6155 9.1144 -1.5916 7.3410
Car -1 -1 -0.9743 0.0000 190.1231 152.0257 263.3054 1.4557 1.5898 4.0736 -12.6067 1.5847 16.6488 -1.6224 7.0323
Car -1 -1 -1.2999 369.0263 179.2621 411.6444 203.6683 1.4577 1.5853 3.8069 -13.5345 1.1032 44.8514 -1.5930 5.1144
Car -1 -1 -1.2898 406.2125 180.2398 459.2159 210.8615 1.4677 1.5795 3.9445 -8.8378 1.2303 36.4553 -1.5276 2.4047
Car -1 -1 -1.1017 174.6116 174.7265 276.7262 226.3520 1.6227 1.5974 3.6126 -12.8883 1.2941 24.4104 -1.5875 -0.0892
