Car -1 -1 -0.9487 0.0000 196.6226 192.7339 314.3177 1.4091 1.5671 4.0811 -8.3592 1.6185 11.0612 -1.5958 14.7829
Cyclist -1 -1 1.4533 671.5510 169.5813 682.3870 194.9691 1.7561 0.5494 1.8073 4.8481 0.6758 50.6301 1.5488 0.5094
Pedestrian -1 -1 -2.4463 0.0000 188.3102 62.3171 316.8195 1.6206 0.6366 0.7295 -7.7910 1.6635 9.3961 -3.1385 1.4420
Car -1 -1 -1.1838 225.9566 190.1017 411.2266 293.2091 1.4447 1.5699 3.7428 -4.6930 1.5411 12.1325 -1.5529 14.3196
Cyclist -1 -1 2.1829 0.0000 174.2485 52.8899 232.5633 1.7067 0.5647 1.7015 -17.8430 1.3868 21.9032 1.4993 0.3392
Car -1 -1 -1.5706 580.3000 172.2489 634.7505 226.5166 1.6385 1.6442 3.5539 -0.0535 1.2481 23.4794 -1.5728 11.6987
Car -1 -1 -1.4055 407.3734 138.1416 507.4243 233.2178 2.6040 2.1020 5.9989 -4.5835 1.3158 22.7178 -1.6046 10.7847
Car -1 -1 -1.4635 497.3933 175.0676 540.3190 210.1383 1.5746 1.6228 3.8769 -4.2076 1.1201 34.2223 -1.5858 6.4592
Car -1 -1 -1.3174 383.6547 179.2504 440.5592 214.5561 1.4756 1.5736 3.6316 -8.6367 1.2274 31.8660 -1.5821 4.2479
Car -1 -1 -1.6119 573.8128 178.5438 612.4417 213.5330 1.5086 1.6025 3.8147 -0.7544 1.2221 32.9457 -1.6348 3.6415
Car -1 -1 -1.5281 515.0556 175.9657 542.5243 200.2954 1.5167 1.6148 3.8985 -5.1272 0.9412 46.8065 -1.6372 0.8255
Car -1 -1 2.1252 140.5910 192.3516 194.4779 213.5356 1.4779 1.6048 3.8966 -32.6597 2.0288 53.4171 1.5765 -0.2654
