Car -1 -1 -1.0359 101.6196 184.4093 245.2592 238.5155 1.3961 1.6241 4.1543 -12.2990 1.3764 20.6242 -1.5736 13.7908
Car -1 -1 -1.2331 221.2113 186.9858 420.3036 298.9532 1.4743 1.6381 4.2087 -4.4103 1.5094 11.6522 -1.5950 13.1666
Car -1 -1 -0.8472 0.0000 190.8842 139.7639 346.9657 1.4963 1.6093 4.2551 -8.2066 1.5867 9.1752 -1.5770 11.1578
Car -1 -1 -1.5688 600.4762 177.3814 675.4291 250.9554 1.5852 1.6169 3.5688 0.6757 1.4175 17.3006 -1.5298 10.4810
Car -1 -1 2.2514 0.0000 178.3430 47.9518 209.4287 1.4388 1.5965 3.9114 -29.7700 1.1218 35.2404 1.5500 5.7487
Car -1 -1 -1.2001 242.1367 163.5519 337.7011 219.4777 1.9769 1.8158 4.6178 -12.1545 1.2123 27.7524 -1.6129 5.2552
Car -1 -1 2.4457 0.0000 227.4894 141.9084 375.0000 1.4815 1.6517 4.2553 -4.4071 1.8100 3.4051 1.5327 5.2220
Car -1 -1 -1.5363 648.5569 182.3315 678.6393 209.2214 1.4396 1.5633 3.5609 3.1407 1.2863 40.3388 -1.4586 3.4267
Car -1 -1 1.6939 708.3823 181.4453 733.0565 198.7876 1.4737 1.6560 4.1047 9.9649 1.1544 63.2842 1.8501 2.3851
Car -1 -1 -0.5290 469.1511 172.9666 537.5848 199.7068 1.4954 1.5647 3.6646 -6.0942 0.8115 41.9506 -0.6732 0.0300
Car -1 -1 -1.1206 177.3897 185.2972 257.9395 222.1413 1.4616 1.5724 3.6156 -16.4117 1.4664 30.3631 -1.6161 -0.2601
