Car -1 -1 -1.3591 412.7073 179.4037 489.2486 230.3273 1.4829 1.6108 3.7811 -4.9192 1.3148 22.8205 -1.5714 12.7437
Pedestrian -1 -1 -0.9272 75.7625 180.6922 115.5217 232.5542 1.5594 0.6585 0.7757 -15.7124 1.4245 22.0066 -1.5473 -0.7455
Car -1 -1 -1.1502 104.8888 160.0863 388.1894 327.3852 1.8069 1.7539 4.4621 -4.6383 1.5366 10.0028 -1.5844 12.5334
Car -1 -1 -1.5837 577.2838 172.3257 626.2639 220.1136 1.5988 1.6402 3.5217 -0.2827 1.1687 25.8264 -1.5946 10.5222
Car -1 -1 -0.7356 0.0000 200.0364 70.5624 375.0000 1.4962 1.6768 4.4837 -8.3441 1.7027 7.7069 -1.5607 7.3204
Car -1 -1 -0.9043 0.0000 191.5272 123.5159 273.1308 1.4652 1.6255 4.2677 -12.6302 1.6204 15.3865 -1.5916 6.2973
Car -1 -1 -1.3005 366.5749 180.7628 411.3488 205.6602 1.4506 1.6194 3.9487 -13.3177 1.1923 43.8721 -1.5952 5.1145
Car -1 -1 -1.2375 397.2565 181.2464 456.1284 212.8733 1.4673 1.6045 3.9538 -8.8686 1.2843 35.3872 -1.4831 3.4228
Car -1 -1 -1.4451 473.4116 159.5341 531.9254 212.1268 2.2577 1.9988 5.8113 -4.8529 1.1564 33.7773 -1.5878 1.2526
Car -1 -1 1.5612 522.7890 172.7691 548.8217 197.1689 1.4625 1.5559 3.5956 -4.5435 0.7176 44.9549 1.4605 0.1998
