Car -1 -1 -1.3303 368.4654 183.2425 476.8930 254.7386 1.5136 1.6100 3.9012 -4.3205 1.4729 17.1696 -1.5768 13.3065
Car -1 -1 -1.5777 581.0555 170.9344 651.0101 240.4607 1.6213 1.6314 3.5239 0.1480 1.2894 18.5225 -1.5697 12.3793
Car -1 -1 -1.4157 461.9263 181.3496 513.1283 219.4809 1.4399 1.5256 3.3543 -4.7991 1.2950 28.8255 -1.5806 11.6112
Car -1 -1 -1.0275 0.0000 188.5832 345.9010 375.0000 1.5936 1.5876 3.8368 -3.7023 1.6317 5.9683 -1.5827 11.5072
Car -1 -1 -1.1465 201.2927 185.3672 337.2645 247.6897 1.4187 1.6192 4.0213 -8.5146 1.4241 18.3882 -1.5802 11.0747
Car -1 -1 1.9467 286.0985 181.8508 353.8644 217.0901 1.5084 1.5908 3.7488 -13.0155 1.3655 32.6438 1.5673 4.0373
Car -1 -1 1.6730 497.4306 176.5151 537.4776 209.8574 1.6234 1.6545 3.9049 -4.6204 1.2009 36.9675 1.5487 2.8593
Car -1 -1 1.8693 382.6633 175.1536 426.2528 200.1384 1.5177 1.6031 3.8412 -12.8645 0.9076 45.6031 1.5943 0.9765
Car -1 -1 2.0674 146.6697 180.5346 201.5549 204.0204 1.5054 1.5861 3.6526 -28.8695 1.2065 47.9342 1.5253 0.9505
Car -1 -1 -1.3652 388.6310 182.9358 443.8970 219.3870 1.5147 1.6111 3.8559 -8.4411 1.4211 31.8364 -1.6244 0.7795
