Car -1 -1 -1.5884 630.3061 179.5916 697.5999 246.1628 1.5882 1.6050 3.5221 1.3939 1.4551 18.9489 -1.5150 10.6204
Pedestrian -1 -1 -2.9824 483.5868 177.8907 502.6544 215.1347 1.6681 0.6209 0.7636 -5.2141 1.3411 32.5025 -3.1414 -0.0781
Car -1 -1 -0.9566 0.0000 203.2895 182.8548 318.7961 1.3989 1.5530 3.6572 -8.4436 1.7267 11.1367 -1.6053 8.8042
Car -1 -1 -1.4156 464.9053 178.7636 510.9465 212.5580 1.5171 1.5879 3.8260 -5.6711 1.2286 34.1867 -1.5800 5.5711
Car -1 -1 1.7318 435.2850 182.0004 495.0352 223.7666 1.4990 1.6469 3.9929 -5.4732 1.3848 27.8195 1.5376 5.4642
Car -1 -1 -1.4780 692.8747 182.9280 724.6803 208.9205 1.5677 1.6331 3.9734 6.4055 1.4309 45.4756 -1.3381 5.2221
Car -1 -1 -0.9562 44.1901 167.6314 205.9742 233.0412 1.5384 1.6158 3.7930 -12.4756 1.1260 18.8228 -1.5415 3.0946
Car -1 -1 -0.9219 787.4505 165.8676 844.9251 190.5664 1.5876 1.6256 3.9629 13.9284 0.3451 48.0373 -0.6397 0.3344
Car -1 -1 -1.4657 765.8954 185.2660 788.1852 202.2082 1.5282 1.6223 3.9026 15.7864 1.5342 66.9603 -1.2342 -0.0152
Car -1 -1 -2.9732 601.6350 165.9944 654.4638 185.2448 1.4502 1.5700 3.8545 1.5590 0.0033 55.2976 -2.9450 -0.7361
