Car -1 -1 -1.1936 115.6395 200.7374 280.6152 288.0603 1.4472 1.5716 3.9092 -8.1792 1.8093 14.6758 -1.7020 13.6618
Pedestrian -1 -1 -0.2638 780.9477 187.1677 814.6210 247.4302 1.6209 0.5864 0.7621 5.1434 1.6762 19.6473 -0.0078 -0.2113
Car -1 -1 -1.4974 695.3970 176.1869 753.8069 229.2662 1.6179 1.6466 3.7713 3.9164 1.3439 23.9337 -1.3353 10.8022
Pedestrian -1 -1 0.2211 857.4813 174.3350 881.3007 216.3014 1.7443 0.6473 0.8244 11.0194 1.2932 30.3696 0.5692 -0.4976
Car -1 -1 -1.0329 0.0000 206.9579 130.7293 300.8852 1.5873 1.6493 4.1508 -12.1892 2.1174 15.3151 -1.7051 10.3712
Car -1 -1 -1.2728 264.3290 193.4112 321.2816 224.8978 1.4287 1.5799 3.6285 -15.5090 1.8561 35.4922 -1.6848 5.4868
Car -1 -1 -1.3530 777.0319 177.6502 812.8988 199.7795 1.5211 1.6433 4.1131 13.4594 1.0022 51.6135 -1.0979 2.3543
Car -1 -1 -1.2727 230.1972 196.0822 279.5966 223.2942 1.4447 1.5772 3.6034 -20.3753 2.1032 41.5829 -1.7283 2.3214
Car -1 -1 -1.5530 416.3170 183.3672 438.3237 203.3597 1.5035 1.6005 3.7617 -14.0600 1.3656 56.0701 -1.7987 1.3513
Car -1 -1 -1.4306 418.8552 174.2600 442.7109 192.9708 1.6465 1.6103 3.6235 -16.0141 0.6835 65.1355 -1.6717 -0.7794
