Car -1 -1 -1.0608 0.0000 204.8355 141.7092 338.3501 1.4704 1.5908 4.0740 -8.7949 1.8220 10.6897 -1.7493 10.8969
Pedestrian -1 -1 2.8288 807.9744 195.9922 851.9708 274.2024 1.5774 0.6093 0.7165 4.5467 1.8064 14.8902 3.1252 0.5813
Car -1 -1 -1.4808 706.6271 178.0374 766.2799 229.1378 1.6142 1.6704 4.0987 4.4913 1.3886 24.9022 -1.3023 9.5431
Pedestrian -1 -1 -1.6326 702.9191 185.4904 724.3395 235.4988 1.5986 0.6418 0.7597 3.3972 1.6089 23.3858 -1.4883 -0.4530
Car -1 -1 -1.0610 0.0000 203.7060 140.7126 270.2410 1.4609 1.6011 4.0343 -14.3185 2.0065 19.0570 -1.7053 6.3464
Car -1 -1 -1.4676 364.1673 182.0639 394.7534 206.7689 1.7037 1.6951 4.0004 -16.3940 1.4874 51.6991 -1.7747 6.0980
Car -1 -1 -1.1929 144.6955 199.6602 208.3691 232.4826 1.5199 1.6016 3.5448 -22.0348 2.2986 36.8154 -1.7322 5.0762
Car -1 -1 -1.3687 789.8214 177.1942 825.3558 199.6027 1.5591 1.6536 4.3506 14.5666 1.0021 52.3259 -1.0972 4.0268
Car -1 -1 -1.2458 202.9514 185.6920 316.6786 248.5136 1.7140 1.7226 4.6780 -10.5358 1.7314 22.0717 -1.6912 0.4210
Car -1 -1 2.0526 29.6249 185.3574 135.4200 227.6110 1.4965 1.6255 3.9446 -20.0105 1.5034 27.5393 1.4243 0.0408
