Car -1 -1 -1.6236 554.0471 188.3297 714.7277 343.2196 1.4641 1.5436 3.3698 0.1431 1.5098 8.5717 -1.6069 10.7161
Cyclist -1 -1 -0.5847 557.0452 160.6820 615.4604 219.8770 1.7548 0.5886 1.7605 -0.6916 1.0286 22.0552 -0.6161 -0.3589
Pedestrian -1 -1 0.0097 562.0439 165.0299 584.5525 221.8343 1.7018 0.6311 0.6740 -1.0885 1.0982 21.8615 -0.0400 -0.0993
Car -1 -1 -1.5846 563.8816 171.3875 620.2882 223.9512 1.5755 1.6932 4.1347 -0.5926 1.1622 23.6412 -1.6097 8.1548
Pedestrian -1 -1 1.5989 596.6929 163.7240 617.3684 220.0082 1.6980 0.6167 0.6671 -0.0602 1.0508 22.0245 1.5962 -0.7876
Car -1 -1 -1.6271 568.0631 174.2145 654.9858 255.0369 1.5349 1.6351 3.7345 -0.0758 1.3271 15.5618 -1.6320 7.3628
Car -1 -1 -0.9542 712.7403 164.0327 756.8734 182.8975 1.4762 1.5852 3.8974 10.3780 -0.1943 58.6546 -0.7790 2.8915
Car -1 -1 -1.5027 586.6704 167.1715 629.6828 204.9324 1.5037 1.5807 3.6573 0.0347 0.7863 30.5011 -1.5015 0.1741
Car -1 -1 -1.4966 555.7560 166.6715 581.1654 187.1863 1.4649 1.5991 3.8865 -2.8971 0.1418 53.2852 -1.5509 0.0039
Car -1 -1 -1.1623 303.9632 172.7223 340.4075 190.2641 1.4897 1.5612 3.8698 -24.9908 0.4298 62.9999 -1.5400 -0.2132
