Car -1 -1 -1.6043 557.1954 190.3673 718.7633 336.8451 1.4091 1.5844 3.5529 0.2291 1.4863 8.8195 -1.5784 12.8536
Cyclist -1 -1 1.6028 613.6314 162.3405 626.2593 196.5153 1.6790 0.5841 1.6835 0.5890 0.5563 36.1677 1.6191 -0.4092
Pedestrian -1 -1 -1.0216 558.1670 165.7877 586.8495 222.0922 1.6898 0.6019 0.6995 -1.1194 1.1079 22.0217 -1.0723 -0.0346
Car -1 -1 -1.5640 568.0381 172.2155 650.9854 250.8575 1.5183 1.6020 3.6475 -0.0036 1.2684 15.7034 -1.5643 9.5227
Car -1 -1 -1.5870 565.4295 171.5606 620.0444 221.3347 1.5060 1.6550 4.0411 -0.5785 1.0939 23.7983 -1.6113 7.2339
Car -1 -1 -1.1415 295.1819 176.0792 330.1322 191.9062 1.4782 1.5915 4.0013 -28.3532 0.6260 69.1666 -1.5306 0.8562
Car -1 -1 2.0222 702.7836 161.7115 743.3432 182.1494 1.5655 1.6273 4.0289 9.2925 -0.2545 57.8112 2.1816 0.6518
Car -1 -1 0.3714 308.2468 172.1585 362.2237 189.5072 1.4826 1.6147 4.0633 -23.5833 0.3679 62.2530 0.0093 0.4371
Car -1 -1 -2.7169 477.9937 172.0502 528.5232 189.7276 1.5002 1.6289 4.0232 -9.0658 0.3840 62.3397 -2.8613 0.4012
Car -1 -1 -1.4545 557.4399 166.1721 584.4333 186.8838 1.4840 1.5690 3.8716 -2.7224 0.1206 53.4848 -1.5053 -0.5489
