Car -1 -1 -1.6063 552.1259 189.2450 725.6653 352.0672 1.4838 1.6052 3.5130 0.2172 1.5419 8.3987 -1.5804 11.3309
Pedestrian -1 -1 -0.1877 605.9324 168.1225 627.3162 209.8032 1.6596 0.6309 0.7571 0.3169 0.9802 28.9967 -0.1768 0.3996
Car -1 -1 -1.5994 567.7720 173.2909 652.6549 253.8913 1.5099 1.5943 3.4816 -0.0582 1.2877 15.2286 -1.6032 8.6494
Pedestrian -1 -1 -1.5871 613.6172 161.0879 626.5116 196.4511 1.7344 0.6247 0.8488 0.5751 0.5522 35.6770 -1.5710 -0.0850
Car -1 -1 -1.6087 563.8947 169.3151 619.7011 223.2725 1.6116 1.6539 3.8101 -0.6333 1.1378 23.4213 -1.6357 6.2631
Car -1 -1 2.2878 727.5155 164.0432 774.0352 182.4974 1.4623 1.5951 3.9010 11.8070 -0.2301 59.3181 2.4843 2.9693
Car -1 -1 -2.7559 476.0044 172.1065 526.2045 189.0012 1.4678 1.6270 4.0911 -9.4542 0.3300 63.7249 -2.9032 1.4236
Car -1 -1 1.8744 330.4190 170.5763 363.0234 188.1100 1.4911 1.5967 3.9092 -22.8865 0.2473 63.1179 1.5266 1.0440
Car -1 -1 1.7171 578.6674 169.0458 629.1774 207.8345 1.5227 1.5859 3.7961 -0.1353 0.8891 30.2072 1.7126 0.9480
Car -1 -1 2.1114 123.3800 173.6122 259.6797 232.2086 1.5228 1.6239 3.8517 -11.8040 1.2224 20.6196 1.5914 0.5909
