Car -1 -1 -1.5983 545.8699 197.2468 729.2530 366.6064 1.3750 1.5521 3.4459 0.1924 1.5356 7.8026 -1.5737 11.3636
Cyclist -1 -1 -1.5543 607.2666 168.6955 622.7674 213.6289 1.7414 0.5939 1.7935 0.2627 1.1023 28.7603 -1.5452 1.4880
Pedestrian -1 -1 3.5441 225.9529 176.9986 261.1192 232.5375 1.6376 0.6278 0.7550 -10.9458 1.3965 21.5312 3.0738 -0.4699
Car -1 -1 -1.5669 565.5389 176.7305 651.4101 256.3838 1.4820 1.5978 3.7477 -0.0329 1.3252 15.2458 -1.5691 9.9534
Cyclist -1 -1 -1.5690 611.2303 164.7900 624.5829 201.1728 1.7346 0.6366 1.7831 0.4643 0.7619 35.1655 -1.5558 0.4009
Pedestrian -1 -1 1.7230 514.8982 170.4800 535.1780 216.6726 1.6092 0.6118 0.7184 -2.9593 1.0970 25.4087 1.6070 -0.4751
Car -1 -1 -1.5597 562.2553 172.3825 618.6312 226.1917 1.5645 1.6397 3.9286 -0.5742 1.1925 22.8726 -1.5848 5.7136
Pedestrian -1 -1 1.7611 497.5626 167.9973 517.5797 213.7931 1.6026 0.5880 0.6729 -3.5902 1.0012 25.5024 1.6213 -0.6581
Car -1 -1 -1.3452 492.3284 173.7416 517.8046 189.9055 1.4860 1.5614 3.8826 -9.6995 0.4323 68.0811 -1.4867 2.1915
Car -1 -1 -0.9891 276.0852 179.6871 317.2028 196.1741 1.4737 1.5827 3.9323 -28.6620 0.9806 66.3232 -1.3970 0.2543
Car -1 -1 -1.7265 742.7018 166.3216 770.3785 185.1973 1.4665 1.5965 3.8448 11.9128 -0.0004 57.8062 -1.5233 -0.6980
