Car -1 -1 -1.6097 547.3674 197.7921 736.9003 375.0000 1.4094 1.5672 3.4274 0.2105 1.5746 7.6502 -1.5821 11.8023
Pedestrian -1 -1 1.9039 342.1924 165.8810 362.7794 204.8864 1.8305 0.6948 0.8131 -12.1523 0.9243 34.1410 1.5619 -0.7440
Car -1 -1 -1.5857 566.7022 178.7167 653.7490 259.3050 1.4876 1.6088 3.6713 -0.0347 1.3687 15.1146 -1.5880 8.9407
Car -1 -1 -1.6070 562.9381 174.5191 621.5222 229.2556 1.5648 1.6734 4.0462 -0.6109 1.2601 22.6187 -1.6340 7.4722
Car -1 -1 -3.0276 667.3358 170.4148 715.6516 187.3289 1.4688 1.6345 4.0930 7.4200 0.1846 63.6851 -2.9116 3.2366
Car -1 -1 1.5492 629.0218 175.4842 653.0661 196.6213 1.4853 1.6613 4.0958 2.3815 0.8026 52.5757 1.5944 2.9514
Car -1 -1 -1.4748 586.4722 175.0069 633.2997 214.1643 1.5424 1.6149 3.8187 0.1128 1.1414 30.2919 -1.4711 1.9471
Car -1 -1 -0.9635 286.4901 180.5937 327.1733 196.6916 1.4718 1.5841 3.9263 -28.3436 1.0504 67.8064 -1.3594 0.0912
Car -1 -1 -1.1755 201.7680 182.6969 298.8995 230.6296 1.4527 1.5744 3.6461 -11.6772 1.3775 23.6524 -1.6341 0.0168
Car -1 -1 -1.4687 550.0828 168.9041 575.1036 188.4643 1.4972 1.6004 3.8091 -3.5612 0.2498 56.9539 -1.5311 -0.0605
