Car -1 -1 -1.6113 544.0258 195.0672 733.4984 372.5230 1.4155 1.5681 3.4913 0.1712 1.5461 7.6852 -1.5890 11.5814
Cyclist -1 -1 -1.5936 612.1761 167.4745 624.6201 204.0657 1.7421 0.5644 1.7551 0.4797 0.8986 35.1012 -1.5800 1.7464
Pedestrian -1 -1 3.5763 219.9319 178.1625 255.3376 234.4075 1.6449 0.6204 0.7436 -11.0272 1.4398 21.3450 3.0994 -0.4428
Car -1 -1 -1.6040 566.7516 178.4055 653.8923 260.7876 1.5134 1.6059 3.5359 -0.0672 1.3894 14.9992 -1.6085 9.8546
Cyclist -1 -1 1.5413 625.3449 177.9543 632.5310 196.9027 1.6837 0.5948 1.7117 1.8939 1.0396 64.7265 1.5705 -0.5995
Car -1 -1 -1.5864 561.6467 175.5319 619.5536 231.2615 1.5822 1.6467 3.8522 -0.6132 1.3084 22.3646 -1.6138 6.8420
Car -1 -1 -1.4773 528.7987 167.9764 556.6127 189.7820 1.5264 1.6467 4.0689 -4.7175 0.3208 52.3540 -1.5672 0.9340
Car -1 -1 -1.6288 626.4358 180.0199 651.2784 201.0184 1.4765 1.5820 3.9141 2.2196 1.1123 52.5110 -1.5866 0.6740
Car -1 -1 1.9662 297.5740 175.0114 334.4293 192.8183 1.4926 1.5761 3.9004 -25.2115 0.6384 62.2102 1.5811 0.2667
Car -1 -1 -0.9513 285.0675 180.3556 326.2182 196.4779 1.4739 1.5840 3.9452 -28.4584 1.0307 67.8139 -1.3487 -0.1496
Car -1 -1 1.7120 578.1056 173.0916 630.6726 213.1966 1.5031 1.5935 3.8265 -0.1075 1.0498 28.9422 1.7082 -0.2278
Car -1 -1 1.6606 550.7275 165.7972 576.0038 186.6599 1.6084 1.6554 4.1411 -3.5303 0.1125 57.5081 1.5993 -0.4780
