Car -1 -1 -1.6218 543.7426 192.4645 734.9072 375.0000 1.4640 1.5776 3.4432 0.1550 1.5597 7.6383 -1.6016 11.9576
Cyclist -1 -1 -1.6086 612.9200 167.1603 625.9216 203.5141 1.7300 0.5660 1.7335 0.5290 0.8719 35.0783 -1.5935 1.3044
Pedestrian -1 -1 1.7167 497.3032 169.9520 516.9666 215.5086 1.5694 0.5937 0.6427 -3.5474 1.0447 25.0826 1.5762 0.6623
Car -1 -1 -1.6031 570.2324 176.7234 656.0196 260.1992 1.5435 1.5906 3.5151 -0.0058 1.3876 15.0707 -1.6034 10.1196
Cyclist -1 -1 -2.6889 331.5391 163.1568 373.8431 200.8773 1.7711 0.6407 1.7960 -12.1512 0.7365 34.1670 -3.0306 -0.6408
Pedestrian -1 -1 1.6749 563.5790 166.4612 587.1931 226.2372 1.7099 0.6141 0.7594 -0.9814 1.1746 20.9561 1.6281 -0.5824
Car -1 -1 -1.6225 561.1788 174.3683 620.8189 228.0696 1.5401 1.6514 4.0432 -0.6521 1.2301 22.6930 -1.6512 6.8573
Car -1 -1 -1.5574 586.9890 174.5131 627.2220 212.8549 1.5156 1.5910 3.6550 -0.0417 1.0937 30.2484 -1.5588 3.2484
Car -1 -1 1.5520 629.0219 178.1808 652.5699 199.2781 1.4898 1.6446 4.1216 2.3761 0.9941 52.8394 1.5969 0.4393
Car -1 -1 -1.1200 284.9110 180.3507 321.0722 196.4756 1.4761 1.5826 3.9420 -28.7078 1.0319 67.8084 -1.5205 -0.1075
Car -1 -1 -3.0638 665.5377 169.2134 711.3797 186.6585 1.5184 1.6014 3.9265 7.1575 0.1267 63.7222 -2.9520 -0.2972
