Car -1 -1 -1.6245 543.1160 195.2252 734.0494 375.0000 1.4352 1.5750 3.5830 0.1382 1.5689 7.7034 -1.6065 11.3104
Cyclist -1 -1 -1.7362 609.2238 165.8019 628.0926 203.0220 1.7618 0.6209 1.8357 0.4867 0.8440 34.9780 -1.7223 -0.4744
Pedestrian -1 -1 1.7520 496.7706 168.0393 516.7783 214.0644 1.5955 0.5896 0.6514 -3.5837 1.0012 25.2530 1.6110 1.5507
Car -1 -1 -1.5892 565.2784 179.4596 652.7018 260.5851 1.5049 1.6245 3.6523 -0.0671 1.3992 15.1751 -1.5936 10.3298
Pedestrian -1 -1 -0.9901 556.2600 169.9870 587.3467 229.9343 1.7047 0.6083 0.7202 -1.0857 1.2727 20.9019 -1.0420 -0.1846
Car -1 -1 -1.5849 561.9439 175.7294 619.3193 230.5557 1.5764 1.6522 3.9619 -0.6173 1.3048 22.6785 -1.6121 6.0074
Car -1 -1 2.0438 239.2092 179.8797 275.6119 195.9349 1.4700 1.5295 3.7811 -32.9644 0.9825 67.7175 1.5908 0.8169
Car -1 -1 0.3781 379.8805 178.6933 429.3676 195.6730 1.4725 1.6111 3.8760 -17.8879 0.9080 63.3361 0.1028 -0.2630
Car -1 -1 -1.6490 624.5267 176.9852 650.8977 198.1752 1.4850 1.6037 4.0379 2.1294 0.9094 52.4228 -1.6084 -0.3024
Car -1 -1 0.2893 480.2767 157.4008 583.8756 199.0907 1.6359 1.6487 3.9027 -3.0968 0.5456 29.3711 0.1842 -0.7767
Car -1 -1 -1.5199 423.6370 170.0593 445.7008 188.7299 1.4875 1.5795 3.8113 -14.2589 0.2811 59.2880 -1.7559 -0.7781
