Car -1 -1 -1.6098 542.3530 194.5230 731.8140 374.1104 1.4294 1.5604 3.4234 0.1562 1.5516 7.6224 -1.5893 11.9250
Cyclist -1 -1 -1.6021 611.0521 165.5783 624.9222 202.4551 1.7487 0.6149 1.8337 0.4570 0.8186 35.0073 -1.5890 1.3248
Pedestrian -1 -1 -0.0062 611.2546 165.8259 627.1601 201.5850 1.7262 0.6161 0.7678 0.5228 0.7913 35.0097 0.0088 -0.1231
Car -1 -1 -1.6011 566.3653 177.4909 653.5176 259.5787 1.5092 1.6070 3.6142 -0.0708 1.3684 15.0470 -1.6058 9.3491
Car -1 -1 -1.6209 562.4870 173.2592 622.6393 227.6952 1.5713 1.6833 4.1523 -0.6096 1.2273 22.8804 -1.6475 6.9513
Car -1 -1 1.5237 627.8223 176.7517 653.8182 198.1655 1.4967 1.6873 4.2011 2.3508 0.9062 52.3411 1.5686 1.3930
Car -1 -1 -1.4345 552.5801 173.3413 574.8256 189.4814 1.4819 1.5798 3.9595 -4.1465 0.3928 68.0334 -1.4953 0.2265
Car -1 -1 2.0472 240.9050 180.9047 277.4755 196.9549 1.4765 1.5342 3.8238 -32.9594 1.0810 68.0548 1.5961 -0.0681
Car -1 -1 1.9058 299.4680 176.5477 333.5727 194.2663 1.4851 1.5246 3.9524 -25.1884 0.7597 62.2588 1.5213 -0.1601
Car -1 -1 -1.4407 510.4588 171.2826 539.7904 192.5011 1.4900 1.6210 4.0291 -6.0134 0.5127 52.5015 -1.5548 -0.2092
