Car -1 -1 -1.6203 546.6026 195.6737 737.3210 373.4688 1.4012 1.5663 3.5164 0.1828 1.5395 7.6481 -1.5964 11.3707
Cyclist -1 -1 -2.8031 332.9340 162.3466 374.1294 198.9673 1.7222 0.6015 1.7424 -12.0874 0.6479 34.1057 -3.1437 0.4104
Pedestrian -1 -1 1.7090 497.6982 171.5075 517.4403 217.0598 1.5738 0.6002 0.6638 -3.5433 1.1013 25.1640 1.5691 -0.6277
Car -1 -1 -1.5855 566.1270 178.0513 653.0559 259.9606 1.5082 1.6027 3.4740 -0.0458 1.3774 14.9838 -1.5886 9.3219
Cyclist -1 -1 -1.6067 612.0404 166.2951 625.6600 203.0233 1.7524 0.6002 1.7631 0.5024 0.8508 35.1828 -1.5925 0.1987
Car -1 -1 -1.5934 564.3281 174.7553 620.6229 229.1403 1.5520 1.6098 3.7768 -0.5697 1.2546 22.4355 -1.6188 6.0916
Car -1 -1 1.4940 627.6044 176.9804 654.2739 198.0952 1.4895 1.6445 4.0126 2.3793 0.9097 52.7383 1.5391 1.8645
Car -1 -1 1.6384 515.5265 173.9529 551.4435 202.9716 1.4667 1.6367 4.1000 -3.9464 0.8986 38.4061 1.5360 1.6250
Car -1 -1 -1.5153 587.2990 175.3663 630.2034 213.7412 1.5064 1.5936 3.7573 0.0600 1.1209 30.1356 -1.5133 1.5802
Car -1 -1 -1.4619 527.3016 168.6840 555.2075 189.5791 1.4740 1.6181 3.9632 -4.8563 0.3089 52.7024 -1.5538 0.3728
Car -1 -1 -0.9630 286.4591 180.6933 327.2585 196.8396 1.4758 1.5856 3.9387 -28.3360 1.0636 67.7950 -1.3589 0.0148
Car -1 -1 -2.9869 669.0706 169.5594 719.0710 187.1232 1.5238 1.6294 4.1999 7.6483 0.1666 63.7146 -2.8675 -0.5188
