Car -1 -1 1.6628 656.0008 180.7976 687.8775 207.6586 1.6647 1.7272 4.5355 4.1802 2.2254 48.5104 1.7487 7.9849
Cyclist -1 -1 -0.7397 1104.5965 157.2763 1217.6903 251.8162 1.8102 0.5961 1.8527 10.7756 1.5123 14.1932 -0.0903 6.7136
Pedestrian -1 -1 -0.6199 1106.0098 161.8428 1168.5971 249.7294 1.6886 0.6099 0.7835 10.2918 1.4774 14.1685 0.0083 3.2607
Car -1 -1 -1.5437 745.3533 180.7443 773.8917 206.4452 1.4838 1.6411 4.1349 9.3784 2.0026 45.2049 -1.3391 6.7956
Cyclist -1 -1 1.6770 546.7889 186.0889 561.1163 219.0265 1.6825 0.5868 1.6862 -3.0103 2.4026 38.3887 1.5987 -0.2206
Pedestrian -1 -1 -0.6277 1144.8140 179.2717 1204.1550 257.6925 1.5116 0.5979 0.7076 11.0999 1.6417 14.2670 0.0335 -0.5224
Car -1 -1 2.5541 981.4450 169.2775 1046.1945 191.0804 1.4423 1.5264 3.5588 27.1590 1.2061 48.6281 3.0634 2.2951
Cyclist -1 -1 -0.7256 1186.1803 164.0120 1230.5272 199.6894 1.6807 0.5587 1.6738 28.3951 1.2645 34.2943 -0.0340 -0.6976
Car -1 -1 1.5073 675.2195 184.1583 700.7023 205.3732 1.4869 1.6625 4.1106 5.8672 2.3799 54.8839 1.6138 1.2966
Car -1 -1 0.8624 329.2697 178.8295 400.0764 205.1453 1.5186 1.6842 4.3564 -15.1146 1.9010 44.2994 0.5336 -0.1524
