Car -1 -1 1.7115 402.0420 182.1454 472.2504 239.5587 1.6048 1.6250 3.8979 -5.4184 1.9251 22.8328 1.4785 12.5853
Cyclist -1 -1 -1.1968 319.4197 139.3172 350.8624 185.4291 1.6444 0.5187 1.6442 -10.1418 0.4488 26.5530 -1.5617 -0.2852
Pedestrian -1 -1 -1.3624 355.9610 173.0249 381.8214 222.9319 1.7355 0.6972 0.9150 -8.5865 1.7421 25.5871 -1.6862 0.5204
Car -1 -1 2.6919 772.0472 165.4125 1047.7271 254.7589 1.5425 1.6882 4.4590 5.4060 1.4144 13.4466 3.0741 11.9377
Pedestrian -1 -1 -2.4123 330.6116 168.9161 359.0694 215.3934 1.7370 0.6365 0.7921 -10.1120 1.5902 27.4042 -2.7658 -0.2618
Car -1 -1 -0.7116 1113.2800 146.9989 1241.0000 188.3661 1.5340 1.6341 4.0367 21.8119 0.5756 27.6592 -0.0439 11.7259
Car -1 -1 1.4673 642.4727 174.1307 680.1932 203.8099 1.5908 1.6841 4.4134 2.8324 1.6678 41.0978 1.5361 8.7881
Car -1 -1 -0.6503 1074.6849 149.7080 1210.6082 187.5190 1.5224 1.6835 4.4222 21.9782 0.5908 29.9284 -0.0169 8.7041
Car -1 -1 -0.3025 776.8914 156.9240 888.3665 195.4615 1.6569 1.6877 4.4015 9.7317 0.9723 31.8763 -0.0062 8.2462
Car -1 -1 1.6745 499.1624 176.9378 555.4125 223.6614 1.6226 1.6943 4.3555 -3.1245 1.7916 27.6214 1.5618 8.1531
Car -1 -1 -0.5965 1038.3156 153.2688 1157.7560 186.2929 1.4481 1.6628 4.2557 21.8598 0.5896 32.4757 -0.0041 8.0715
Car -1 -1 1.7300 441.2777 183.9185 499.3274 224.2685 1.4496 1.6559 4.2331 -5.6163 1.9311 29.2332 1.5402 7.4979
Car -1 -1 -1.4539 592.1648 179.0067 620.2960 201.1036 1.5171 1.6283 3.7165 -0.2681 1.9822 52.5536 -1.4590 7.1172
Car -1 -1 -2.0829 949.4735 158.8658 1011.7959 186.2707 1.5175 1.6060 3.6869 21.3732 0.7433 41.8247 -1.6104 6.7037
Car -1 -1 -2.0221 911.4234 152.9421 970.6920 179.9181 1.4795 1.6269 3.7211 18.9092 0.3878 41.4497 -1.5941 6.5593
Car -1 -1 -2.0089 1016.3051 149.5568 1086.5677 182.6237 1.8124 1.7579 4.4144 25.4499 0.5358 41.8340 -1.4624 1.7090
