Car -1 -1 1.9470 115.8808 192.6337 380.3702 344.9132 1.4759 1.6442 4.2726 -4.5398 1.8031 9.7390 1.5108 14.5269
Pedestrian -1 -1 -1.4727 150.3180 166.0516 208.3833 263.7787 1.6272 0.7893 0.8741 -7.5364 1.5143 12.5749 -2.0126 0.6777
Car -1 -1 1.8618 331.4718 183.0681 467.5511 266.4738 1.5388 1.6845 4.4121 -4.5327 1.7981 16.0721 1.5869 13.6129
Pedestrian -1 -1 -0.9600 114.1100 169.2902 176.7502 247.4151 1.5137 0.7417 0.7721 -9.2934 1.4450 14.3769 -1.5338 0.0067
Car -1 -1 1.3942 699.5155 168.6691 764.5865 213.3234 1.5683 1.6720 4.4582 4.5226 1.4217 27.5791 1.5567 11.9882
Pedestrian -1 -1 -1.4539 100.2132 165.1783 145.7899 262.8747 1.7214 0.6054 0.7882 -8.9473 1.5865 13.1998 -2.0496 -0.2572
Car -1 -1 1.7756 423.7013 183.4409 502.8269 239.9773 1.5082 1.5945 3.8711 -4.3976 1.8586 21.9135 1.5776 11.0197
Pedestrian -1 -1 -1.3451 0.0000 128.8679 29.2585 193.9620 1.6604 0.6515 0.8050 -15.7843 0.5388 18.9079 -2.0407 -0.5617
Car -1 -1 -0.5082 938.5683 130.2305 1174.2010 206.9326 1.8116 1.7808 4.7427 10.9396 0.8052 18.0173 0.0375 9.5260
Car -1 -1 -1.4896 630.5230 175.9918 665.4068 206.1172 1.5284 1.5952 3.5474 2.0484 1.7058 38.8564 -1.4369 8.4056
Car -1 -1 1.7302 468.1171 176.0844 525.4827 222.2179 1.6606 1.6206 3.8485 -4.3859 1.7957 28.1677 1.5757 7.4867
Car -1 -1 -0.1474 694.8162 171.2264 795.9117 206.0951 1.4875 1.6337 4.1622 5.8386 1.4184 31.6668 0.0349 4.1600
Car -1 -1 1.8660 441.3738 177.9621 468.9900 193.8423 1.4813 1.6143 3.7643 -15.1091 1.9945 70.4968 1.6549 2.7874
Car -1 -1 -1.0129 665.3988 174.1387 714.5148 198.7682 1.5452 1.5823 3.5155 5.2444 1.6331 47.3293 -0.9025 0.7621
Car -1 -1 3.8477 0.0000 191.2162 107.5429 336.4252 1.5175 1.6095 3.8342 -8.6397 1.7640 8.7221 3.0671 0.1893
Car -1 -1 1.6725 518.6908 180.0769 555.1180 209.5241 1.4812 1.5821 3.9036 -3.9583 1.8936 39.2023 1.5719 -0.2123
