Car -1 -1 2.5077 892.1269 147.7525 1241.0000 303.5896 1.5811 1.6410 3.9921 5.4810 1.3268 8.2302 3.0952 13.4497
Pedestrian -1 -1 -0.7539 1022.8873 114.6579 1091.3012 214.4079 1.7491 0.6396 0.8424 8.0235 0.7290 13.0472 -0.2025 -0.1073
Car -1 -1 1.7654 347.7424 178.2827 448.8629 251.8197 1.5761 1.6298 4.0783 -5.1464 1.7267 17.8732 1.4851 13.3544
Pedestrian -1 -1 -2.0325 996.1603 149.6927 1016.7911 183.9997 1.6261 0.6480 0.6389 18.9319 0.5287 34.5302 -1.5310 -0.7235
Car -1 -1 1.7361 429.9424 174.2619 538.3552 256.9707 1.6140 1.7014 4.3396 -2.7342 1.6505 16.3221 1.5701 12.3244
Car -1 -1 -0.3597 812.9784 145.4501 962.6384 193.5638 1.7175 1.7681 4.8452 10.1242 0.7396 26.6458 0.0034 10.5624
Car -1 -1 -2.0782 966.2862 148.5983 1038.6193 180.6489 1.5157 1.5815 3.6550 19.4301 0.3690 35.9573 -1.5828 10.4158
Car -1 -1 1.4713 657.8527 166.5141 701.2981 199.1184 1.5227 1.7002 4.5093 3.3617 1.2270 35.9551 1.5645 9.6134
Car -1 -1 -1.4651 600.6696 173.5454 630.9307 196.4568 1.4416 1.6068 3.7381 0.3877 1.4893 47.4615 -1.4569 7.8713
Car -1 -1 -0.7437 1185.3394 137.9625 1241.0000 183.7806 1.5073 1.6448 4.2218 22.3105 0.3598 24.5701 -0.0065 6.8438
Car -1 -1 -0.8335 1134.7986 139.4904 1241.0000 180.5597 1.4796 1.6482 4.2228 22.2587 0.2780 27.1146 -0.1461 3.8742
Car -1 -1 -0.0902 654.4616 166.2549 729.5672 194.6279 1.5476 1.6278 4.0252 4.4909 1.1880 40.2096 0.0210 0.9790
Car -1 -1 1.6554 509.0513 176.5318 538.6613 200.1315 1.4653 1.6110 3.8657 -5.6463 1.7171 47.3680 1.5368 0.4475
Car -1 -1 -2.3475 435.0694 163.9011 483.9073 183.4760 1.4617 1.5692 3.6518 -11.6244 0.7935 55.5408 -2.5538 0.3968
Car -1 -1 -1.0337 632.7575 171.0894 675.1857 192.4836 1.5988 1.5966 3.7354 3.4140 1.4673 55.9117 -0.9728 -0.0053
Car -1 -1 -2.0546 1084.2128 141.5821 1169.2261 174.1403 1.5503 1.6557 4.3679 26.0614 0.0616 36.6285 -1.4362 -0.3807
