Car -1 -1 1.7063 423.5057 182.4497 485.8706 232.8203 1.5408 1.5954 3.7504 -5.2858 1.8958 24.7335 1.4957 12.6911
Cyclist -1 -1 2.7736 405.5558 178.1179 430.5785 200.4405 1.6503 0.6212 1.7168 -14.5077 2.0535 54.4531 2.5132 -0.7065
Pedestrian -1 -1 0.2061 344.1671 147.2487 369.1767 190.7789 1.6859 0.6671 0.8081 -9.9821 0.6946 28.3263 -0.1327 -0.6767
Car -1 -1 2.7239 760.6599 171.8347 996.1201 247.1465 1.5027 1.6646 4.4110 5.5617 1.4828 15.3807 3.0709 11.1774
Car -1 -1 -0.6663 1083.5581 149.4979 1214.2199 185.6193 1.4323 1.6247 4.1664 21.9069 0.5065 29.4768 -0.0272 10.3115
Car -1 -1 1.4541 643.4450 173.8041 680.7934 200.9221 1.5252 1.6954 4.5240 3.0181 1.5853 43.0400 1.5241 9.9042
Car -1 -1 -2.0262 900.7834 154.5933 958.6433 183.5215 1.6591 1.6561 3.8228 19.0893 0.6122 43.3236 -1.6112 8.8649
Car -1 -1 -0.6437 1051.6005 151.5202 1173.6570 185.9660 1.4763 1.6648 4.2777 22.0731 0.5623 31.8331 -0.0374 7.9584
Car -1 -1 1.6664 515.1363 178.3387 564.3425 217.7239 1.5820 1.7453 4.3766 -3.0604 1.8405 31.7769 1.5704 7.7502
Car -1 -1 1.7296 455.7900 182.2629 509.1247 220.7646 1.5047 1.6450 4.1170 -5.4936 1.9400 31.2784 1.5557 6.4364
Car -1 -1 -0.3426 764.7529 159.0179 878.2866 196.5121 1.7105 1.7596 4.8122 9.8524 1.0796 33.9363 -0.0600 6.2698
Car -1 -1 -0.5460 1021.4132 154.1031 1134.8237 185.9473 1.4677 1.6653 4.2575 22.0442 0.6038 34.1432 0.0273 6.1986
Car -1 -1 -1.4906 596.5476 177.6416 621.9173 199.4502 1.5586 1.6227 3.6581 -0.0535 1.9316 54.2782 -1.4916 5.7765
Car -1 -1 -2.0441 939.5282 158.8876 997.0847 186.4879 1.5960 1.6140 3.6619 21.5281 0.7887 43.5623 -1.5851 5.5483
Car -1 -1 -0.1789 717.3000 172.8098 783.1854 196.1992 1.4514 1.5973 3.8620 8.7926 1.4490 45.5920 0.0116 4.1894
Car -1 -1 -1.9836 1003.1637 149.7819 1064.3414 179.7119 1.7313 1.6925 4.1101 25.6442 0.3970 43.8732 -1.4546 2.3288
Car -1 -1 1.7121 476.9263 180.4981 520.5340 212.9334 1.5414 1.6519 4.2648 -5.7460 1.9611 37.4376 1.5598 2.0085
Car -1 -1 1.4664 676.4063 174.0224 706.7331 197.2952 1.4935 1.6123 3.9736 5.4104 1.5756 48.4938 1.5775 0.8836
