Car -1 -1 2.0214 119.2729 195.1398 409.3876 368.1149 1.5226 1.5900 3.8649 -3.8946 1.8557 8.8120 1.6053 13.5631
Pedestrian -1 -1 0.9019 1174.2946 121.6624 1218.2735 181.7587 1.5104 0.5944 0.6557 14.9457 0.2242 18.4630 1.5824 1.1821
Car -1 -1 1.2434 804.7653 168.4451 976.5248 263.9727 1.5814 1.6959 4.6048 5.2215 1.5088 14.2637 1.5943 13.0681
Pedestrian -1 -1 -1.1737 659.9004 179.1633 685.6313 229.3060 1.6507 0.6350 0.7240 2.0753 1.8680 24.3364 -1.0886 0.3619
Car -1 -1 -1.5218 665.9782 179.5777 716.4138 227.3749 1.5431 1.6146 3.4496 2.8963 1.7995 25.6391 -1.4093 11.5141
Pedestrian -1 -1 3.7482 41.7640 173.5628 80.0784 232.9205 1.7146 0.6088 0.6669 -16.1477 1.7361 21.1663 3.0965 -0.6170
Car -1 -1 1.8612 363.0250 182.5560 491.5971 276.3261 1.6595 1.5951 3.6610 -3.6952 1.8870 15.0210 1.6200 10.9309
Car -1 -1 1.7640 458.5970 187.2962 535.3102 243.8205 1.4527 1.5709 3.6062 -3.2921 1.9164 21.3111 1.6107 9.9845
Car -1 -1 1.6827 493.1986 185.3771 549.9359 230.6687 1.4476 1.6071 3.9462 -3.1693 1.9359 26.1332 1.5620 9.0517
Car -1 -1 -0.2956 778.3305 171.0733 974.4525 231.5666 1.4619 1.6501 4.3903 6.6066 1.4192 18.3668 0.0497 7.4230
Car -1 -1 -1.2257 678.2720 178.9980 743.0126 218.0911 1.4869 1.5636 3.5245 4.1927 1.7589 29.9694 -1.0867 7.1044
Car -1 -1 2.4613 0.0000 207.3825 175.1489 374.0000 1.5341 1.6376 4.2599 -4.1595 1.7961 3.3307 1.5657 7.0191
Car -1 -1 -0.9945 715.3604 176.8856 779.9228 212.3277 1.5607 1.5088 3.1330 6.4362 1.7592 33.7997 -0.8063 4.7079
Car -1 -1 2.4534 801.7121 163.7254 847.1401 179.2096 1.4481 1.6189 4.0616 20.4931 0.5947 69.0107 2.7421 3.6676
Car -1 -1 1.4659 532.7199 183.3517 569.3404 212.0681 1.4923 1.6514 4.1804 -3.4596 2.1259 41.3154 1.3824 2.3283
