Car -1 -1 1.9593 161.0604 183.3698 483.7671 374.0000 1.6472 1.6878 4.2313 -2.7643 1.7950 7.9545 1.6248 13.8421
Cyclist -1 -1 1.4680 670.1918 161.1480 677.9714 178.9543 1.6731 0.5673 1.6689 6.0732 0.5735 68.6321 1.5562 0.2471
Pedestrian -1 -1 3.7075 96.7068 141.0159 130.8591 190.8826 1.7331 0.6467 0.7640 -17.5148 0.6270 25.4123 3.1040 0.1157
Car -1 -1 -0.4302 867.3382 146.9016 1032.7332 200.5061 1.6209 1.6786 4.4021 10.5393 0.8365 22.6655 0.0051 11.7526
Pedestrian -1 -1 -1.5840 630.1655 184.0524 641.0437 213.0529 1.6585 0.6211 0.6563 1.4485 2.3137 41.8540 -1.5494 -0.1509
Car -1 -1 1.4471 674.1804 173.0185 725.7438 211.1285 1.5780 1.7149 4.5458 3.8898 1.5862 32.1681 1.5674 10.3447
Pedestrian -1 -1 3.6925 110.5834 136.6650 141.9492 185.3700 1.7351 0.5974 0.7361 -17.4806 0.4462 26.0159 3.1009 -0.1699
Car -1 -1 1.7522 441.4939 185.2323 505.5559 231.6762 1.5081 1.6226 3.9216 -4.9575 1.9957 26.4375 1.5668 9.9834
Pedestrian -1 -1 -1.2611 705.4987 170.9432 724.5828 209.0297 1.6480 0.6321 0.7496 4.5764 1.5657 31.6933 -1.1177 -0.3891
Car -1 -1 -1.5099 611.8781 179.2905 642.6074 206.0125 1.5060 1.6334 3.6330 1.0420 1.9107 43.4451 -1.4859 9.6595
Pedestrian -1 -1 -1.8741 1058.5249 143.6166 1082.7524 186.4942 1.7831 0.6770 0.7178 19.3846 0.5676 30.4371 -1.3071 -0.4713
Car -1 -1 -2.1521 1018.2658 144.1310 1108.9283 188.3223 1.8477 1.6686 3.6452 19.9701 0.6471 32.0080 -1.5943 8.8413
Pedestrian -1 -1 1.5768 609.9329 182.8592 620.6306 210.7872 1.6031 0.6178 0.6855 0.2749 2.1908 42.0092 1.5834 -0.6475
Car -1 -1 -2.1913 1066.8748 149.5790 1160.2552 183.2250 1.4187 1.6030 3.6289 22.3506 0.4377 32.2472 -1.5853 8.2458
Car -1 -1 1.7859 392.3214 185.2198 480.8108 248.3418 1.5660 1.6447 3.9878 -4.8986 1.9555 20.6927 1.5534 6.8994
Car -1 -1 -3.9980 1054.6098 155.2364 1241.0000 374.0000 1.5523 1.6804 4.6538 5.5313 1.4676 4.4138 -3.1007 5.4553
Car -1 -1 -0.0891 668.5434 173.6365 754.5455 204.4365 1.5088 1.6031 4.1533 5.0161 1.5495 36.2894 0.0483 5.0599
Car -1 -1 1.7197 473.5136 182.8602 519.9637 218.9192 1.4842 1.5457 3.6484 -5.0894 1.9612 32.5402 1.5646 4.7742
Car -1 -1 -2.1122 1155.1187 140.9079 1241.0000 183.6200 1.7875 1.6843 4.0838 26.5479 0.4509 32.3361 -1.4248 4.0255
Car -1 -1 -0.8887 643.3348 178.5065 694.9846 201.6057 1.5716 1.6310 3.8802 4.2670 1.9949 52.0162 -0.8069 1.4080
Car -1 -1 1.6703 511.3860 182.4660 543.9192 208.8753 1.4734 1.5813 3.8292 -4.9638 2.0800 43.5798 1.5569 1.0740
Car -1 -1 -1.4440 660.3464 163.2540 683.4830 180.5214 1.4989 1.5700 4.0659 5.5682 0.6659 64.7839 -1.3583 -0.0647
Car -1 -1 1.4454 375.9048 174.2473 410.1570 199.4090 1.5160 1.6172 3.7482 -13.8193 1.6087 45.7386 1.1520 -0.8388
