Car -1 -1 1.9417 155.1276 191.0485 388.8184 332.3229 1.5319 1.6205 4.0879 -4.6066 1.8478 10.4346 1.5260 14.6792
Cyclist -1 -1 1.4208 686.7956 171.7959 704.9041 210.0117 1.6692 0.5556 1.6990 3.8014 1.6234 32.3717 1.5377 -0.1988
Pedestrian -1 -1 -1.1428 155.5388 169.4011 219.7243 261.9003 1.6353 0.7712 0.7478 -7.7415 1.5746 13.1650 -1.6744 1.7461
Car -1 -1 1.8303 346.2437 184.4374 468.1623 265.3745 1.5683 1.6665 4.2200 -4.5653 1.8707 16.6998 1.5634 13.9731
Pedestrian -1 -1 0.8963 333.9947 169.6657 355.5889 205.3673 1.6600 0.6321 0.7392 -12.5391 1.5121 34.0086 0.5431 0.5775
Car -1 -1 1.7798 426.9776 184.9210 504.4582 239.1511 1.4922 1.6162 3.8465 -4.4723 1.9036 22.6458 1.5848 11.4750
Car -1 -1 -0.4764 924.3765 138.9763 1150.4501 208.9847 1.7132 1.7546 4.7576 10.8447 0.8845 18.6498 0.0503 11.0993
Car -1 -1 1.4023 694.7447 169.8079 758.3291 214.4464 1.6081 1.6932 4.5842 4.4272 1.4987 28.2940 1.5575 10.7486
Car -1 -1 -2.2195 1091.8387 138.7231 1207.1849 188.3809 1.7851 1.6838 3.6476 20.5768 0.5585 27.7677 -1.5818 9.6750
Car -1 -1 -1.4870 628.1419 177.9216 662.4354 207.6021 1.5280 1.5932 3.5327 1.9420 1.8198 39.6331 -1.4380 9.4325
Car -1 -1 1.7432 471.2420 181.0358 528.5271 223.7833 1.5481 1.6224 3.8612 -4.3653 1.8974 28.8214 1.5928 8.1073
Car -1 -1 1.7124 503.9038 183.3027 546.8757 215.8961 1.4508 1.5745 3.7108 -4.1106 1.9879 35.1901 1.5961 5.3262
Car -1 -1 -2.3036 1143.4207 145.7512 1241.0000 187.7305 1.5124 1.6180 3.8568 22.9207 0.5363 27.9552 -1.6169 3.0489
Car -1 -1 1.6437 517.4926 182.4548 551.4475 211.2613 1.4666 1.5996 3.7592 -4.1681 2.0233 39.9046 1.5397 2.4123
Car -1 -1 -1.1955 694.2323 162.9318 726.8951 179.8165 1.4651 1.6222 3.7947 9.0198 0.6045 64.6560 -1.0569 1.5370
Car -1 -1 -0.9906 664.7622 176.3718 714.4545 200.6434 1.5306 1.5595 3.6087 5.2892 1.7739 47.9338 -0.8807 0.9973
Car -1 -1 -1.3429 637.8473 177.5375 677.5148 204.2267 1.5309 1.6035 3.8156 2.9296 1.8313 44.1651 -1.2767 0.5002
Car -1 -1 1.7774 443.7813 171.3768 474.5851 191.5845 1.4875 1.5855 3.6330 -11.4689 1.3791 54.9264 1.5715 -0.7184
