Car -1 -1 2.0025 32.4862 192.9739 352.7278 374.0000 1.5380 1.6068 4.0379 -4.4954 1.8320 8.4646 1.5142 14.5149
Cyclist -1 -1 1.4608 706.5472 170.9500 716.6356 192.8403 1.6848 0.5945 1.7117 7.9092 1.5386 56.3948 1.6001 -0.7539
Pedestrian -1 -1 -2.0542 1217.3392 134.7042 1241.0000 182.6803 1.5665 0.6198 0.6735 20.6816 0.3212 23.9549 -1.3420 1.3884
Car -1 -1 -0.5417 968.7017 127.1855 1223.1599 211.4348 1.8197 1.7573 4.6037 10.9299 0.8336 16.5555 0.0418 13.9349
Pedestrian -1 -1 -0.4982 970.8003 139.5774 1016.1918 214.4634 1.7017 0.6610 0.6973 8.8327 0.9459 16.7284 -0.0124 0.5132
Car -1 -1 1.8776 310.7947 182.4797 459.0391 276.0889 1.5800 1.6532 4.2539 -4.4372 1.8058 14.7549 1.5854 13.0557
Car -1 -1 1.3934 708.6866 172.0714 777.3106 216.2349 1.4655 1.6538 4.5164 4.6785 1.4399 26.1991 1.5701 11.9671
Car -1 -1 1.7957 413.6291 183.0809 502.1988 243.2148 1.4948 1.6118 4.0396 -4.2799 1.8169 20.6614 1.5914 11.3768
Car -1 -1 -1.4909 634.7184 176.4625 671.3180 207.3381 1.5066 1.6152 3.7068 2.2493 1.7048 37.6093 -1.4312 8.9830
Car -1 -1 1.7549 465.2885 175.5877 528.4762 224.4662 1.6720 1.6426 3.8553 -4.1699 1.7815 26.8495 1.6008 7.6836
Car -1 -1 -2.2445 1138.1115 134.3786 1241.0000 183.9505 1.6247 1.6245 3.7186 20.7924 0.3640 25.5127 -1.5606 6.8204
Car -1 -1 1.6911 504.8427 181.2050 548.0902 215.3425 1.4399 1.5515 3.6073 -3.8208 1.8446 33.1240 1.5762 5.7166
Car -1 -1 -0.2196 696.5671 165.9070 804.1916 205.3561 1.6052 1.6477 4.1667 5.7868 1.3229 30.2446 -0.0306 3.7595
Car -1 -1 1.6499 518.6522 179.4160 555.7224 209.5698 1.4642 1.6251 4.0841 -3.8175 1.8287 37.9873 1.5498 3.6228
Car -1 -1 -1.0732 673.9674 173.2996 723.7008 200.3631 1.6481 1.6214 3.6013 5.6585 1.6780 45.9372 -0.9506 3.4142
Car -1 -1 -1.1826 644.0697 175.0436 695.3357 203.5003 1.5616 1.6189 3.9052 3.4920 1.6959 42.0242 -1.0997 2.3544
Car -1 -1 -1.1614 704.2351 158.6010 738.4141 176.0262 1.4608 1.5877 3.6912 9.6440 0.2663 62.4699 -1.0082 1.3973
Car -1 -1 2.0024 442.3452 179.6138 476.3391 195.9777 1.4903 1.6081 4.2039 -14.5434 2.1652 69.7773 1.7969 0.2581
Car -1 -1 1.8198 426.9995 151.7124 466.7075 176.3125 1.5478 1.6192 3.9599 -10.6946 0.2180 47.3970 1.5979 -0.3164
Car -1 -1 -2.7531 587.0267 178.6291 638.6857 197.2397 1.5040 1.6149 4.0402 0.2169 2.0029 60.7677 -2.7495 -0.3482
Car -1 -1 -0.6294 444.0136 171.2399 497.6040 191.8197 1.4581 1.5703 3.6381 -10.2199 1.3441 52.9857 -0.8200 -0.4635
