Car -1 -1 1.9122 259.4954 188.1218 447.7130 298.9037 1.5126 1.6651 4.4864 -4.2851 1.8301 12.7278 1.5874 13.6478
Pedestrian -1 -1 -0.5463 1020.0387 135.4263 1071.1193 220.2536 1.7399 0.6427 0.6809 9.0678 0.9726 15.1206 -0.0061 1.7138
Car -1 -1 1.3774 724.6931 169.7017 803.3087 223.0241 1.6142 1.7019 4.5216 4.9775 1.5191 24.1087 1.5810 12.4872
Pedestrian -1 -1 -0.5829 1031.3884 141.4689 1089.9897 224.2470 1.6267 0.6866 0.7454 9.0132 1.0103 14.5303 -0.0277 0.7201
Car -1 -1 1.8007 400.8018 184.9691 497.2205 253.9111 1.5349 1.6099 3.7162 -4.0730 1.8788 18.5877 1.5850 11.9592
Pedestrian -1 -1 -1.2159 85.1608 197.7981 186.6047 365.4846 1.6417 0.6735 0.7749 -5.0518 1.9223 7.6500 -1.7996 -0.1995
Car -1 -1 2.1136 0.0000 196.1404 296.2084 374.0000 1.5032 1.5773 3.8588 -4.4229 1.7770 6.5029 1.5163 11.8299
Car -1 -1 -0.5952 1022.8620 124.2192 1241.0000 218.2324 1.7487 1.7638 4.7070 11.0945 0.8444 14.4398 0.0599 9.7914
Car -1 -1 -1.4993 642.4760 177.5275 680.6119 211.4661 1.5575 1.6254 3.5070 2.5388 1.7997 35.4721 -1.4279 8.5645
Car -1 -1 1.7122 501.8349 182.4670 550.9941 219.1770 1.4370 1.5943 3.7477 -3.5840 1.8773 31.1274 1.5976 7.8020
Car -1 -1 1.7550 461.3518 178.2805 530.0553 231.7298 1.6683 1.6464 3.9315 -3.8988 1.8710 24.9113 1.5998 7.4975
Car -1 -1 -0.9285 683.2831 176.5428 736.2158 202.1163 1.4722 1.5294 3.2620 6.0346 1.7048 43.7229 -0.7914 5.2432
Car -1 -1 -0.1771 715.5120 169.3616 831.4741 211.9263 1.6124 1.6689 4.1957 6.2856 1.4805 28.2519 0.0418 3.8618
Car -1 -1 1.6447 520.6545 182.0673 559.1690 214.4621 1.4635 1.6105 3.9850 -3.4571 1.9461 35.7485 1.5483 3.4917
Car -1 -1 -1.1716 653.5676 177.4129 706.7083 209.1166 1.6396 1.6196 3.6878 3.8886 1.9048 39.8978 -1.0744 2.3444
Car -1 -1 1.8277 443.6436 182.5262 472.2287 199.8030 1.4828 1.5950 4.0480 -13.9514 2.3994 66.2906 1.6203 1.5155
Car -1 -1 -1.1120 709.1537 161.4457 747.5887 182.4502 1.6904 1.6506 3.7929 9.8631 0.7726 60.0869 -0.9493 -0.3358
Car -1 -1 -2.9829 687.4717 162.6538 741.7238 182.4924 1.4797 1.6106 3.9001 7.9782 0.7193 55.1641 -2.8393 -0.3465
