Car -1 -1 1.0864 886.8684 159.8612 1209.7889 315.9897 1.5742 1.6600 4.3337 5.2027 1.4435 9.4542 1.5895 13.2830
Cyclist -1 -1 -1.2462 749.7459 168.8762 780.0629 211.9950 1.6296 0.6679 1.6472 6.0116 1.4796 28.1450 -1.0357 0.5112
Pedestrian -1 -1 3.3343 294.7633 171.9218 313.9325 205.6832 1.7020 0.6247 0.7952 -15.6051 1.6553 36.7594 2.9328 0.2288
Car -1 -1 1.9563 227.7145 182.4810 448.5803 326.1379 1.6231 1.6216 3.7083 -3.6539 1.7860 10.2909 1.6152 12.6353
Pedestrian -1 -1 -0.9434 49.6656 176.3849 102.9149 243.2305 1.4339 0.6437 0.7184 -11.7823 1.5138 15.8764 -1.5818 -0.1297
Car -1 -1 1.7972 412.2288 188.7215 514.9815 261.8637 1.4110 1.5290 3.5818 -3.2757 1.8145 16.5170 1.6014 12.5565
Pedestrian -1 -1 -1.2845 674.0199 175.9712 701.5059 237.1206 1.6226 0.5882 0.6340 2.0671 1.7094 19.5898 -1.1793 -0.4253
Car -1 -1 1.7154 465.3291 183.0551 539.1787 239.1830 1.4599 1.6019 4.0913 -3.1611 1.7940 21.5549 1.5698 10.4883
Car -1 -1 -1.5568 680.4145 178.3717 741.3306 235.8740 1.4897 1.6030 3.5393 2.8941 1.6644 20.9193 -1.4194 10.3207
Car -1 -1 -1.0601 734.3638 171.7376 807.8433 212.5523 1.5492 1.5127 3.2176 6.4884 1.5071 29.0870 -0.8406 9.0014
Car -1 -1 -0.4179 833.2544 167.4970 1108.1215 249.8531 1.4608 1.6446 4.3775 6.6225 1.3661 13.6887 0.0327 8.6798
Car -1 -1 2.3033 0.0000 211.6315 269.9624 374.0000 1.4093 1.5499 3.7537 -3.7833 1.7444 4.3370 1.5859 8.1046
Car -1 -1 -1.2455 693.4071 175.9256 768.1578 221.9970 1.4763 1.5461 3.4979 4.2487 1.5924 25.2795 -1.0790 7.8306
Car -1 -1 -0.0117 320.4741 175.4099 381.8466 194.6676 1.4804 1.6391 4.5386 -20.6080 1.6898 57.4387 -0.3562 6.0659
Car -1 -1 -1.0002 876.6179 166.5044 937.9477 191.8106 1.4559 1.5953 3.8103 17.8068 1.0909 43.2524 -0.6097 2.0371
Car -1 -1 1.2475 859.3118 155.7778 891.9398 173.6500 1.6153 1.6791 3.9509 24.6799 0.0723 67.2108 1.5994 1.1291
