Car -1 -1 2.8068 737.4631 166.5677 937.6912 231.3897 1.5830 1.7027 4.6057 5.6980 1.4299 18.5537 3.1048 12.6431
Cyclist -1 -1 -0.7650 428.0095 181.8719 449.1862 203.8579 1.7185 0.5717 1.7489 -13.7980 2.4551 58.0145 -0.9985 0.1683
Pedestrian -1 -1 -0.1476 695.2441 162.9455 730.1215 222.0352 1.8436 0.5904 1.0145 3.1934 1.5348 22.8091 -0.0085 1.8614
Car -1 -1 -0.6128 1050.3726 150.1074 1165.6625 184.1445 1.4927 1.5936 4.0995 22.3033 0.4955 32.4584 -0.0108 10.6030
Pedestrian -1 -1 -2.0803 1035.1739 150.5228 1057.8779 182.8519 1.5193 0.6332 0.7585 20.7054 0.4702 34.2958 -1.5371 0.5600
Car -1 -1 -2.0102 890.4633 156.9007 942.2585 184.9932 1.7320 1.6471 3.6808 19.5863 0.7488 46.3536 -1.6104 10.1246
Pedestrian -1 -1 -1.2698 380.1996 147.7594 399.4480 185.6969 1.6501 0.6121 0.7656 -9.7290 0.5590 31.7642 -1.5670 -0.2006
Car -1 -1 1.6895 452.7038 184.5228 507.6822 227.7952 1.4857 1.6249 4.0720 -4.9963 1.9721 27.9721 1.5127 9.5342
Car -1 -1 1.4304 647.8467 174.2943 683.6415 200.2349 1.5758 1.6802 4.4207 3.4954 1.6732 46.3404 1.5057 9.2927
Car -1 -1 -0.6095 1022.2364 150.9808 1129.3824 182.3297 1.4796 1.6575 4.1639 22.4768 0.4476 34.9596 -0.0381 6.4713
Car -1 -1 1.7130 479.6552 184.8261 525.0288 219.1847 1.4834 1.6042 3.9352 -5.1239 2.0888 34.4939 1.5655 6.2068
Car -1 -1 -1.5054 605.4250 179.0756 628.7551 199.9902 1.5798 1.6230 3.7221 0.5699 2.0929 57.5548 -1.4955 5.8193
Car -1 -1 -3.3266 715.0550 174.9919 778.1945 196.6613 1.4356 1.5934 3.9647 9.1675 1.5828 48.7556 -3.1408 5.2887
Car -1 -1 -2.0606 926.7992 159.3183 981.3345 182.4625 1.4358 1.5972 3.7588 22.1564 0.5964 46.6726 -1.6174 4.8770
Car -1 -1 -0.2501 764.2931 162.7991 859.2732 194.8803 1.6032 1.6954 4.3991 10.2373 1.1011 36.9470 0.0202 4.5876
Car -1 -1 1.6907 539.8804 178.3757 579.5557 210.7271 1.6220 1.6628 4.0676 -2.6961 1.9363 38.9538 1.6216 4.4456
Car -1 -1 1.7093 498.8599 183.9584 537.0490 213.5986 1.5173 1.5877 3.9964 -5.1424 2.1710 40.4452 1.5829 2.0722
