Car -1 -1 2.8196 731.1500 162.9962 906.6334 221.2009 1.5758 1.7021 4.4758 5.7935 1.3093 20.4857 3.0953 12.2954
Cyclist -1 -1 -1.2579 398.7246 147.2358 421.3040 184.2836 1.6960 0.5203 1.7199 -9.4220 0.5236 33.8981 -1.5290 1.9744
Pedestrian -1 -1 -0.0862 691.8062 162.2716 720.7242 214.0459 1.7576 0.6267 0.9343 3.2610 1.3987 24.8249 0.0444 1.2003
Car -1 -1 1.6589 472.6195 179.7022 521.9544 218.8678 1.4839 1.6694 4.3978 -4.7090 1.7939 30.3701 1.5051 9.2178
Cyclist -1 -1 -0.1972 762.2503 160.4511 796.3093 192.0713 1.6634 0.5324 1.6856 8.9305 1.0113 38.2476 0.0322 -0.4736
Pedestrian -1 -1 2.8178 423.4446 177.9743 443.5544 219.7317 1.6540 0.6142 0.6245 -7.1642 1.8639 29.1076 2.5765 -0.7166
Car -1 -1 -1.9757 887.7153 153.9091 934.2252 176.3519 1.4409 1.5774 3.5714 19.9843 0.2249 48.1174 -1.5820 8.5746
Car -1 -1 1.4950 656.5422 169.5771 686.9402 194.0571 1.5598 1.6810 4.4679 4.0481 1.3514 48.2128 1.5788 7.9344
Car -1 -1 -0.6197 1036.7802 145.8417 1146.4582 177.2869 1.4533 1.6064 4.1701 22.7461 0.2052 34.2162 -0.0330 7.2009
Car -1 -1 1.6231 551.7994 175.7754 583.7323 202.5656 1.5160 1.6994 4.2661 -2.5284 1.7009 43.4325 1.5650 5.3356
Car -1 -1 -0.7528 1212.9271 135.0946 1241.0000 180.5706 1.4907 1.5940 4.2298 23.1820 0.2533 24.4582 0.0058 5.1603
Car -1 -1 -1.4604 611.2450 173.7289 636.0621 191.9682 1.4524 1.6304 3.9478 1.1385 1.5277 59.7144 -1.4414 4.9899
Car -1 -1 -2.0797 922.0661 154.1474 971.9526 176.2576 1.4203 1.5568 3.3831 22.3769 0.2190 48.0922 -1.6442 4.4061
Car -1 -1 1.7006 494.9003 182.1200 535.9479 213.0481 1.4387 1.5871 3.7989 -4.7812 1.9336 36.6004 1.5707 4.3132
Car -1 -1 -0.2331 763.4213 161.2195 850.0854 190.3268 1.5237 1.6577 4.2088 10.4532 0.9150 38.6612 0.0309 1.7133
Car -1 -1 2.9522 718.4607 170.4341 777.8385 191.7468 1.4706 1.5951 3.8553 9.6238 1.3040 50.5832 3.1402 -0.7657
