Car -1 -1 2.9305 674.3042 171.3999 779.4825 207.6381 1.5693 1.6821 4.3755 5.1241 1.5067 32.1998 3.0883 9.2140
Cyclist -1 -1 -1.3484 441.6663 156.3010 456.4850 184.2593 1.7381 0.5411 1.7722 -10.2248 0.7094 45.7398 -1.5683 0.3816
Pedestrian -1 -1 -1.7297 920.2081 162.4567 933.3439 190.0742 1.7291 0.6466 0.7660 19.9955 1.0785 45.6243 -1.3167 -0.3006
Car -1 -1 -0.5853 1062.2216 151.9302 1188.2215 190.0261 1.6502 1.6902 4.3666 22.8519 0.7442 32.1683 0.0324 6.4633
Car -1 -1 -1.9101 820.9895 159.5813 855.2139 180.7667 1.7116 1.6482 3.4775 18.9230 0.6396 60.0567 -1.6049 6.2562
Car -1 -1 -0.5193 1007.1237 153.7848 1112.4318 183.9354 1.4809 1.6553 4.2391 22.5514 0.5446 36.3406 0.0361 6.1439
Car -1 -1 -0.4746 910.8030 157.9300 991.3310 181.4033 1.4765 1.5934 4.4286 21.7933 0.5381 46.2535 -0.0343 5.0455
Car -1 -1 -0.4508 897.7306 158.2207 966.7011 180.3376 1.4665 1.6181 3.9400 21.6889 0.4966 48.7123 -0.0319 4.0771
Car -1 -1 1.4612 631.9726 175.9909 659.1702 196.6459 1.6264 1.7742 4.3723 2.8812 1.8962 59.7283 1.5094 3.6683
Car -1 -1 1.6874 496.2443 182.8531 531.8993 210.5554 1.4718 1.5996 3.9240 -5.5340 2.0778 41.7302 1.5556 2.7829
Car -1 -1 -1.4596 599.6017 180.2782 620.3706 196.0546 1.4740 1.6203 4.0479 0.0101 2.2317 71.4925 -1.4594 2.5021
Car -1 -1 -1.9576 848.0753 162.0190 885.4244 180.9023 1.5333 1.6198 3.8360 21.4716 0.6539 60.5392 -1.6168 2.2346
