Car -1 -1 1.4125 683.5559 176.1746 740.5923 216.7036 1.5501 1.6766 4.3439 4.1380 1.6993 30.1422 1.5490 12.0801
Pedestrian -1 -1 -0.6242 902.2205 159.4441 940.2583 217.6890 1.5969 0.6376 0.7437 8.6486 1.2296 20.1712 -0.2192 0.4060
Car -1 -1 1.8168 368.3399 189.0525 475.8668 260.2006 1.5305 1.6738 4.3079 -4.7471 1.9982 18.6576 1.5677 11.4618
Car -1 -1 1.8780 237.3543 196.5139 408.4139 309.4673 1.4973 1.6048 3.7944 -4.7242 1.9652 12.3162 1.5117 10.7177
Car -1 -1 1.7578 435.9312 189.8253 504.1619 238.7216 1.4400 1.5806 3.8775 -4.7125 2.0631 24.5347 1.5680 10.5899
Car -1 -1 -2.1881 1053.2721 142.5247 1154.3537 187.4680 1.7448 1.6633 3.5985 20.2480 0.5677 29.8259 -1.5917 9.5269
Car -1 -1 -0.4538 893.3449 146.1721 1089.5313 206.5239 1.6568 1.7484 4.6974 10.7913 0.9247 20.7400 0.0259 9.4543
Car -1 -1 -2.2492 1106.2201 148.9723 1209.3223 188.2676 1.5434 1.6056 3.4535 22.6813 0.6057 30.0882 -1.6032 9.2519
Car -1 -1 -1.4836 619.9174 182.9376 653.4703 211.2319 1.4998 1.6171 3.6937 1.5432 2.1079 41.5541 -1.4464 9.1968
Car -1 -1 2.2352 0.0000 199.1651 388.7650 374.0000 1.5539 1.6213 3.9729 -2.8218 1.7766 4.0669 1.6286 6.9779
Car -1 -1 1.7177 472.4917 182.4338 524.0816 225.6425 1.6868 1.6420 3.8349 -4.7629 2.1235 30.9393 1.5649 6.3146
Car -1 -1 -0.1260 678.6121 176.5106 771.3065 208.3817 1.4736 1.6116 4.1946 5.3907 1.6529 34.4251 0.0293 4.4624
Car -1 -1 1.6783 514.1002 186.5721 549.1653 214.6728 1.4756 1.5997 4.0504 -4.5350 2.3109 41.8891 1.5705 2.6378
Car -1 -1 1.6315 594.3524 182.4599 612.6352 198.3289 1.4853 1.5836 4.1200 -0.6410 2.4745 72.1720 1.6226 0.8645
Car -1 -1 -0.9058 654.3938 180.1722 704.4702 204.8854 1.6145 1.5852 3.5865 4.8157 2.1415 50.0744 -0.8099 0.4999
Car -1 -1 1.8141 409.2276 182.8684 440.8734 202.4437 1.4834 1.6072 3.8653 -15.0021 2.3240 58.5965 1.5634 0.3947
