Car -1 -1 1.9303 245.5532 191.8757 444.3873 314.5911 1.4741 1.6051 3.8314 -3.9061 1.8207 11.1985 1.5947 14.3206
Cyclist -1 -1 -2.9696 493.7427 168.6016 522.0831 195.8122 1.6834 0.5689 1.6759 -6.3867 1.4207 44.9448 -3.1108 -0.6517
Car -1 -1 1.2913 779.6089 165.8149 912.5771 247.7403 1.6292 1.6914 4.4363 5.1712 1.4896 16.5833 1.5936 13.0132
Car -1 -1 -1.5188 663.6005 179.1448 708.8968 221.3515 1.5017 1.5758 3.3558 2.9625 1.7615 27.9804 -1.4133 11.7288
Car -1 -1 1.8199 402.0192 182.8631 506.4899 261.3555 1.6410 1.6069 3.6256 -3.6762 1.9083 17.3968 1.6117 11.3082
Car -1 -1 2.2361 0.0000 200.2290 305.4145 374.0000 1.5288 1.6646 4.2703 -4.1339 1.8186 5.4749 1.5894 10.8677
Car -1 -1 1.7579 475.8242 187.5684 543.2373 237.0991 1.4257 1.5502 3.5779 -3.2609 1.9462 23.6762 1.6210 7.5074
Car -1 -1 -1.2217 671.5533 179.2673 735.2372 214.9130 1.4578 1.6064 3.8630 4.2056 1.7641 32.3395 -1.0924 6.7433
Car -1 -1 -1.0115 708.0369 174.8094 769.4861 208.6165 1.6036 1.5299 3.2709 6.4434 1.7067 36.1490 -0.8352 6.0045
Car -1 -1 1.6823 505.2184 183.9700 557.3763 225.1093 1.4563 1.6182 4.0450 -3.0957 1.9294 28.6591 1.5747 5.7892
Car -1 -1 1.6678 540.5915 180.7335 573.6068 208.1339 1.5420 1.6153 4.0686 -3.2012 2.0436 43.8378 1.5949 2.8474
Car -1 -1 2.5704 773.7811 164.0629 815.6346 179.3419 1.4585 1.5252 3.7081 17.9462 0.6197 70.1840 2.8207 2.8137
Car -1 -1 -0.3313 757.3133 169.9846 923.3398 225.5058 1.5343 1.6336 4.2614 6.5104 1.4553 20.8126 -0.0282 2.5011
Car -1 -1 1.4476 719.1782 159.2104 750.4286 182.2586 1.5036 1.6051 4.0315 8.4222 0.6139 49.1188 1.6174 -0.5948
