Car -1 -1 2.0344 100.7744 191.6948 411.0027 361.4765 1.5345 1.6618 4.4211 -4.1339 1.8354 9.2616 1.6146 12.5885
Cyclist -1 -1 0.2889 773.7159 161.3774 795.1899 181.5583 1.7313 0.5654 1.7201 15.1048 0.7471 62.5718 0.5258 -0.0903
Pedestrian -1 -1 -0.7133 1160.1788 125.1783 1241.0000 238.4019 1.7280 0.6886 0.7581 9.2580 1.0007 11.3646 -0.0297 2.8528
Car -1 -1 1.3561 751.8379 171.6687 844.2028 235.2956 1.6166 1.6572 4.1164 5.1394 1.5868 20.4134 1.6027 12.4791
Cyclist -1 -1 0.1149 502.4584 168.4873 528.5365 193.5322 1.6838 0.5770 1.6949 -6.4178 1.3906 48.8099 -0.0159 -0.4527
Pedestrian -1 -1 -0.7269 1184.1819 143.0415 1241.0000 256.0046 1.6133 0.7716 0.7283 9.1327 1.1879 10.6948 -0.0201 1.3918
Car -1 -1 1.8723 347.9893 192.5038 483.0105 279.6112 1.4639 1.5943 3.9396 -3.9228 1.9282 15.0318 1.6171 11.8186
Pedestrian -1 -1 2.6573 959.0001 137.7193 982.9620 187.0428 1.6393 0.5864 0.5055 12.0972 0.4719 24.2770 3.1196 0.5933
Car -1 -1 -1.4833 654.7811 182.6439 696.4976 218.7814 1.4557 1.5456 3.3763 2.9000 1.9124 31.8349 -1.3925 9.5732
Pedestrian -1 -1 2.6729 951.8592 139.1930 978.3652 183.9844 1.5251 0.6216 0.6037 12.1961 0.3793 24.8801 3.1286 0.2548
Car -1 -1 1.7848 441.6293 184.0560 522.9264 245.4805 1.5863 1.5972 3.6969 -3.6973 1.9450 21.1966 1.6121 9.3630
Car -1 -1 -0.7268 1162.5197 120.2758 1241.0000 244.0611 1.6843 1.6765 4.5232 11.1989 0.9692 10.8216 0.0757 8.0555
Car -1 -1 -0.1710 736.8000 172.7948 879.0995 219.9305 1.5422 1.6332 4.4648 6.6106 1.5407 24.6220 0.0913 7.7788
Car -1 -1 1.7347 494.3765 185.9550 551.4217 229.3612 1.4739 1.5691 3.7697 -3.2989 2.0098 27.5741 1.6156 7.6582
Car -1 -1 -1.0380 699.2059 180.7460 753.8264 210.1466 1.5250 1.5556 3.2673 6.4725 1.9834 40.1197 -0.8780 5.7138
Car -1 -1 -1.2148 667.1399 180.4942 721.5276 213.1554 1.5106 1.5773 3.5392 4.2406 1.9149 36.2095 -1.0982 5.1897
Car -1 -1 2.5001 0.0000 184.3477 114.7181 374.0000 1.5549 1.6427 4.4475 -4.3501 1.6382 2.9466 1.5247 3.5603
Car -1 -1 1.6294 547.1135 182.8322 574.9133 207.7334 1.5217 1.6035 4.0255 -3.2324 2.2101 47.7293 1.5618 2.1190
Car -1 -1 1.8183 440.5583 185.9886 469.9099 204.3683 1.4816 1.5786 4.0015 -13.5134 2.6673 63.0860 1.6073 0.4428
Car -1 -1 1.7317 440.4833 170.8537 474.5094 195.1836 1.5526 1.6184 3.8639 -10.1322 1.4253 48.0105 1.5237 -0.1834
