Car -1 -1 2.0386 66.2800 206.3659 436.8029 374.0000 1.3587 1.5468 3.5560 -2.9550 1.7561 6.7292 1.6248 12.9596
Pedestrian -1 -1 1.0203 1023.1061 164.0770 1045.0866 201.3644 1.6307 0.5904 0.6376 18.6931 1.2472 31.8776 1.5507 0.0244
Car -1 -1 1.8203 344.1369 186.9268 511.6734 304.1090 1.4811 1.6270 4.0265 -2.7565 1.7479 11.6303 1.5876 12.9098
Pedestrian -1 -1 3.3086 46.9912 155.5058 82.0836 217.8132 1.8345 0.6179 0.7503 -16.4336 1.3241 21.6884 2.6602 -0.1839
Car -1 -1 -1.7123 768.5388 181.9013 916.8449 301.0732 1.4416 1.5722 3.5973 3.2710 1.6025 10.9090 -1.4210 11.5590
Pedestrian -1 -1 -3.3090 729.0699 156.9067 748.1584 190.4268 1.7562 0.6502 0.8964 6.7561 0.9210 38.1293 -3.1336 -0.4683
Car -1 -1 -1.1396 819.0967 171.3410 933.7730 235.2607 1.5302 1.5639 3.3879 7.0280 1.4944 19.0217 -0.7857 10.3861
Car -1 -1 -0.9704 1054.3411 164.1143 1175.9762 212.2628 1.4712 1.5789 3.4165 16.3182 1.2045 23.3864 -0.3612 9.1919
Car -1 -1 2.2842 976.3111 160.2795 1073.5938 195.6693 1.5328 1.5960 3.9928 18.7390 0.9886 32.6619 2.8051 9.1007
Car -1 -1 1.7298 478.4655 177.9549 548.5777 236.9757 1.5986 1.5537 3.4124 -2.8489 1.7637 21.5663 1.5985 8.8461
Car -1 -1 -3.0920 751.9452 166.7626 859.4321 209.6959 1.7321 1.7183 4.2842 8.2474 1.4867 30.5836 -2.8286 6.1874
Car -1 -1 -1.3318 769.0957 175.2726 887.7515 260.9973 1.5667 1.5804 3.6305 4.6647 1.6248 15.2589 -1.0351 6.1669
Car -1 -1 -0.3265 593.7284 166.4809 658.4343 187.1517 1.5218 1.6724 4.6025 1.1858 1.0530 54.6052 -0.3047 5.4013
Car -1 -1 1.3416 501.1272 180.1055 566.5911 225.0984 1.4836 1.5268 3.9376 -2.9215 1.7723 26.5796 1.2321 4.4814
Car -1 -1 -1.4968 1018.7400 147.3286 1048.1071 168.8879 1.5195 1.5784 4.3146 31.6272 -0.3081 53.8916 -0.9661 1.5190
Car -1 -1 1.0461 1073.3381 151.1856 1135.1335 173.9437 1.4785 1.6139 4.1071 33.4309 0.0711 48.9787 1.6450 0.6605
Car -1 -1 -0.8831 1040.1556 155.9884 1095.0312 174.1486 1.4855 1.6410 4.1190 38.3055 0.1063 60.4419 -0.3182 0.4682
