Car -1 -1 1.8754 266.0801 189.8124 493.0097 345.9564 1.5005 1.6160 3.9432 -2.7339 1.7673 9.3500 1.5909 12.8136
Pedestrian -1 -1 3.5388 0.0000 182.1419 36.8652 271.9078 1.6252 0.6836 0.7254 -11.4334 1.8060 13.5846 2.8391 0.2163
Car -1 -1 -1.7486 809.4834 185.2267 1017.8386 352.3342 1.4977 1.5910 3.5529 3.3087 1.6788 8.6385 -1.3828 11.1545
Pedestrian -1 -1 1.9311 276.1460 174.7864 314.0696 244.9111 1.5662 0.6001 0.6625 -7.2331 1.6116 16.4778 1.5175 -0.2378
Car -1 -1 2.2471 1003.2248 162.8008 1108.8428 202.2555 1.5865 1.6316 4.0293 18.7797 1.1826 30.4545 2.7997 10.0760
Car -1 -1 -3.0782 756.7082 167.3099 875.1230 212.7414 1.6898 1.7129 4.3574 8.0492 1.4840 28.3686 -2.8018 10.0124
Car -1 -1 1.7632 460.6920 180.3603 543.7023 246.6501 1.5772 1.5617 3.4554 -2.8387 1.7970 19.3258 1.6174 9.6139
Car -1 -1 -1.0414 1100.3004 168.7780 1234.1493 223.5739 1.5038 1.5884 3.4513 16.3070 1.3923 21.1841 -0.3853 9.0081
Car -1 -1 -1.3907 800.3498 180.6694 926.6232 281.4770 1.5149 1.5556 3.3806 4.6037 1.6759 12.9805 -1.0499 7.8098
Car -1 -1 2.1680 0.0000 220.2695 374.4760 374.0000 1.3875 1.5085 3.5196 -2.9017 1.8021 4.5220 1.5975 7.7033
Car -1 -1 -1.1914 851.3792 174.0435 976.4886 244.7386 1.4700 1.5267 3.4257 7.0940 1.5010 16.8153 -0.7922 7.5677
Car -1 -1 1.2208 483.7308 182.6043 568.7517 232.9915 1.4902 1.5669 3.9373 -2.9443 1.8470 24.2628 1.1000 6.3203
Car -1 -1 -0.4171 655.0444 167.1693 719.5705 187.5023 1.4729 1.6946 4.4777 5.7276 1.0615 53.7577 -0.3109 6.2834
Car -1 -1 -1.5228 540.4969 181.4970 566.2811 204.4864 1.4845 1.5969 4.0707 -3.9309 2.1108 50.1959 -1.6010 0.5246
Car -1 -1 -1.4139 565.1624 175.9836 587.5472 192.0150 1.4551 1.5665 3.6169 -3.1677 1.7591 68.1088 -1.4604 0.2924
Car -1 -1 2.0699 98.2846 165.8798 158.8344 189.9197 1.5451 1.6479 4.0449 -32.2787 1.0972 48.4595 1.4823 -0.3641
