Car -1 -1 -1.8173 779.4032 179.7546 952.3903 298.0056 1.5154 1.6267 3.8136 3.7678 1.6439 11.4329 -1.4990 14.0918
Cyclist -1 -1 1.4011 700.5425 160.6175 709.8807 178.9144 1.6952 0.5864 1.7133 8.9118 0.5619 67.7148 1.5320 -0.0107
Pedestrian -1 -1 0.4435 262.5981 182.7218 278.5773 212.9023 1.7498 0.6414 0.6358 -19.9586 2.3339 42.3615 0.0032 0.3465
Car -1 -1 1.9279 219.1800 172.1256 433.7280 312.4768 1.6842 1.6266 3.8665 -3.9290 1.6758 10.5902 1.5727 13.2474
Cyclist -1 -1 1.4210 671.8211 160.0397 681.9029 181.1796 1.6658 0.5589 1.6642 5.3168 0.6564 57.7002 1.5129 -0.3422
Pedestrian -1 -1 0.9771 1040.9562 183.6941 1073.4601 235.4898 1.6013 0.6031 0.6654 14.0752 1.9493 22.7923 1.5304 -0.1085
Car -1 -1 1.9265 627.1757 171.7431 704.0602 216.1269 1.5898 1.6490 4.1133 2.2010 1.5504 28.0557 2.0048 12.1293
Car -1 -1 1.9346 442.4149 177.0248 557.7207 252.3061 1.5976 1.5707 3.5933 -2.5809 1.7099 17.4459 1.7877 11.9750
Car -1 -1 -1.6349 759.0300 179.8136 844.9417 256.0687 1.4985 1.6234 4.1808 4.2855 1.6820 16.7832 -1.3849 11.0432
Car -1 -1 -2.3019 939.4430 186.8717 1241.0000 374.0000 1.5476 1.6010 3.9444 3.5182 1.6652 4.0463 -1.5862 8.4245
Car -1 -1 2.4896 0.0000 190.1552 182.6226 374.0000 1.4882 1.5554 3.6350 -3.7104 1.6040 2.9795 1.5954 6.9888
Car -1 -1 -1.9217 914.2686 153.2738 986.8177 195.2308 1.7854 1.7022 3.9765 15.3179 0.9526 32.7558 -1.4842 4.9926
Car -1 -1 1.6014 731.4614 167.8788 756.2566 189.8324 1.5268 1.6470 4.0546 9.7127 1.1812 52.3344 1.7849 2.0273
Car -1 -1 -1.6148 825.1858 168.9247 854.4520 193.2680 1.4756 1.5947 3.8391 14.5132 1.2378 45.7942 -1.3079 1.9340
Car -1 -1 -3.2228 892.6433 157.9435 945.2775 177.1371 1.6116 1.6774 4.0333 26.4825 0.3600 62.0173 -2.8192 1.1703
Car -1 -1 -1.1648 249.0681 189.0611 284.5673 206.8489 1.4690 1.5577 3.6756 -30.8213 2.9681 64.8527 -1.6084 0.9379
Car -1 -1 -2.0816 981.2347 159.8106 1071.0960 196.0450 1.4831 1.6136 4.0612 18.0419 0.9496 31.5682 -1.5624 -0.3270
Car -1 -1 1.9740 363.1008 163.7986 399.9477 181.7590 1.5362 1.6262 4.1115 -20.1853 0.7620 63.8363 1.6677 -0.5525
