Car -1 -1 1.8896 567.4377 170.4034 676.9936 240.7264 1.6329 1.6658 4.1013 0.3985 1.5763 18.9619 1.9106 14.4728
Pedestrian -1 -1 2.4324 235.9188 165.4111 330.3725 324.5178 1.7574 0.6237 0.7948 -3.8726 1.6756 8.4585 2.0031 -0.3513
Car -1 -1 -1.8662 806.7503 185.9270 1115.2416 374.0000 1.4595 1.6497 4.2913 3.3012 1.6427 7.8714 -1.4691 13.0796
Car -1 -1 2.1121 99.2523 183.2674 423.5100 371.6729 1.5512 1.5678 3.5398 -3.5466 1.6937 7.9957 1.6946 12.2246
Car -1 -1 -1.5767 800.3935 181.1052 905.8723 281.9636 1.5118 1.5739 3.4083 4.2825 1.6819 12.9810 -1.2580 9.3377
Car -1 -1 -2.0172 943.4908 144.6932 1056.4278 205.6999 1.9155 1.7673 4.1572 13.1768 1.0317 24.7670 -1.5283 8.7090
Car -1 -1 -2.1702 1031.9733 145.7334 1165.8947 201.9602 1.6904 1.6705 3.9762 15.8237 0.8754 23.6868 -1.5813 6.8443
Car -1 -1 1.7679 652.2651 173.1436 702.9641 206.4670 1.4264 1.5881 3.8325 3.1078 1.4409 32.9829 1.8618 5.5932
Car -1 -1 -1.6968 809.0646 171.6197 902.6731 248.3361 1.6161 1.6257 3.6605 5.6687 1.5905 17.1495 -1.3775 5.2858
Car -1 -1 1.6576 629.6025 173.9561 679.2732 216.9569 1.5465 1.6098 3.6869 1.7398 1.5926 27.9886 1.7197 4.2167
Car -1 -1 1.6340 696.7681 167.5596 727.8636 195.0752 1.5862 1.6165 4.0252 6.2069 1.2814 43.7279 1.7750 2.9897
Car -1 -1 1.9905 177.7789 189.0988 224.0220 210.2976 1.5172 1.6560 4.0879 -32.2721 2.8484 56.9916 1.4753 2.7862
Car -1 -1 -1.2752 159.2793 190.3864 194.7534 209.5166 1.4522 1.5690 3.5655 -36.1079 2.9623 60.2088 -1.8154 1.8691
Car -1 -1 -1.3518 711.2946 161.9570 748.1763 186.6251 1.6039 1.6425 4.0186 8.1553 0.8958 49.0824 -1.1871 1.6190
Car -1 -1 -3.2181 863.2146 159.0681 920.9790 181.3440 1.6519 1.6825 3.9722 21.3779 0.6299 54.8859 -2.8467 1.2356
