Car -1 -1 1.9860 28.2497 188.4066 313.7875 370.4815 1.5537 1.5150 3.2438 -4.6719 1.7660 8.1367 1.4648 11.2577
Cyclist -1 -1 -1.0485 652.7651 154.6211 690.2434 204.6169 1.7357 0.5321 1.7697 2.1810 1.1030 25.9249 -0.9646 1.8221
Pedestrian -1 -1 -0.2214 781.3633 136.9620 807.2043 190.1053 1.7364 0.6266 0.7076 6.0525 0.5640 23.8949 0.0267 0.2512
Car -1 -1 -3.2235 704.9309 166.2431 891.2662 233.4185 1.6212 1.6817 4.4605 4.6760 1.4620 18.6048 -2.9772 10.8334
Pedestrian -1 -1 -3.8329 1202.2713 150.3659 1224.3665 177.7542 1.6084 0.6057 0.7999 35.6478 0.2881 42.6762 -3.1370 -0.5941
Car -1 -1 2.0614 1028.1991 165.1552 1158.1280 214.9886 1.4290 1.6093 4.0941 14.9531 1.2086 22.3623 2.6508 10.5427
Car -1 -1 1.4197 242.7142 190.5880 375.8906 291.7318 1.4111 1.5772 3.9598 -5.5442 1.7800 12.8964 1.0137 9.4384
Car -1 -1 -1.5600 1051.9959 181.1816 1241.0000 374.0000 1.5023 1.5197 3.1556 5.3342 1.6034 7.0155 -0.9099 7.7737
Car -1 -1 -2.0766 1135.6032 199.9305 1241.0000 374.0000 1.5084 1.5837 3.8953 3.6389 1.6987 2.9575 -1.1883 6.3531
Car -1 -1 2.2958 863.9791 160.5061 917.6771 181.5284 1.5537 1.6206 3.9181 21.3651 0.6415 54.9420 2.6667 1.9709
Car -1 -1 -0.8397 1110.6521 164.9734 1173.3816 185.9674 1.4754 1.5909 3.6616 38.1906 0.9219 51.8547 -0.2049 0.1222
