Car -1 -1 1.8156 403.1011 185.5599 513.7791 262.7705 1.4766 1.5689 3.7886 -3.3437 1.7990 16.3570 1.6139 14.3707
Cyclist -1 -1 1.4498 663.3933 163.1783 672.1550 181.8316 1.7027 0.6050 1.7031 5.3187 0.8198 66.7239 1.5294 -0.0346
Pedestrian -1 -1 -2.1534 1149.6015 147.6684 1241.0000 296.9447 1.6392 0.6238 0.5505 6.6090 1.3630 8.2237 -1.4764 -0.7559
Car -1 -1 -1.9230 800.5509 188.1849 1004.1171 319.8670 1.4643 1.5229 3.2979 3.7903 1.7137 10.0612 -1.5627 12.0664
Car -1 -1 -1.7747 749.7907 183.5643 865.6742 266.6194 1.5015 1.6126 3.8429 4.0425 1.7612 15.5069 -1.5197 12.0535
Car -1 -1 1.7850 468.4581 186.0427 544.4544 239.6714 1.4106 1.5294 3.6189 -3.0763 1.8426 21.7516 1.6445 10.3020
Car -1 -1 -1.7558 713.4433 181.5582 791.0339 234.8226 1.4471 1.6071 4.0526 4.2398 1.7409 22.2924 -1.5679 9.3999
Car -1 -1 1.9073 561.9153 179.3816 614.6115 213.4133 1.5792 1.5654 3.5137 -1.0736 1.9237 36.1238 1.8776 8.6315
Car -1 -1 2.2805 0.0000 205.1955 287.2110 374.0000 1.4413 1.5528 3.8989 -3.6848 1.7261 4.3853 1.5816 8.4901
Car -1 -1 1.6999 513.4928 183.3521 564.8371 222.6951 1.4342 1.5891 3.8793 -2.8519 1.8897 29.3132 1.6029 7.2506
Car -1 -1 2.0127 654.8033 177.2727 703.7365 201.9034 1.4855 1.6042 3.9304 4.4634 1.7827 46.3667 2.1087 6.8183
Car -1 -1 -1.5628 709.6083 179.9870 752.3829 221.6511 1.5552 1.6236 3.8705 4.9434 1.8691 29.6762 -1.3977 5.2128
Car -1 -1 -1.4695 748.2975 171.9183 781.8697 197.2629 1.4746 1.6158 3.9622 9.4865 1.4205 44.1101 -1.2577 1.1802
Car -1 -1 -1.1549 317.8302 188.4107 350.9046 204.7491 1.4613 1.5903 3.8466 -26.8033 3.0182 70.2300 -1.5195 0.8405
