Car -1 -1 2.0336 1002.9400 168.3860 1133.2201 223.2080 1.5257 1.6562 4.1476 13.8645 1.4017 21.8575 2.5989 13.4201
Pedestrian -1 -1 1.5665 951.7168 148.8863 968.0050 186.3014 1.7213 0.6771 0.8770 16.3147 0.6190 33.7342 2.0170 -0.5169
Car -1 -1 -3.2232 675.5089 170.6965 874.4487 241.0787 1.6059 1.6965 4.5244 3.8554 1.5570 17.6032 -3.0076 13.0817
Car -1 -1 1.4598 157.7021 189.5900 305.0702 312.9981 1.4987 1.5858 4.0146 -6.1750 1.8130 11.4313 0.9645 9.9786
Car -1 -1 2.0511 0.0000 188.3089 227.5313 374.0000 1.6098 1.5414 3.4271 -5.0194 1.7916 6.6475 1.4043 8.5841
Car -1 -1 -1.6524 1101.8936 183.6088 1241.0000 374.0000 1.5836 1.5295 3.4013 5.0867 1.7030 6.1508 -0.9614 8.3669
Car -1 -1 1.9031 1188.4583 164.1486 1241.0000 205.3172 1.4955 1.6132 4.1199 24.2785 1.1797 27.9363 2.6186 3.8591
Car -1 -1 -0.1909 945.1026 159.5273 1026.0173 185.9158 1.5478 1.6529 4.1042 22.6328 0.7665 43.6917 0.2870 1.5871
Car -1 -1 -0.9174 857.6828 167.5567 910.8303 187.0239 1.4733 1.6393 4.2508 21.4366 1.0728 56.4205 -0.5543 1.4303
Car -1 -1 -1.7166 713.7397 177.1219 746.2469 200.6388 1.4894 1.5787 4.0148 7.9820 1.7883 48.4496 -1.5533 -0.5020
