Car -1 -1 2.0466 1017.2273 167.8098 1143.3682 220.3776 1.4852 1.6005 3.9513 14.3564 1.3430 22.0563 2.6236 13.1351
Cyclist -1 -1 -3.1294 960.0677 155.8813 991.8655 184.2893 1.6927 0.5596 1.7049 22.0930 0.6817 43.6314 -2.6606 0.9623
Pedestrian -1 -1 1.3236 967.3382 147.2404 986.9914 184.8373 1.7412 0.6299 0.8628 17.2080 0.5553 33.9037 1.7933 -0.3468
Car -1 -1 -3.2160 699.2659 167.2945 880.7049 239.1618 1.6857 1.6829 4.2264 4.3498 1.5557 18.0920 -2.9801 11.7174
Cyclist -1 -1 -2.0566 846.8094 148.5970 881.2687 192.1795 1.7557 0.5882 1.7718 10.4960 0.7789 29.9830 -1.7199 0.4725
Pedestrian -1 -1 -1.7957 766.7006 138.3588 790.6398 191.7326 1.7080 0.6117 0.7160 5.4299 0.6045 23.4455 -1.5681 -0.4609
Car -1 -1 2.0094 0.0000 191.5840 270.0571 374.0000 1.5257 1.5159 3.1482 -4.8306 1.7602 7.3518 1.4281 10.9318
Car -1 -1 1.4317 203.7271 191.6297 340.9778 302.0880 1.4550 1.5508 3.7849 -5.8659 1.8247 12.1877 0.9831 9.1628
Car -1 -1 -1.6582 1086.4219 181.5585 1241.0000 374.0000 1.5932 1.5353 3.2736 5.1666 1.6937 6.5110 -0.9875 8.0329
Car -1 -1 -0.8351 860.6144 164.4817 918.0180 184.1552 1.4746 1.6462 4.3508 21.5821 0.8474 55.7906 -0.4660 4.2438
Car -1 -1 1.9269 1196.4653 164.0006 1241.0000 203.9685 1.4701 1.5945 3.9710 24.7961 1.1448 28.1782 2.6486 2.8261
Car -1 -1 -2.2599 1163.1225 202.6561 1241.0000 374.0000 1.4880 1.6222 3.9730 3.4261 1.6674 2.1916 -1.2582 0.4175
Car -1 -1 -0.0202 967.1184 160.0069 1043.0238 185.4602 1.4779 1.6218 3.9497 23.7295 0.7323 43.5217 0.4790 0.3275
