Car -1 -1 -1.8938 769.7603 179.3219 959.1761 290.8192 1.4784 1.6265 4.1459 3.8688 1.6039 11.8852 -1.5791 13.0019
Cyclist -1 -1 1.7700 482.4004 156.9115 494.6078 179.6418 1.7008 0.5950 1.6841 -9.2535 0.5082 54.8373 1.6028 -0.1911
Pedestrian -1 -1 1.2575 855.0597 185.3835 910.8485 277.7414 1.4311 0.6471 0.7292 4.3439 1.6405 11.6583 1.6141 -0.1849
Car -1 -1 -1.6822 737.4536 175.2323 814.7396 240.0346 1.5542 1.5934 3.6876 4.3070 1.6247 19.3622 -1.4633 12.5222
Cyclist -1 -1 1.6679 538.2113 153.9994 548.7468 176.5838 1.7188 0.6451 1.7623 -5.1634 0.2842 55.7933 1.5756 -0.4374
Pedestrian -1 -1 1.1972 839.6297 170.7462 856.7875 201.9769 1.6843 0.6405 0.7968 12.9437 1.5710 39.3260 1.5151 -0.6792
Car -1 -1 2.1081 0.0000 186.9799 362.3329 374.0000 1.5313 1.5776 3.7401 -3.5452 1.6856 5.9853 1.5733 12.5047
Car -1 -1 1.9062 302.5966 187.2973 468.9037 297.8472 1.4282 1.5142 3.1906 -3.4081 1.6888 11.3714 1.6150 11.7441
Car -1 -1 1.9453 647.8971 173.0425 709.6215 205.1028 1.5036 1.6562 4.1907 3.4671 1.5140 36.1067 2.0411 11.6392
Car -1 -1 1.7601 431.4615 171.8306 525.6082 246.2883 1.7333 1.6739 4.0369 -3.3475 1.7098 18.8231 1.5841 10.7777
Car -1 -1 1.8901 523.2315 177.7424 596.5349 221.5424 1.4123 1.5433 3.6014 -1.7458 1.5994 25.6309 1.8221 10.5660
Car -1 -1 -2.1681 925.4433 187.8527 1241.0000 374.0000 1.5479 1.6281 3.8765 3.7792 1.6955 5.1131 -1.5316 10.2570
Car -1 -1 -1.6201 733.3610 175.7139 788.4784 226.2364 1.5691 1.6361 3.8668 5.0384 1.6753 24.6713 -1.4186 3.4658
Car -1 -1 -1.4345 771.7481 166.4237 817.5638 199.4217 1.4524 1.5949 3.6593 8.6434 1.1697 33.7515 -1.1838 3.4320
Car -1 -1 -1.8795 885.7177 159.2507 940.5844 190.1091 1.6280 1.6698 3.9893 16.7453 0.9107 40.1236 -1.4841 2.8637
Car -1 -1 1.6414 530.6079 147.8665 553.5834 167.2284 1.4632 1.5590 3.8795 -5.4164 -0.4642 57.6195 1.5477 1.1599
Car -1 -1 -1.2113 296.5398 187.3250 329.0801 204.3847 1.4905 1.5683 3.9400 -28.1516 2.9029 68.4108 -1.6017 1.0601
Car -1 -1 -1.5122 741.8965 168.4087 764.2747 186.7169 1.4769 1.6066 3.9861 11.9688 1.1186 60.3330 -1.3164 1.0103
Car -1 -1 1.4654 687.2422 155.6812 709.5795 172.7117 1.5413 1.6271 4.2796 8.2176 -0.0134 67.4867 1.5866 -0.6454
