Car -1 -1 2.0235 0.0000 183.8872 426.0867 374.0000 1.4731 1.5935 3.8521 -2.8145 1.5912 5.7759 1.5701 13.2231
Cyclist -1 -1 -1.3328 832.5739 142.7580 856.7714 184.5183 1.6846 0.5787 1.6777 9.7160 0.4709 29.9692 -1.0193 0.8791
Pedestrian -1 -1 -0.1897 874.8116 143.9067 899.9658 191.0821 1.8342 0.6363 0.8190 10.8839 0.7091 28.4362 0.1759 -0.4948
Car -1 -1 -1.9359 903.3438 185.8223 1241.0000 374.0000 1.4886 1.5322 3.5162 3.1686 1.6134 5.0463 -1.3752 11.0112
Cyclist -1 -1 2.1551 732.3434 152.6170 764.7023 190.8265 1.6716 0.5837 1.7055 6.1856 0.7866 32.3778 2.3438 0.5578
Pedestrian -1 -1 3.5360 259.5161 171.3733 311.6460 256.5313 1.7707 0.6191 0.8371 -6.9294 1.7403 15.3225 3.1113 -0.6293
Car -1 -1 -3.1256 767.8233 160.2016 907.6981 210.0191 1.6106 1.7034 4.4402 7.7364 1.2019 24.8273 -2.8235 10.2412
Cyclist -1 -1 2.2175 107.5726 164.5328 133.4385 186.3354 1.6528 0.7333 1.7678 -37.7290 1.0223 55.5962 1.6213 -0.1965
Pedestrian -1 -1 1.9879 247.8192 200.0752 340.0924 374.0000 1.6412 0.6016 0.7039 -3.1482 1.9231 7.1094 1.5710 -0.8363
Car -1 -1 2.2008 1039.0955 158.3905 1157.2299 202.3489 1.5671 1.6244 4.0311 18.3343 1.0519 27.1700 2.7944 9.8048
Car -1 -1 1.7774 411.6895 171.9162 515.9621 254.8985 1.6068 1.5482 3.3801 -3.1033 1.5890 15.6670 1.5818 9.7517
Car -1 -1 -1.5583 873.9796 176.7263 1035.2833 325.3537 1.5306 1.5883 3.4515 4.4201 1.5917 9.4259 -1.1198 9.5211
Car -1 -1 -1.2790 907.3856 163.7883 1052.2338 257.2042 1.5115 1.5271 3.2081 6.8587 1.3652 13.3575 -0.8046 8.3658
Car -1 -1 1.2240 447.6635 174.3916 545.8083 233.4660 1.5103 1.5308 3.8476 -3.3709 1.5589 20.6036 1.0618 7.3010
Car -1 -1 -0.5493 751.2868 156.6564 817.2614 177.2460 1.4667 1.6766 4.4857 12.7417 0.3132 52.8856 -0.3129 6.9361
Car -1 -1 -1.1487 1180.2296 165.3445 1241.0000 231.5767 1.5161 1.5621 3.4470 16.0238 1.3446 17.9290 -0.4194 6.1751
Car -1 -1 -2.2515 1116.2024 145.3255 1193.9586 171.4220 1.4924 1.5986 3.9587 32.7165 -0.0899 43.4881 -1.6065 -0.0097
