Car -1 -1 1.9114 516.5477 180.2858 657.4871 266.8135 1.4482 1.5966 3.9408 -0.3561 1.6204 14.5587 1.8870 14.1040
Pedestrian -1 -1 -1.2663 408.1754 154.1701 432.9016 204.6182 1.7341 0.5998 0.8888 -6.6697 1.0922 25.2567 -1.5244 0.2549
Car -1 -1 1.7710 667.2806 172.0479 733.4102 219.3819 1.5708 1.6242 3.8994 3.2908 1.5444 26.0490 1.8967 12.3170
Pedestrian -1 -1 -1.9101 959.9995 173.2504 999.4799 244.5596 1.6114 0.6221 0.6737 8.4896 1.6212 16.6814 -1.4393 0.1357
Car -1 -1 -1.7339 907.0017 176.7051 998.6798 244.0883 1.5023 1.5523 3.1620 8.4019 1.6081 18.0140 -1.2975 10.9669
Pedestrian -1 -1 -2.0607 1065.2406 156.9345 1114.3009 238.1795 1.7182 0.6284 0.7005 10.3344 1.3818 15.6344 -1.4767 0.0468
Car -1 -1 -1.9415 1030.5621 189.4863 1241.0000 374.0000 1.4602 1.5493 3.3996 5.3788 1.6649 7.0105 -1.2871 10.4979
Pedestrian -1 -1 2.0039 0.0000 115.3820 69.5524 246.0417 1.6545 0.6255 0.7998 -7.7978 0.9271 9.5985 1.3217 -0.5793
Car -1 -1 1.7450 700.7460 172.9697 751.8587 210.6224 1.5248 1.5762 3.6395 5.0415 1.5305 31.2068 1.9052 7.7457
Car -1 -1 3.3787 0.0000 168.7077 263.5722 374.0000 1.6617 1.7007 4.3437 -5.0069 1.6430 5.1370 2.6061 6.6916
Car -1 -1 1.6617 728.7674 172.5972 765.4570 203.1543 1.5335 1.5722 3.8251 7.2762 1.5210 38.2622 1.8496 4.1135
Car -1 -1 1.8463 765.0271 172.7547 806.7221 197.7884 1.4678 1.5593 3.6247 10.7921 1.4624 44.2656 2.0855 2.4417
Car -1 -1 -0.4207 881.1640 173.6483 997.8033 212.5938 1.4959 1.6030 3.8828 12.9329 1.5286 28.5554 0.0045 1.0130
Car -1 -1 -1.1655 503.4910 174.9438 534.6211 190.5601 1.4848 1.6073 3.9998 -8.9694 1.6980 71.3208 -1.2906 0.7087
Car -1 -1 -1.3606 845.8569 171.3969 879.2694 192.1412 1.4616 1.5701 3.7141 18.4928 1.3593 52.8296 -1.0239 0.2764
Car -1 -1 -1.7951 745.1332 153.2520 777.2187 173.0516 1.5029 1.5834 4.1542 11.8422 0.0154 56.8566 -1.5898 0.2213
Car -1 -1 2.0531 215.8787 176.1551 271.2443 200.9557 1.5098 1.6061 3.7657 -23.4845 1.7307 46.3189 1.5838 -0.3397
Car -1 -1 -1.6572 893.7882 176.2456 958.9530 227.0719 1.4788 1.5941 3.6511 10.0555 1.5977 23.2390 -1.2488 -0.3843
Car -1 -1 0.8619 1108.9146 158.1661 1236.4234 201.6864 1.4730 1.5827 3.7783 20.3401 0.9762 26.3456 1.5193 -0.7020
