Car -1 -1 1.7532 425.9165 183.1341 529.0627 262.2447 1.4994 1.5826 3.7927 -2.8662 1.7559 16.0682 1.5767 12.4847
Cyclist -1 -1 1.2570 845.8654 155.9013 864.2568 182.7786 1.6886 0.6061 1.7380 15.6500 0.6239 46.2016 1.5836 0.1693
Pedestrian -1 -1 2.7490 301.9415 170.8037 325.3065 211.0225 1.7565 0.6447 0.7706 -13.1889 1.6673 32.0098 2.3582 -0.2288
Car -1 -1 1.8816 318.9662 194.7353 488.4415 309.0191 1.3820 1.5098 3.4191 -3.0395 1.7728 11.1305 1.6150 12.2049
Cyclist -1 -1 1.9785 313.7260 178.8438 327.6583 196.5115 1.6685 0.6215 1.7092 -27.9108 2.2537 69.5842 1.5970 -0.0492
Car -1 -1 -1.6061 719.9019 179.2651 806.3082 262.2747 1.5335 1.6131 3.6119 3.1569 1.6889 15.5364 -1.4056 12.1565
Car -1 -1 2.3175 923.7761 163.8002 1009.6690 195.8167 1.5932 1.6485 4.0980 18.4547 1.1430 37.4046 2.7758 10.4516
Car -1 -1 -0.5961 983.9825 165.4047 1241.0000 314.6126 1.4507 1.6445 4.4322 6.7866 1.3787 8.0600 0.1037 9.3554
Car -1 -1 -1.0980 774.3068 172.6200 866.4428 225.0491 1.5887 1.5322 3.3627 6.8838 1.5820 23.6102 -0.8143 8.4761
Car -1 -1 2.2287 0.0000 186.8940 329.9642 374.0000 1.5907 1.5790 3.6028 -3.5360 1.7236 4.9773 1.6110 7.0923
Car -1 -1 -0.8157 974.6532 169.2232 1079.8985 209.7774 1.5055 1.5770 3.4943 16.1580 1.3711 28.0426 -0.2929 6.4015
Car -1 -1 -1.2845 725.6212 177.1632 821.4591 238.3118 1.4852 1.5727 3.7363 4.5278 1.6159 19.8199 -1.0599 6.2378
Car -1 -1 1.7203 494.7502 181.9331 552.5418 228.2163 1.5145 1.5721 3.4716 -3.0944 1.8649 26.0578 1.6021 5.9800
Car -1 -1 -0.1506 464.6893 171.2905 526.3742 192.2882 1.5877 1.7040 4.5281 -8.9242 1.4699 56.0551 -0.3085 5.0692
Car -1 -1 0.7271 1134.3350 126.5746 1241.0000 374.0000 1.6140 1.6790 4.3407 5.2312 1.4942 4.0903 1.6343 5.0369
Car -1 -1 -0.2223 534.3335 172.9288 582.4009 190.4365 1.4865 1.6263 3.8976 -4.5097 1.4935 62.6159 -0.2942 1.1859
Car -1 -1 -0.0272 542.9379 175.9653 587.4618 194.0989 1.4651 1.5578 3.6218 -3.7385 1.7263 59.5540 -0.0899 0.6116
