Car -1 -1 1.8977 609.3634 176.4578 731.9330 253.9420 1.5105 1.6018 3.8562 1.4466 1.6030 16.3449 1.9859 13.5976
Cyclist -1 -1 1.2125 835.4720 158.1762 850.8455 180.4782 1.6840 0.5658 1.6832 17.8465 0.5761 55.3334 1.5245 0.4248
Pedestrian -1 -1 2.8037 787.2044 174.2540 811.7724 216.6957 1.5584 0.6269 0.7163 7.0052 1.6115 26.8556 3.0588 0.0748
Car -1 -1 1.7613 748.0844 172.5933 810.6639 215.4640 1.5021 1.6098 3.8519 6.4430 1.4933 27.3644 1.9925 11.6566
Cyclist -1 -1 -1.2762 805.2905 165.6635 828.5069 207.4637 1.7677 0.4557 1.8520 8.9780 1.4640 31.4121 -0.9978 -0.7006
Pedestrian -1 -1 2.1799 964.9367 168.6960 1004.7036 231.4672 1.6704 0.6272 0.7823 10.1624 1.5601 19.6572 2.6570 -0.6650
Car -1 -1 -1.6860 980.8898 176.2301 1065.7939 240.3889 1.4979 1.5411 3.2193 10.6256 1.5946 18.8130 -1.1719 11.2602
Car -1 -1 3.1568 0.0000 178.7229 427.0333 374.0000 1.6190 1.6326 3.9709 -4.1266 1.6931 7.4121 2.6488 10.8331
Car -1 -1 -1.8453 1060.9340 187.9022 1241.0000 365.6289 1.4696 1.5731 3.6106 6.3966 1.6834 8.2652 -1.1867 10.7346
Car -1 -1 1.7773 781.3215 173.8541 832.3171 209.2085 1.4822 1.5125 3.5159 8.8046 1.5299 32.2639 2.0437 5.5662
Car -1 -1 1.6657 848.9748 170.9194 882.4032 195.5773 1.4720 1.6082 3.9541 16.0210 1.3569 45.2035 2.0063 1.5056
Car -1 -1 -1.5439 968.2862 171.3521 1015.1167 211.7939 1.5607 1.6147 3.8979 15.8391 1.5031 29.9369 -1.0573 0.8447
Car -1 -1 -1.2100 1021.0642 164.0245 1071.2391 187.1606 1.4809 1.5846 3.8971 29.0116 0.9161 48.0090 -0.6665 0.2117
Car -1 -1 -1.1689 573.8866 173.7424 603.9183 189.3769 1.4773 1.5897 3.7558 -2.0463 1.5669 70.4429 -1.1980 -0.0510
Car -1 -1 1.6637 811.7898 169.4709 849.5872 200.4828 1.5911 1.6100 3.8548 11.9642 1.4179 39.1052 1.9606 -0.6467
