Car -1 -1 1.7538 518.3142 185.0902 592.7817 241.0916 1.5103 1.6182 3.8664 -1.6381 1.9237 22.3451 1.6806 12.6306
Pedestrian -1 -1 1.2609 832.6443 167.1998 860.8789 224.5373 1.7279 0.6321 0.7161 7.1994 1.5578 22.1003 1.5759 -0.1513
Car -1 -1 1.9650 271.3214 195.0156 494.1023 331.1721 1.4406 1.6031 3.9121 -3.0202 1.8206 10.3250 1.6804 12.6228
Car -1 -1 -1.8125 791.6889 185.6400 902.6976 269.0253 1.5396 1.5200 3.1368 4.8986 1.8421 15.4299 -1.5050 12.1417
Car -1 -1 -1.6970 771.5601 185.8858 847.0365 243.7805 1.4453 1.6075 3.9302 5.6444 1.8620 20.9918 -1.4343 9.7050
Car -1 -1 -2.3132 1022.3009 186.1600 1241.0000 374.0000 1.5938 1.6461 3.9339 4.1638 1.7070 4.1091 -1.5212 8.2446
Car -1 -1 1.7365 558.7795 184.5234 612.9880 227.3351 1.4765 1.5306 3.4492 -0.9078 1.9538 27.6794 1.7037 7.7754
Car -1 -1 1.6703 586.2089 183.4148 628.1592 218.3375 1.5399 1.6507 4.0637 -0.1192 2.0860 35.1857 1.6669 5.8937
Car -1 -1 1.8917 625.7673 183.0560 672.6743 210.5395 1.4550 1.5987 3.7923 2.2847 2.0753 41.7810 1.9463 5.7305
Car -1 -1 2.0210 709.1290 182.3369 753.6477 204.3464 1.4574 1.5921 3.9256 8.6906 2.1633 51.6140 2.1878 4.7124
Car -1 -1 -1.7049 750.7606 181.0813 807.6776 226.7225 1.5796 1.6128 3.7985 6.3632 1.9176 27.6431 -1.4787 4.6824
Car -1 -1 1.8752 374.7662 187.9203 402.4064 204.1285 1.4685 1.5252 3.8035 -21.7135 2.9875 70.8208 1.5777 1.1095
Car -1 -1 -1.2386 748.0524 181.3602 809.9160 217.4923 1.5781 1.6443 4.1218 8.1492 2.0135 34.7195 -1.0081 0.4562
