Car -1 -1 1.7791 440.4711 180.8634 533.8030 249.5059 1.5490 1.6200 3.7948 -3.1062 1.7780 18.6612 1.6141 14.0875
Cyclist -1 -1 1.4314 671.0491 160.9814 679.5235 178.7348 1.6723 0.5752 1.6834 6.2044 0.5543 68.8181 1.5214 -0.3469
Pedestrian -1 -1 1.4021 826.6396 158.2034 858.2519 228.8415 1.7478 0.6479 0.7170 5.8230 1.3857 18.2508 1.7110 -0.1942
Car -1 -1 -1.8578 779.2339 184.3920 931.6926 287.6716 1.4601 1.5365 3.2654 3.9305 1.6823 12.2175 -1.5465 13.1060
Car -1 -1 2.1137 0.0000 195.4420 374.0965 374.0000 1.4210 1.5254 3.5923 -3.6283 1.6855 6.6086 1.6117 12.9717
Car -1 -1 -1.7516 742.4471 181.2391 837.6104 251.2886 1.4951 1.5877 3.7914 4.2645 1.7248 17.7971 -1.5164 10.9944
Car -1 -1 1.7616 491.2069 179.2138 558.5276 231.8583 1.5872 1.5695 3.6191 -2.8034 1.8161 24.0646 1.6456 9.3473
Car -1 -1 -1.7327 713.3586 180.2709 781.9749 228.2450 1.4497 1.6120 4.2264 4.5459 1.7247 24.5890 -1.5499 7.5993
Car -1 -1 1.8821 574.2143 179.4138 622.1835 208.3704 1.4274 1.5353 3.5567 -0.6147 1.7940 38.3611 1.8661 6.9034
Car -1 -1 1.9652 662.0221 176.5638 706.1758 200.1862 1.5008 1.6037 3.8425 4.9970 1.7615 48.5599 2.0678 6.2925
Car -1 -1 1.6963 530.3859 181.0097 577.7312 217.9810 1.4708 1.5913 3.8766 -2.4244 1.8501 31.5469 1.6196 6.0198
Car -1 -1 -1.6695 707.0426 177.8350 752.5649 216.2771 1.5698 1.6108 3.7320 5.1914 1.8034 31.8697 -1.5080 4.0450
Car -1 -1 -1.2485 326.5335 188.7105 355.9134 205.0240 1.4577 1.5707 3.7395 -26.0729 3.0391 70.0484 -1.6048 0.7098
Car -1 -1 1.5863 754.8207 165.1796 781.8964 191.8319 1.6298 1.6240 4.0384 10.1515 1.1609 46.2715 1.8022 0.6014
