Car -1 -1 1.9275 362.6565 185.9390 543.6384 299.5973 1.4557 1.5826 3.8878 -2.3829 1.7064 11.7529 1.7274 13.7663
Pedestrian -1 -1 1.1665 856.2200 160.8928 885.7795 214.8972 1.7150 0.6413 0.7819 8.3832 1.3355 23.3197 1.5116 0.5466
Car -1 -1 1.7511 561.4130 177.4239 632.4049 230.4179 1.5590 1.6353 4.0022 -0.3848 1.7228 23.6946 1.7349 13.5814
Pedestrian -1 -1 1.7790 265.3537 157.8656 295.4998 216.6729 1.7130 0.6481 0.8981 -9.8687 1.2767 21.5238 1.3491 0.1226
Car -1 -1 -1.7877 820.5117 180.7974 926.6472 255.1525 1.4814 1.5636 3.3735 5.8565 1.6832 16.5217 -1.4470 12.2922
Car -1 -1 -1.6896 804.8519 178.2829 876.5040 233.8150 1.5111 1.6159 3.8894 6.9159 1.6932 22.0943 -1.3862 8.2327
Car -1 -1 1.7343 599.0190 177.6711 652.0736 218.0492 1.4896 1.5624 3.6295 0.6431 1.6965 29.0037 1.7564 7.4881
Car -1 -1 -2.1374 1007.4333 191.4018 1241.0000 374.0000 1.5304 1.6098 3.6262 4.4449 1.7149 5.2582 -1.4356 7.2170
Car -1 -1 1.8471 666.2569 177.0854 708.0957 203.1650 1.4588 1.5555 3.5971 4.6007 1.7225 42.9510 1.9538 6.3940
Car -1 -1 1.6757 627.8433 176.8089 665.4815 208.9121 1.5129 1.5274 3.5992 1.8535 1.7230 36.3641 1.7267 5.2893
Car -1 -1 -1.6616 785.5441 176.4850 838.0031 219.0802 1.5424 1.6279 4.0238 7.8821 1.6975 28.6112 -1.3928 4.6819
Car -1 -1 1.8099 746.8340 173.2468 782.8201 196.0010 1.5902 1.6406 4.1298 11.3222 1.6205 52.7161 2.0214 2.8285
Car -1 -1 -1.4937 784.4628 175.1871 824.1639 210.0214 1.6231 1.6261 3.7566 9.6809 1.7463 35.9328 -1.2305 0.9709
Car -1 -1 1.5339 827.1364 167.8109 853.6408 190.2819 1.4796 1.5866 3.8565 15.7638 1.1479 49.5784 1.8417 0.4778
