Car -1 -1 -1.9592 802.3561 186.4604 1184.1032 374.0000 1.4087 1.5871 3.7924 2.9593 1.5704 6.6305 -1.5394 14.4733
Car -1 -1 1.9184 1068.1254 148.0932 1241.0000 264.1358 1.5768 1.6155 3.9326 9.1428 1.2407 11.5209 2.5892 11.2729
Car -1 -1 2.0314 964.0341 152.8674 1142.2419 244.4237 1.6120 1.5645 3.6375 8.7890 1.2605 14.3301 2.5816 11.0084
Car -1 -1 2.1263 900.0610 160.4396 1048.7226 225.0732 1.4019 1.5322 3.5439 8.6791 1.1330 17.2254 2.5931 10.7948
Car -1 -1 1.7582 391.9790 164.4581 503.1842 253.3378 1.7329 1.6788 4.0366 -3.5187 1.5695 16.1056 1.5431 10.1278
Car -1 -1 1.7347 450.4457 174.4286 525.6921 229.8659 1.5093 1.5988 4.0009 -3.6191 1.5615 21.7558 1.5699 9.9138
Car -1 -1 -3.4714 794.9864 150.7674 964.1904 216.8211 1.7680 1.6958 4.1079 7.3970 1.1772 20.2019 -3.1204 9.7753
Car -1 -1 1.9016 239.3598 139.0766 464.7033 307.5680 2.0314 1.8015 4.3732 -3.6088 1.6246 10.8929 1.5817 9.4931
Car -1 -1 2.2103 0.0000 182.4464 346.1856 374.0000 1.5438 1.5886 3.8269 -3.5351 1.6396 5.2315 1.6161 8.2266
Car -1 -1 2.7984 782.1293 146.8414 964.6586 210.4653 1.9300 1.8223 5.1015 8.1619 1.1413 22.7978 3.1422 5.8887
Car -1 -1 -0.0176 683.4573 167.7681 748.1659 190.2316 1.4907 1.6431 4.2730 7.1226 1.1535 48.9632 0.1269 0.5476
