Car -1 -1 1.9629 272.8885 185.9598 483.4385 315.3884 1.4962 1.5899 3.8177 -3.2320 1.7272 10.7170 1.6700 14.4424
Pedestrian -1 -1 -1.9214 881.5005 201.9025 909.4673 258.1292 1.7402 0.6750 0.5562 9.0144 2.6745 22.9103 -1.5465 0.7202
Car -1 -1 -1.9883 824.2781 180.2798 1241.0000 374.0000 1.5605 1.6484 3.9596 3.0696 1.6441 6.0669 -1.5199 13.0362
Pedestrian -1 -1 0.6211 1127.9569 114.4301 1241.0000 279.7264 1.7702 0.6278 0.8888 6.5299 1.1449 8.2381 1.2913 -0.6813
Car -1 -1 -1.7793 755.2513 186.0957 907.6936 293.1047 1.3979 1.5795 3.7430 3.3735 1.6505 11.8206 -1.5013 11.7632
Car -1 -1 2.1368 902.0985 161.7115 1034.0340 219.0732 1.4120 1.4987 3.5467 9.5656 1.1381 19.3183 2.5965 9.9186
Car -1 -1 2.0821 959.3058 162.1541 1121.0542 230.5922 1.4118 1.5563 3.7192 9.8084 1.1914 16.4845 2.6188 8.6228
Car -1 -1 2.1841 863.6412 169.4784 985.8548 222.1251 1.4895 1.5608 3.7340 9.5986 1.3943 22.0487 2.5947 8.2073
Car -1 -1 1.8277 403.6147 160.1096 534.4069 266.6045 2.0672 1.7979 4.4401 -3.0373 1.8202 16.2827 1.6433 7.8609
Car -1 -1 -3.4070 788.6647 161.9363 919.1999 214.3196 1.7613 1.6732 4.0184 8.3919 1.3945 25.2052 -3.0856 7.6736
Car -1 -1 1.8741 1135.7581 150.3330 1241.0000 274.7134 1.5610 1.5416 3.6126 9.4529 1.2787 10.6441 2.6003 7.4520
Car -1 -1 1.6941 516.0082 180.7782 570.2998 225.3063 1.5169 1.5808 3.7969 -2.4915 1.8370 27.1846 1.6027 7.0748
Car -1 -1 2.0242 1027.3756 150.8997 1216.8116 236.7479 1.4201 1.5298 3.4344 9.5020 1.0573 13.4297 2.6400 6.1528
Car -1 -1 2.7872 782.0298 159.4704 920.5112 209.9134 1.8754 1.7604 4.7412 9.1734 1.3782 27.7876 3.1060 3.9687
Car -1 -1 -0.2112 752.1686 167.9238 814.9274 189.7720 1.4743 1.5868 3.9416 11.8470 1.1420 49.5270 0.0236 2.9164
Car -1 -1 -1.6183 699.3599 179.8690 719.1160 197.4577 1.4744 1.5537 3.7628 8.7520 2.1157 63.9755 -1.4823 0.4704
Car -1 -1 1.6076 620.6608 183.0393 640.0933 200.7614 1.4737 1.5906 3.9004 1.8207 2.4099 64.2921 1.6359 0.2558
