Car -1 -1 1.9345 373.2650 180.1056 577.7254 311.1905 1.5698 1.6554 4.1724 -1.8543 1.7039 11.0908 1.7688 12.9388
Pedestrian -1 -1 -0.6959 1199.4040 142.8642 1241.0000 217.2440 1.7375 0.6453 0.7454 14.6216 1.0373 17.1783 0.0093 1.0855
Car -1 -1 -1.9045 837.3978 191.2225 1241.0000 374.0000 1.4417 1.5257 3.3549 2.8200 1.6307 5.6458 -1.4413 12.6185
Pedestrian -1 -1 2.4814 1112.1357 146.3176 1157.2997 216.4357 1.7440 0.6564 0.6616 13.2387 1.0843 18.2823 3.1082 0.5610
Car -1 -1 -1.8087 794.5702 175.2643 982.6578 318.3415 1.6367 1.6159 3.4555 3.6181 1.6768 10.1150 -1.4652 11.7185
Pedestrian -1 -1 -0.6362 1132.7012 142.3182 1183.7489 221.1164 1.7406 0.6409 0.6648 12.2951 1.0665 16.2600 0.0112 0.3905
Car -1 -1 -2.1674 922.4470 148.5625 1087.1808 229.5479 1.8470 1.7173 4.0355 9.8850 1.2933 18.5506 -1.6778 10.4597
Pedestrian -1 -1 -0.5321 988.5965 147.2837 1033.5312 222.5801 1.7302 0.6347 0.6933 9.3385 1.1430 16.9041 -0.0274 0.0989
Car -1 -1 -2.3262 1035.9934 143.5533 1223.9520 227.0276 1.8560 1.6901 3.7319 12.7044 1.2049 18.0066 -1.7118 10.0170
Car -1 -1 -1.6269 732.8902 175.8200 776.1864 211.4653 1.4199 1.6021 3.8465 6.1271 1.5563 31.0897 -1.4323 8.6069
Car -1 -1 1.7783 538.3632 176.7326 608.2320 224.4255 1.5121 1.6388 4.1111 -1.2437 1.6606 25.3845 1.7293 7.7990
Car -1 -1 -2.4673 1143.7460 140.3879 1241.0000 222.0739 1.7498 1.6656 3.8068 15.3124 1.0547 17.4740 -1.7477 3.5615
Car -1 -1 1.6759 608.5536 165.5290 645.9118 200.4167 1.9261 1.7415 4.2454 1.0218 1.5221 42.0503 1.7002 3.3912
Car -1 -1 -3.2533 773.3955 166.7832 835.5550 190.4163 1.5895 1.6562 3.9664 13.3027 1.1815 49.6404 -2.9915 3.3075
Car -1 -1 2.0820 208.6336 169.3620 250.9605 187.1094 1.4759 1.5439 3.8196 -32.6007 1.1858 61.9291 1.5974 -0.2751
