Car -1 -1 -1.7045 672.5531 175.3027 748.8902 235.8316 1.5448 1.6318 3.7293 2.7063 1.6209 20.4298 -1.5728 13.3704
Pedestrian -1 -1 -0.4020 763.4207 178.6391 785.1500 216.2816 1.6946 0.6730 0.7662 7.4711 1.9628 33.0020 -0.1793 0.0405
Car -1 -1 2.0503 880.2165 166.8400 1000.3655 225.3078 1.4434 1.5222 3.4685 8.9077 1.2953 19.4764 2.4792 12.9902
Pedestrian -1 -1 -0.3600 856.8960 178.9227 891.0378 235.5592 1.6214 0.6688 0.7473 7.6527 1.8018 21.0653 -0.0116 -0.5555
Car -1 -1 1.9948 122.3079 185.3809 389.7589 352.0483 1.5248 1.5247 3.4100 -3.9411 1.7036 8.5659 1.5636 12.3143
Car -1 -1 1.7890 465.7825 174.1449 535.6733 223.6137 1.5707 1.6055 3.7833 -3.7351 1.6192 24.9514 1.6404 12.0615
Car -1 -1 1.8720 327.8194 182.9443 472.7392 275.5691 1.4822 1.6003 3.7796 -3.8962 1.7032 13.8704 1.5982 10.9547
Car -1 -1 1.9328 990.8927 155.3964 1118.4550 227.9667 1.6449 1.5760 3.5132 11.1152 1.2495 18.0480 2.4848 9.6987
Car -1 -1 2.2305 812.4813 162.6323 918.0029 212.1236 1.6207 1.5749 3.6593 8.9224 1.2863 25.2774 2.5698 8.5177
Car -1 -1 2.3136 788.2293 164.1663 888.0432 208.3521 1.6187 1.6018 3.7296 8.8449 1.3008 28.0549 2.6190 7.0017
Car -1 -1 2.1144 834.4326 165.1262 941.0259 218.9483 1.5295 1.5096 3.4082 8.5111 1.3103 22.1432 2.4813 6.0594
Car -1 -1 0.2087 368.7294 184.5289 426.4110 201.8978 1.4740 1.6794 4.6319 -18.7089 2.5201 63.6105 -0.0773 4.7923
Car -1 -1 1.7152 495.6707 163.3140 552.1909 214.7268 2.0316 1.7844 4.2929 -3.6180 1.6550 30.6794 1.5979 4.7881
Car -1 -1 -3.2679 709.2738 160.1733 792.4532 188.3452 1.6121 1.7128 4.6026 8.1648 0.8868 42.2896 -3.0772 0.8740
Car -1 -1 2.5064 0.0000 200.5329 69.3629 227.4313 1.5255 1.5974 3.5136 -37.3945 3.3918 46.7377 1.8316 0.4124
