Car -1 -1 -1.8840 776.8072 176.0130 1053.9948 362.7391 1.6203 1.6696 3.9352 3.0866 1.6659 8.3269 -1.5290 13.3480
Car -1 -1 1.9124 341.2134 184.7793 503.4072 286.9105 1.4955 1.5885 3.9169 -3.2403 1.7453 13.0629 1.6693 13.1800
Car -1 -1 -1.7400 734.6042 185.6106 852.3108 273.3769 1.4137 1.5760 3.6967 3.3714 1.6963 14.0670 -1.5048 12.5638
Car -1 -1 1.9825 1032.4031 153.8074 1226.8018 255.2085 1.6103 1.5774 3.5162 9.3642 1.3082 13.0316 2.6055 10.2602
Car -1 -1 1.8026 434.6915 162.7538 540.3260 252.2235 2.0455 1.7706 4.1242 -3.0624 1.8150 18.6115 1.6396 10.1094
Car -1 -1 2.0897 959.3517 155.4709 1120.6202 240.5028 1.6788 1.5516 3.3903 9.3578 1.3360 15.7540 2.6256 10.0616
Car -1 -1 -3.3816 773.5053 161.7788 890.0195 206.6826 1.6579 1.6470 3.9744 8.3554 1.2493 27.5671 -3.0873 6.9785
Car -1 -1 1.6974 520.0195 181.2323 571.6055 221.2772 1.4802 1.6067 4.0517 -2.6025 1.8479 29.5830 1.6097 6.7582
Car -1 -1 -0.1138 677.2415 173.8286 733.9892 194.3799 1.4539 1.5616 3.8950 6.8224 1.5255 51.9342 0.0168 6.6797
Car -1 -1 2.2065 872.3097 159.6627 991.1078 209.3819 1.3947 1.4885 3.4952 9.6691 1.0250 21.7479 2.6249 6.0714
Car -1 -1 1.8126 1151.0930 149.1964 1241.0000 281.7888 1.5288 1.5206 3.5204 9.0161 1.2564 9.9294 2.5498 5.9578
Car -1 -1 2.1092 911.3972 164.6324 1052.5510 230.8349 1.5743 1.5671 3.7609 9.6847 1.3791 18.8146 2.5846 4.9863
