Car -1 -1 -1.8337 817.7531 188.1979 1106.3751 374.0000 1.4518 1.5510 3.5221 3.0484 1.6430 7.1180 -1.4291 13.1435
Cyclist -1 -1 -0.2494 751.6428 166.3565 798.9579 206.8927 1.7263 0.7354 1.8645 7.0770 1.4499 31.1160 -0.0258 0.1118
Pedestrian -1 -1 -2.1038 907.6071 171.7877 932.2159 218.3286 1.8747 0.6129 0.7782 12.6185 1.8321 29.4870 -1.6994 -0.2709
Car -1 -1 1.9547 435.1097 173.6292 608.8223 281.7728 1.5893 1.6212 4.0648 -1.4061 1.6058 12.8084 1.8454 12.6495
Pedestrian -1 -1 1.5286 498.5815 164.6814 535.1352 263.1472 1.7241 0.6211 0.7573 -1.7459 1.5813 13.0580 1.3957 -0.6899
Car -1 -1 -1.7703 800.0286 175.7383 949.9798 292.0596 1.5664 1.5650 3.3792 4.0168 1.6202 11.5810 -1.4364 10.8219
Car -1 -1 -2.1267 929.2762 147.4944 1079.7084 221.6371 1.8226 1.7327 4.0251 10.5752 1.1996 19.7990 -1.6362 10.4363
Car -1 -1 -2.3379 1036.3995 138.0047 1211.3251 218.6914 1.9119 1.7122 3.6147 13.2941 1.0865 19.0130 -1.7277 9.9384
Car -1 -1 1.7766 617.4748 168.8364 660.7468 199.3824 1.5218 1.5529 3.6877 1.5414 1.3220 37.9230 1.8172 6.9799
Car -1 -1 -1.6708 749.1656 168.4413 795.9731 206.2280 1.6005 1.6513 4.1246 7.2598 1.4140 32.7046 -1.4524 6.5144
Car -1 -1 -2.4597 956.1444 185.2256 1241.0000 374.0000 1.5716 1.5732 3.9590 2.6938 1.6428 2.1446 -1.5613 5.8988
Car -1 -1 1.7629 567.8309 172.0805 629.5104 215.8921 1.5113 1.6016 3.7989 -0.3920 1.4850 26.8988 1.7484 5.5335
Car -1 -1 2.2472 879.5576 163.2071 972.0162 201.3940 1.5353 1.5775 3.7727 13.3550 1.1478 30.5802 2.6590 5.3693
Car -1 -1 -2.4614 1144.0304 135.1007 1241.0000 217.1944 1.8881 1.6962 3.6408 16.0426 1.0201 18.5331 -1.7479 4.0988
Car -1 -1 -3.1534 796.0851 161.7680 854.8449 185.2072 1.6047 1.6087 3.8960 15.0797 0.8461 50.7027 -2.8643 3.3751
Car -1 -1 -1.4754 633.7199 163.7106 669.1013 196.3620 1.8657 1.7386 4.1530 2.5053 1.3436 43.4097 -1.4177 0.0486
Car -1 -1 2.1315 72.9732 156.1436 142.8190 183.7827 1.5891 1.6336 3.8922 -30.1844 0.6287 43.4632 1.5245 -0.0062
Car -1 -1 -3.2276 799.0652 157.0196 854.7225 177.4416 1.4726 1.5596 3.8057 15.9140 0.3312 53.1769 -2.9369 -0.3488
