Car -1 -1 2.0841 918.6745 167.7110 1088.2336 248.4418 1.5138 1.5325 3.6487 8.2460 1.4177 15.1435 2.5827 11.7305
Pedestrian -1 -1 -2.0118 982.7649 162.5491 1023.5625 235.7407 1.5795 0.5791 0.6193 8.6025 1.3575 15.8936 -1.5157 -0.0415
Car -1 -1 1.7472 409.6485 185.2480 497.3066 251.5706 1.5317 1.6202 4.0073 -4.1444 1.9011 19.4495 1.5373 10.9248
Car -1 -1 1.9795 1004.9031 159.5581 1209.1585 257.8769 1.4517 1.5375 3.6532 8.4478 1.2558 12.2717 2.5824 10.7746
Car -1 -1 -2.1431 847.0988 201.4907 1241.0000 374.0000 1.3921 1.5452 3.7183 2.7713 1.6396 4.3609 -1.5770 9.8323
Car -1 -1 2.7600 804.3957 158.6617 978.4956 232.2948 1.7635 1.6370 3.7327 6.9281 1.4240 18.1275 3.1251 9.6420
Car -1 -1 1.7898 328.1676 172.9544 467.8774 284.9774 1.8236 1.6894 4.0863 -3.9144 1.8261 13.8342 1.5141 9.2614
Car -1 -1 2.4627 0.0000 192.4210 201.1780 374.0000 1.5619 1.6359 4.0459 -3.7233 1.6986 3.0026 1.5705 8.8997
Car -1 -1 1.9836 68.7576 144.4409 410.7852 374.0000 2.0086 1.7890 4.5242 -3.9004 1.7620 8.5435 1.5553 8.7513
Car -1 -1 2.7409 779.9794 157.0151 973.0457 230.5188 2.0058 1.8317 4.8767 7.5063 1.5739 20.7314 3.0883 5.9825
Car -1 -1 1.7665 495.2850 156.8599 520.7013 172.6016 1.4947 1.6555 4.3573 -9.9891 -0.0252 70.8025 1.6263 1.1413
