Car -1 -1 -2.0021 812.5978 194.9087 1241.0000 374.0000 1.3824 1.5681 3.7056 2.8578 1.6191 5.8588 -1.5482 14.4431
Pedestrian -1 -1 0.4135 320.3626 159.4902 375.8070 265.6008 1.7392 0.6083 0.6929 -4.4525 1.5205 12.1487 0.0622 -0.1798
Car -1 -1 2.0265 975.5445 157.9705 1161.7121 252.0391 1.5746 1.5711 3.5681 8.6776 1.3259 13.6771 2.5919 11.9175
Car -1 -1 2.0999 906.8529 167.9360 1059.6676 236.4769 1.4182 1.5234 3.5571 8.5316 1.3168 16.5223 2.5765 11.3614
Car -1 -1 1.7360 439.6329 179.0714 516.7453 238.1452 1.5237 1.5863 3.8348 -3.7702 1.7212 20.9416 1.5578 10.6585
Car -1 -1 1.9109 1089.7310 158.5848 1241.0000 275.3287 1.4853 1.5904 3.9871 9.0800 1.3041 10.8779 2.6064 10.5613
Car -1 -1 1.7591 374.6631 167.8419 490.2370 265.7016 1.8028 1.6557 3.8902 -3.6502 1.7108 15.2709 1.5245 10.2048
Car -1 -1 -3.4909 798.6432 154.6975 964.7285 223.3027 1.7742 1.6814 3.8575 7.2001 1.3050 19.5060 -3.1373 9.8126
Car -1 -1 2.2737 0.0000 190.7508 300.3547 374.0000 1.5254 1.5803 3.8304 -3.6136 1.6842 4.4536 1.5921 9.3472
Car -1 -1 1.9265 192.4175 141.2914 449.7900 326.9637 2.0269 1.8030 4.4769 -3.7068 1.6827 10.1164 1.5753 8.5766
Car -1 -1 2.7834 780.6456 152.7447 974.5718 216.7666 1.8754 1.8313 5.2548 8.0222 1.2867 22.0747 3.1320 7.1121
Car -1 -1 1.5065 680.5017 177.8364 703.0245 196.9662 1.4569 1.5492 3.7925 6.5053 1.8704 57.8869 1.6184 1.5495
Car -1 -1 1.4042 690.9178 175.4222 714.4681 191.4928 1.4783 1.6083 3.8703 8.8108 1.7311 68.9615 1.5313 1.0302
