Car -1 -1 1.8968 355.6243 181.2629 507.2393 276.1612 1.4985 1.5963 3.9811 -3.2699 1.6838 13.8118 1.6643 13.6735
Car -1 -1 -1.8596 760.2648 177.7204 1000.7067 340.4306 1.5705 1.6455 3.9859 3.0221 1.6459 9.1006 -1.5390 12.6972
Car -1 -1 -1.7371 726.0724 181.1872 835.6262 263.5573 1.4464 1.5624 3.8090 3.3553 1.6426 15.0045 -1.5171 11.7925
Car -1 -1 2.1407 941.7295 157.8296 1103.0336 234.9416 1.6062 1.5424 3.5478 9.4170 1.2936 16.5334 2.6584 11.1203
Car -1 -1 1.9814 1010.4754 150.8998 1185.4902 247.0655 1.6308 1.5522 3.3869 9.3121 1.2588 13.7968 2.5752 10.1469
Car -1 -1 1.8567 1106.6451 155.6811 1241.0000 274.1182 1.4978 1.5151 3.3779 8.9192 1.2810 10.6910 2.5520 9.0079
Car -1 -1 1.7983 440.9179 159.5770 544.4112 242.8256 1.9903 1.7916 4.4395 -3.0695 1.6732 19.5260 1.6424 8.7013
Car -1 -1 2.4617 0.0000 212.4183 224.9565 374.0000 1.4762 1.5944 4.1363 -3.5990 1.7564 3.0184 1.5888 8.1747
Car -1 -1 -3.3582 770.2406 159.0518 886.3037 204.3451 1.7144 1.6772 4.0876 8.4382 1.1923 28.2939 -3.0684 5.8795
Car -1 -1 2.1765 833.3375 163.4547 932.4941 207.6398 1.4502 1.5123 3.5329 9.5544 1.1421 25.3053 2.5375 5.4502
Car -1 -1 2.2050 863.3817 158.5391 983.2302 208.4509 1.4604 1.5400 3.7525 9.8437 1.0419 22.7194 2.6138 4.4619
Car -1 -1 1.6875 496.3082 169.7411 560.2455 228.6016 1.8522 1.7069 4.1375 -2.7598 1.7546 24.7758 1.5765 3.9337
Car -1 -1 -1.7861 677.3439 174.2161 709.6146 194.7248 1.4613 1.6020 3.7997 6.1388 1.5666 53.6403 -1.6722 2.4853
Car -1 -1 1.4976 720.7295 175.1074 742.2805 191.8336 1.4929 1.6644 4.2919 11.2661 1.7100 67.2071 1.6637 0.9137
