Car -1 -1 -1.8973 788.1390 185.7283 1057.5931 353.8835 1.3799 1.5500 3.6341 3.0911 1.5569 8.0479 -1.5306 13.7996
Car -1 -1 2.1070 0.0000 177.1386 404.7182 374.0000 1.5175 1.5684 3.7243 -3.4161 1.5696 6.7990 1.6414 13.1783
Car -1 -1 2.0723 942.4410 150.3072 1112.0681 235.7163 1.6623 1.5847 3.7579 9.0614 1.2239 15.6931 2.5960 11.5001
Car -1 -1 1.9857 1030.3183 151.5117 1241.0000 251.3917 1.5351 1.6244 4.1393 9.4272 1.2075 12.8229 2.6197 11.3359
Car -1 -1 1.7261 477.3604 174.0109 546.3018 224.2978 1.4837 1.6192 3.9232 -3.1308 1.5247 23.3558 1.5929 9.8847
Car -1 -1 2.1454 892.4872 156.7916 1035.3785 220.5790 1.5005 1.5442 3.6995 9.0978 1.1230 18.5845 2.6007 9.1411
Car -1 -1 1.8731 306.2978 142.2005 491.8041 283.8986 2.0039 1.7815 4.3943 -3.4081 1.5707 12.4278 1.6054 8.8159
Car -1 -1 -3.4565 799.2966 148.9006 955.8859 210.4861 1.7624 1.7020 4.0580 7.8524 1.0773 21.5656 -3.1073 7.9391
Car -1 -1 1.7297 429.4921 160.6754 525.0117 242.9735 1.7945 1.6848 3.9973 -3.1808 1.5293 17.7442 1.5524 7.7367
Car -1 -1 1.8843 1149.4313 144.4679 1241.0000 282.1921 1.5616 1.5199 3.6574 9.0210 1.2401 9.7343 2.6316 6.9894
Car -1 -1 2.7916 783.5086 145.5711 957.7724 206.2770 1.9537 1.8454 5.1695 8.5762 1.0760 24.1646 3.1327 4.9649
Car -1 -1 -1.3234 344.7471 150.5039 380.2567 171.6593 1.4534 1.5709 3.6017 -17.6954 -0.0882 51.6361 -1.6535 1.2815
Car -1 -1 1.7173 545.5312 179.5066 571.9994 198.2257 1.4793 1.6506 3.9988 -4.2860 2.0567 60.5343 1.6466 0.5288
Car -1 -1 1.6302 742.7184 166.3423 769.9358 188.0321 1.4980 1.6759 4.3107 10.5796 1.0487 52.1295 1.8304 -0.6820
