Car -1 -1 2.6642 832.3141 156.5723 1091.5633 255.1547 1.6986 1.6628 3.9914 6.3148 1.4184 13.3302 3.1066 13.3081
Cyclist -1 -1 0.9421 738.2700 172.4371 755.4070 190.5525 1.6173 0.6746 1.6618 12.3594 1.5805 65.3106 1.1291 1.3644
Pedestrian -1 -1 -2.1537 1130.7514 170.9957 1193.6466 265.7968 1.4769 0.5706 0.5857 8.7745 1.4483 11.5493 -1.5040 -0.7590
Car -1 -1 1.9242 1032.7655 168.2857 1241.0000 294.0870 1.5359 1.5338 3.5070 7.7488 1.4805 10.4062 2.5642 11.8931
Cyclist -1 -1 1.4618 678.6117 192.5004 690.2467 217.9367 1.6869 0.6183 1.7073 5.1245 3.0728 50.0261 1.5639 0.0060
Car -1 -1 1.8379 284.6614 185.4713 430.1171 285.0357 1.5988 1.6313 4.1971 -4.8321 1.8862 14.2703 1.5114 10.4826
Car -1 -1 1.9471 42.6076 172.0959 363.3496 374.0000 1.8303 1.7249 4.3477 -4.4113 1.8240 8.6061 1.4734 8.7654
Car -1 -1 2.6714 796.1342 145.1224 1062.1255 241.3248 1.9881 1.8458 5.1178 6.8846 1.4154 15.9923 3.0779 7.5686
Car -1 -1 1.4494 695.4669 179.2350 719.2526 197.1897 1.4703 1.5799 3.8356 8.3640 2.0394 62.3796 1.5827 -0.6460
Car -1 -1 1.6788 530.9767 188.5833 558.9337 211.1912 1.4674 1.5806 3.8767 -4.6339 2.6331 51.4998 1.5891 -0.6840
