Car -1 -1 -1.8239 765.0882 187.3614 953.5152 312.4070 1.3871 1.5911 3.6919 3.2684 1.6330 10.3245 -1.5173 13.8240
Car -1 -1 1.9999 197.4864 183.9921 465.6839 337.9424 1.4675 1.6018 4.0061 -3.2635 1.6424 9.2408 1.6604 13.6732
Car -1 -1 2.1240 917.2919 158.7544 1067.7375 229.5111 1.5918 1.5860 3.6951 9.4410 1.2749 17.8487 2.6106 11.4206
Car -1 -1 2.0467 986.9945 156.2803 1163.5835 232.9215 1.4101 1.5390 3.6924 9.5656 1.1055 14.8612 2.6186 10.6149
Car -1 -1 2.1943 877.2916 164.0235 1006.5806 222.7506 1.5542 1.5377 3.6260 9.4776 1.3208 20.6572 2.6244 9.2798
Car -1 -1 1.7157 504.1863 178.5576 564.9773 223.8822 1.4547 1.5990 3.9022 -2.6434 1.6734 25.6368 1.6130 8.4955
Car -1 -1 -2.1239 875.1773 183.7657 1241.0000 374.0000 1.6296 1.6088 4.0121 3.0235 1.7276 4.4093 -1.5229 8.4893
Car -1 -1 -3.4311 795.5145 154.5272 935.0796 211.3393 1.7902 1.6773 3.9996 8.2381 1.2131 23.6625 -3.0961 8.3540
Car -1 -1 1.7189 464.5523 170.2313 546.4514 241.3738 1.7830 1.6752 4.0031 -2.8441 1.7176 20.0886 1.5782 8.1773
Car -1 -1 1.8435 373.0395 152.5422 521.7347 271.1916 2.0511 1.7983 4.4264 -3.1504 1.7003 14.7350 1.6328 7.5524
Car -1 -1 1.9869 1076.1349 142.2202 1241.0000 239.1600 1.4044 1.5180 3.4526 9.4492 0.9609 11.9260 2.6570 6.7805
Car -1 -1 2.8173 786.2098 153.4001 943.3649 206.3522 1.8622 1.8171 5.0882 9.1449 1.1784 26.3072 3.1519 4.3773
Car -1 -1 1.4393 744.2507 170.7831 774.8730 191.5417 1.4873 1.6824 4.3041 11.0995 1.3393 53.9006 1.6424 -0.1001
