Car -1 -1 1.8664 237.1358 190.0860 411.2522 297.0774 1.4709 1.6494 4.2894 -4.8659 1.8299 12.8189 1.5036 12.0208
Pedestrian -1 -1 3.8052 0.0000 147.1338 106.0008 374.0000 1.6902 0.6372 0.7895 -3.4816 1.5592 4.0202 3.0915 0.6610
Car -1 -1 2.6033 854.9118 152.3817 1144.5315 269.0881 1.7766 1.6889 3.9093 6.2473 1.4653 11.9336 3.0856 10.9567
Pedestrian -1 -1 -2.1525 1068.0368 166.0206 1135.2722 270.1524 1.5922 0.6307 0.6300 7.6671 1.4881 11.3488 -1.5584 -0.4087
Car -1 -1 2.0350 0.0000 174.3548 328.6162 374.0000 1.7677 1.7495 4.6440 -4.4428 1.7880 7.1654 1.4800 10.2118
Car -1 -1 2.6533 810.6385 150.5868 1102.3098 254.9200 1.9592 1.8560 5.0511 6.8034 1.5415 14.6058 3.0892 8.8475
Car -1 -1 1.8594 1097.4705 168.1245 1241.0000 308.3843 1.4616 1.5031 3.4888 7.7485 1.4127 9.0972 2.5649 8.4556
Car -1 -1 1.6918 529.1906 187.1802 558.6619 210.5596 1.4779 1.5786 3.8687 -4.5659 2.5092 49.9639 1.6007 1.9868
Car -1 -1 1.4536 689.2022 181.5234 714.7845 200.5405 1.4979 1.6652 4.0759 7.6856 2.2527 60.7413 1.5795 -0.3702
Car -1 -1 -1.0535 541.4748 163.4786 636.0803 208.3152 1.5771 1.6766 4.3883 -0.7569 1.2477 27.7080 -1.0808 -0.4547
Car -1 -1 1.7163 513.1459 192.3318 537.9794 211.2325 1.4694 1.5857 3.8042 -7.2434 3.1949 61.9818 1.6000 -0.4887
Car -1 -1 -2.9103 405.9338 192.9095 483.7944 221.7225 1.4599 1.6086 3.7838 -8.8075 2.5533 38.5082 -3.1351 -0.7167
