Car -1 -1 1.8216 441.5669 178.0212 525.9319 236.4384 1.5209 1.5806 3.5206 -3.6095 1.6841 20.9222 1.6508 13.8548
Pedestrian -1 -1 0.9850 1001.0652 144.5884 1029.5175 190.6956 1.7120 0.6145 0.7635 15.2250 0.6628 27.1918 1.4954 -0.1685
Car -1 -1 -1.7290 691.7471 178.5374 792.0903 256.3919 1.5338 1.6206 3.8535 2.8202 1.6789 16.4312 -1.5590 13.2272
Pedestrian -1 -1 -1.9122 882.8708 158.3329 911.5617 214.1928 1.7864 0.6233 0.8344 9.3014 1.3223 23.4996 -1.5353 -0.4454
Car -1 -1 1.9958 170.2669 187.7150 437.5739 336.7514 1.4985 1.6561 4.2937 -3.8553 1.7474 9.8758 1.6236 12.5837
Car -1 -1 1.9564 958.9882 161.1967 1106.7594 241.7772 1.5344 1.5404 3.4413 9.0189 1.3128 15.3955 2.4863 12.2822
Car -1 -1 1.7799 1114.4329 151.9175 1241.0000 250.7032 1.6593 1.5932 3.7387 11.2388 1.3080 13.9138 2.4593 10.4119
Car -1 -1 2.1801 857.2165 164.7978 979.9928 224.4469 1.6228 1.5591 3.5754 9.0608 1.4039 21.2348 2.5834 9.6830
Car -1 -1 1.7568 480.5228 165.2233 550.0723 222.7226 1.9509 1.7620 4.4208 -3.4490 1.6923 26.7353 1.6285 9.4645
Car -1 -1 2.2186 826.3273 165.8385 936.7458 218.2650 1.6218 1.5537 3.6338 8.9911 1.4051 23.9450 2.5778 8.5856
Car -1 -1 -1.6744 678.0308 182.2735 742.7962 234.9383 1.4408 1.5737 3.9008 2.9851 1.7596 22.4149 -1.5420 7.4528
Car -1 -1 2.2081 0.0000 203.5668 258.9830 374.0000 1.4567 1.5351 3.3169 -3.8501 1.7292 4.6950 1.5213 6.8237
Car -1 -1 2.0753 891.4923 163.5168 1015.9846 233.2453 1.5863 1.4734 3.1109 8.5150 1.3743 17.9179 2.5190 6.1002
Car -1 -1 -1.3225 444.6573 184.7509 473.7168 203.0210 1.4325 1.5762 3.5277 -12.6768 2.4634 60.7047 -1.5284 2.3919
