Car -1 -1 -1.8287 751.5073 174.8324 959.1801 316.4375 1.5508 1.6466 4.0051 3.0511 1.5841 9.9886 -1.5322 13.7069
Car -1 -1 1.8684 374.0831 177.5643 508.7338 266.2594 1.5394 1.6008 3.8096 -3.3120 1.6485 14.6886 1.6466 12.5777
Car -1 -1 -1.7315 718.1192 179.2563 820.9571 256.9925 1.4562 1.5649 3.7956 3.2982 1.6136 15.7634 -1.5253 10.3428
Car -1 -1 2.0575 986.7867 151.3265 1159.9460 242.0011 1.6391 1.5630 3.3333 9.3057 1.2503 14.5409 2.6268 9.8638
Car -1 -1 2.4104 0.0000 202.1448 264.2501 374.0000 1.4406 1.6118 4.0914 -3.6600 1.6727 3.6241 1.6200 9.7182
Car -1 -1 1.8771 1076.2490 150.0408 1241.0000 260.4628 1.5080 1.5274 3.2254 8.8895 1.1968 11.3936 2.5397 9.4998
Car -1 -1 2.1580 928.1389 155.9745 1080.5103 227.5464 1.5696 1.5210 3.5117 9.4290 1.1998 17.3125 2.6567 8.9403
Car -1 -1 1.7927 445.9030 158.8647 546.0081 238.6657 1.9767 1.7841 4.6065 -3.0904 1.6305 20.2303 1.6411 8.2023
Car -1 -1 2.2175 853.2924 162.4706 967.5518 210.0040 1.4355 1.5286 3.6490 9.7065 1.1222 23.3691 2.6112 7.1378
Car -1 -1 -3.3661 766.1428 156.5000 876.1857 196.7743 1.5736 1.6479 3.9932 8.4110 0.9350 29.1248 -3.0850 6.6078
Car -1 -1 -0.0051 618.8340 174.3761 676.4133 195.1565 1.5143 1.6327 4.2085 2.7600 1.6297 53.6221 0.0464 3.4346
Car -1 -1 1.7059 572.6165 180.8831 595.0375 197.4639 1.4832 1.6037 4.0424 -2.4783 2.2708 68.6541 1.6699 2.7976
