Car -1 -1 -1.6910 670.4289 177.4035 734.6262 229.9690 1.5648 1.6323 3.7293 2.9068 1.7262 23.6660 -1.5688 12.6305
Cyclist -1 -1 -1.4330 941.1670 175.2062 959.4968 210.2971 1.7325 0.6060 1.7732 17.2586 1.8553 36.6512 -0.9929 -0.5550
Pedestrian -1 -1 -2.5866 922.4872 163.9529 955.0473 217.4478 1.6581 0.6247 0.7162 10.3561 1.3825 22.8325 -2.1608 0.0047
Car -1 -1 1.8871 279.2617 186.9550 448.5756 302.1389 1.5280 1.5414 3.6300 -3.8748 1.7951 11.8287 1.5705 12.5771
Pedestrian -1 -1 -2.2166 1175.1308 137.4830 1241.0000 258.4808 1.7465 0.6678 0.6916 8.9876 1.2363 10.7742 -1.5214 -0.3897
Car -1 -1 2.1051 847.5599 170.4529 952.3102 222.1575 1.5070 1.5376 3.4030 9.0969 1.4374 22.6734 2.4866 11.9108
Car -1 -1 1.8325 390.3287 185.2448 501.8047 259.6889 1.4845 1.5816 3.9775 -3.7798 1.8129 17.0801 1.6147 11.5057
Car -1 -1 1.7722 489.6104 179.6254 548.7918 221.9383 1.5059 1.5758 3.7604 -3.5213 1.7894 28.2317 1.6481 10.6702
Car -1 -1 1.9807 938.5674 162.8773 1049.4487 221.4409 1.5843 1.5509 3.6734 11.3144 1.3148 21.2672 2.4697 9.5797
Car -1 -1 -2.3720 983.5240 129.7560 1241.0000 271.7497 1.8540 1.6788 3.9247 8.0189 1.2916 11.5051 -1.7633 8.3792
Car -1 -1 2.3680 0.0000 181.2881 358.2049 374.0000 1.4334 1.5921 4.1487 -2.7287 1.4936 3.0010 1.6301 8.3142
Car -1 -1 2.3143 774.9234 170.0211 860.4214 209.4353 1.6188 1.5683 3.5503 8.9626 1.5028 31.2261 2.5938 6.7965
Car -1 -1 1.7273 509.9873 167.3334 564.7223 214.9985 2.0805 1.8430 4.7141 -3.3650 1.8399 33.8971 1.6284 6.0667
Car -1 -1 2.3276 794.3146 167.5129 895.1654 211.9101 1.6520 1.6054 3.8135 9.2336 1.4536 28.4646 2.6412 5.9958
Car -1 -1 -3.2996 712.4870 168.3858 784.8358 196.6570 1.6466 1.6745 4.0101 8.1698 1.3867 42.9187 -3.1115 4.6414
Car -1 -1 0.2416 331.5841 191.8144 386.3647 208.6596 1.4751 1.6872 4.5032 -23.1471 3.2529 66.5897 -0.0929 3.2483
Car -1 -1 2.1489 812.4921 168.6378 904.8371 217.5538 1.6117 1.4884 3.3433 8.7329 1.4731 25.3842 2.4802 2.5777
Car -1 -1 -1.0187 745.2032 177.0979 807.2433 205.3041 1.4755 1.5422 3.9318 9.2790 1.7242 40.2681 -0.7922 1.9166
Car -1 -1 -2.0089 951.2516 146.1432 1008.5193 171.6921 1.4832 1.5715 3.9655 22.4841 -0.0739 44.0767 -1.5372 0.9148
