Car -1 -1 -1.9108 796.3163 186.3541 1114.5786 374.0000 1.3553 1.5653 3.7743 3.0084 1.5280 7.2833 -1.5191 14.5621
Pedestrian -1 -1 -0.2458 1211.7472 123.8898 1241.0000 200.2896 1.7570 0.5923 0.7404 14.7059 0.6313 17.0220 0.4668 -0.1270
Car -1 -1 2.0274 955.3450 147.4605 1124.6830 237.8134 1.6694 1.5850 3.6297 8.9186 1.2005 14.9829 2.5643 11.8080
Pedestrian -1 -1 -0.6615 1195.0824 122.6122 1241.0000 194.9313 1.7267 0.5889 0.6892 14.7525 0.5275 17.5326 0.0380 -0.7587
Car -1 -1 1.9515 1047.5989 148.9046 1241.0000 254.2308 1.5266 1.6152 3.9609 9.2436 1.1798 12.1664 2.6012 11.5409
Car -1 -1 2.1489 0.0000 173.7468 377.7114 374.0000 1.5799 1.5727 3.7422 -3.4900 1.5901 6.0753 1.6275 10.9614
Car -1 -1 1.7274 464.7462 172.4803 536.0685 225.2521 1.5028 1.5998 3.9468 -3.3705 1.4925 22.5243 1.5789 10.0332
Car -1 -1 2.1340 896.8686 157.9353 1041.3202 219.6416 1.3930 1.5355 3.5723 8.8732 1.0565 17.8698 2.5949 9.8666
Car -1 -1 -3.4786 800.2671 147.4806 954.5350 211.6309 1.7796 1.6688 3.8467 7.5971 1.0761 20.8712 -3.1295 9.7889
Car -1 -1 1.9135 263.1316 136.2240 481.9117 294.7445 2.0380 1.8146 4.6452 -3.5383 1.5674 11.6365 1.6183 8.6373
Car -1 -1 1.7584 409.6721 163.7622 514.9732 248.4173 1.7373 1.6581 4.0901 -3.3504 1.5511 16.8567 1.5622 8.3988
Car -1 -1 2.8008 785.0011 145.9721 963.9445 207.3819 1.9150 1.8294 5.1380 8.4264 1.0771 23.4238 3.1461 5.4793
Car -1 -1 -3.1411 727.8877 166.8415 780.7161 188.2772 1.4533 1.5606 3.5365 9.9628 1.0460 50.0268 -2.9445 0.3410
Car -1 -1 1.8685 530.8466 175.4881 569.9059 198.0210 1.4773 1.6347 3.8422 -4.1016 1.6671 49.8341 1.7863 -0.5575
