Car -1 -1 2.2244 0.0000 192.8134 105.1981 233.5131 1.4911 1.6009 3.8492 -23.3478 2.3817 30.2503 1.5671 6.7283
Cyclist -1 -1 1.4423 689.0231 170.1088 701.3361 194.0518 1.6781 0.6538 1.7252 6.0367 1.4861 51.4358 1.5591 1.0219
Car -1 -1 2.1286 103.5391 190.7017 184.0741 223.3060 1.4506 1.5859 3.8619 -23.2991 2.3937 36.1672 1.5563 6.6215
Cyclist -1 -1 -0.8302 1195.1866 183.6026 1241.0000 225.6242 1.6858 0.5019 1.7215 24.8741 2.1309 29.4886 -0.1295 -0.4447
Car -1 -1 2.1043 166.5907 191.0286 234.4710 219.7000 1.4550 1.5928 3.9120 -23.2582 2.5398 41.0808 1.5891 4.4905
Car -1 -1 2.0462 215.3436 188.2822 271.1226 213.3816 1.4530 1.6008 3.8227 -23.3611 2.4788 46.0380 1.5766 4.1688
Car -1 -1 1.2131 877.9247 175.6014 927.5827 202.3626 1.7714 1.7449 4.5042 20.3827 1.9727 50.4980 1.5967 0.1082
Car -1 -1 1.9724 0.0000 175.0606 44.1879 203.8018 1.4661 1.5859 3.7949 -32.5633 1.5924 39.1616 1.2787 -0.2378
Car -1 -1 0.5948 0.0000 192.1765 46.1286 255.2862 1.4941 1.5591 3.9568 -17.4203 2.0268 18.8058 -0.1524 -0.5248
Car -1 -1 2.3348 0.0000 201.2596 21.3858 252.6895 1.4971 1.6170 4.2074 -23.3734 2.5836 25.4643 1.5922 -0.6067
