Car -1 -1 2.1123 129.6027 182.6742 207.8251 218.3546 1.6467 1.6176 3.8159 -22.1137 2.1667 36.2627 1.5647 7.6688
Pedestrian -1 -1 -1.8305 1025.3673 116.3621 1138.1477 324.0749 1.8099 0.6706 0.9258 4.3677 1.3180 6.8275 -1.2614 3.8135
Car -1 -1 2.1175 48.4569 187.4944 143.4438 225.3365 1.4437 1.5794 3.7886 -21.9824 2.1121 30.9747 1.5003 6.1082
Pedestrian -1 -1 -2.1728 1183.6250 214.7894 1241.0000 348.4692 1.7990 0.6858 0.6456 8.7181 2.4181 10.2866 -1.4698 0.2729
Car -1 -1 1.9912 241.9233 182.4909 289.8673 208.4608 1.5810 1.5568 3.4168 -22.3575 2.2313 46.9326 1.5467 5.5210
Car -1 -1 2.2063 0.0000 188.6251 61.7982 237.1450 1.5357 1.6271 3.6868 -21.8965 2.1449 25.9580 1.5056 4.0469
Car -1 -1 1.7476 475.0527 176.4551 514.8455 204.0307 1.5047 1.6045 4.0030 -6.6630 1.7243 41.9125 1.5899 3.8842
Car -1 -1 1.9071 276.8632 182.9003 316.5044 204.6271 1.4570 1.5342 3.5388 -22.5111 2.2052 51.8885 1.4978 3.2147
Car -1 -1 1.9762 308.4911 181.9810 349.0077 202.6301 1.5441 1.5997 3.9306 -22.4642 2.2996 57.7046 1.6049 3.1458
Car -1 -1 1.9992 188.2859 184.3393 250.0313 212.7063 1.4770 1.6130 3.9323 -22.2743 2.1655 41.2133 1.5037 3.0593
