Car -1 -1 2.1383 116.1349 184.7544 195.5852 215.6509 1.4391 1.5843 3.9460 -23.2865 2.0842 37.1078 1.5779 8.8707
Cyclist -1 -1 1.0185 1043.0921 126.6878 1104.9853 194.2599 1.7189 0.5286 1.7803 12.2931 0.5449 19.2464 1.5869 -0.3784
Pedestrian -1 -1 0.4766 830.7956 154.8299 864.3312 214.3715 1.7485 0.6322 0.7511 7.0898 1.2196 21.6754 0.7927 -0.2502
Car -1 -1 2.1565 39.6276 185.2838 135.8192 223.0752 1.5061 1.6104 3.8134 -23.0501 2.0906 31.9642 1.5318 8.8295
Car -1 -1 2.0392 181.5407 182.1741 238.7976 210.1803 1.5423 1.5538 3.4930 -23.6189 2.1170 42.6862 1.5338 7.6479
Car -1 -1 1.9690 225.1810 182.2159 272.0123 205.7213 1.4470 1.5252 3.5084 -23.8410 2.0890 47.6509 1.5051 4.8902
Car -1 -1 1.7931 438.9693 176.4246 485.0485 205.9672 1.4660 1.6012 3.7425 -7.8019 1.6645 38.1461 1.5914 2.3275
Car -1 -1 1.9448 264.2577 178.1415 307.2059 200.8882 1.5924 1.5978 3.8657 -23.9649 1.9984 53.3920 1.5229 1.5316
Car -1 -1 -1.1146 795.4553 194.1256 838.2151 215.5279 1.4636 1.5921 3.9043 15.8425 3.1515 55.2597 -0.8354 1.3337
Car -1 -1 2.1637 0.0000 190.1200 49.8879 235.1759 1.4586 1.5895 3.6287 -22.8228 2.1432 26.6995 1.4564 1.1874
Car -1 -1 -0.7495 746.8390 179.6691 867.9240 224.9594 1.4867 1.6153 4.2244 7.0615 1.7477 25.8901 -0.4832 0.0979
Car -1 -1 1.7334 471.6680 173.6211 505.1044 196.6982 1.5028 1.6044 4.1094 -8.2716 1.5576 49.1791 1.5668 -0.2856
Car -1 -1 1.7519 486.6880 175.1360 516.2570 195.3394 1.4709 1.5798 3.7194 -8.2373 1.6506 54.8368 1.6028 -0.4776
