Car -1 -1 -1.5509 565.6270 169.5823 658.7242 264.1233 1.6711 1.6481 3.6487 0.0246 1.6136 14.5929 -1.5492 13.5604
Cyclist -1 -1 -0.9488 664.1309 171.4570 702.7879 215.7035 1.6945 0.6465 1.7068 2.8691 1.6413 28.4833 -0.8484 1.9854
Pedestrian -1 -1 -0.9449 669.2082 168.4697 697.6283 212.6500 1.7103 0.7056 0.9322 2.8613 1.5409 28.5120 -0.8449 2.8548
Car -1 -1 1.9291 122.3501 168.8480 263.3284 242.6986 1.6295 1.6772 4.2079 -10.3155 1.5415 18.1285 1.4117 12.8467
Cyclist -1 -1 1.1141 898.8889 157.1608 917.5466 180.4663 1.6874 0.5784 1.6967 21.9112 0.5515 53.1035 1.5054 0.0260
Pedestrian -1 -1 -0.8219 718.3641 170.6907 766.2951 248.0844 1.6694 0.6597 0.8340 2.8982 1.6231 16.0754 -0.6436 -0.0698
Car -1 -1 2.1934 0.0000 177.9477 178.3704 277.9142 1.4763 1.5731 3.9507 -9.6722 1.5815 12.8487 1.5481 12.2536
Pedestrian -1 -1 0.3878 897.7468 168.1227 918.2809 203.1036 1.7509 0.6847 0.7613 15.0898 1.5144 36.6235 0.7786 -0.1393
Car -1 -1 -1.1713 814.1536 179.3626 1056.2330 310.7172 1.4273 1.6238 3.9454 4.5597 1.5349 9.9603 -0.7419 12.2311
Pedestrian -1 -1 -1.8967 740.2385 170.0416 777.0665 245.3573 1.7081 0.6146 0.7972 3.4021 1.6447 16.7957 -1.6969 -0.1615
Car -1 -1 -0.9985 738.5406 163.6032 943.0372 263.5277 1.5810 1.6712 4.0468 4.3068 1.4350 13.3420 -0.6863 11.3758
Pedestrian -1 -1 -2.4666 41.1024 162.3341 85.3453 226.9104 1.6273 0.6137 0.6672 -14.0564 1.3625 18.4944 -3.1165 -0.2798
Car -1 -1 -1.4024 959.7239 175.0283 1241.0000 374.0000 1.4900 1.6023 3.7151 4.4913 1.5147 6.2199 -0.7770 11.1576
Car -1 -1 -0.9816 718.9528 174.8465 881.4192 246.2993 1.4764 1.6251 4.2321 4.5279 1.5294 17.0265 -0.7217 6.6324
Car -1 -1 1.5840 603.7262 173.9205 621.2583 189.9916 1.4994 1.6406 4.1959 0.2488 1.6059 69.7076 1.5876 1.7536
Car -1 -1 -1.8891 841.6691 152.7008 876.5181 171.4270 1.4703 1.5646 3.8217 20.2512 -0.1199 58.8617 -1.5577 1.2691
Car -1 -1 -1.9729 892.6564 152.1636 942.7702 176.4112 1.6381 1.6896 4.3164 21.6049 0.2407 50.9004 -1.5715 1.0041
Car -1 -1 -0.3388 900.4145 152.7888 966.8302 174.0100 1.5445 1.6738 4.1745 23.9307 0.0845 53.5160 0.0817 0.4784
Car -1 -1 1.8319 359.2593 182.4971 400.9768 207.6065 1.4730 1.5859 3.8375 -14.5613 2.1113 45.7786 1.5239 -0.3320
