Car -1 -1 -1.5586 564.3777 177.1514 673.6016 281.7294 1.5116 1.6043 3.6739 0.1171 1.5970 12.4326 -1.5492 12.4235
Cyclist -1 -1 2.1636 85.2859 157.0773 114.0581 184.4015 1.6869 0.6396 1.6981 -32.1269 0.7133 45.3993 1.5478 0.1996
Pedestrian -1 -1 -0.5364 805.5344 168.0465 848.7130 229.5754 1.6813 0.6874 0.9349 6.0134 1.5503 20.1606 -0.2465 3.5095
Car -1 -1 -1.3755 950.4943 173.7848 1241.0000 374.0000 1.4755 1.5708 3.7504 4.6072 1.4868 6.5950 -0.7657 12.0237
Cyclist -1 -1 0.1370 455.2490 178.7682 479.0721 201.3332 1.6738 0.5197 1.6941 -10.7102 2.1192 53.9884 -0.0588 -0.4191
Pedestrian -1 -1 2.2608 935.4426 166.9265 970.0087 216.0476 1.6756 0.6872 0.8747 11.8791 1.4737 25.1063 2.7027 1.7105
Car -1 -1 1.7355 456.0581 180.3400 486.9104 200.8923 1.4892 1.6746 4.2784 -10.7328 2.0932 56.0123 1.5462 4.4678
Car -1 -1 0.5744 20.9142 189.3054 133.9875 222.7420 1.4686 1.5899 4.0052 -24.6991 2.2539 33.5053 -0.0609 3.8980
Car -1 -1 1.7147 483.8987 170.3579 528.4047 207.8351 2.2310 1.9781 5.8604 -6.5456 2.0828 45.8821 1.5730 3.1821
Car -1 -1 -2.1423 982.4884 157.6330 1059.7542 191.2611 1.7151 1.6761 4.0644 22.0091 0.9392 38.8740 -1.6271 -0.5253
