Car -1 -1 -1.5549 576.1002 182.2159 636.2118 242.8207 1.6098 1.6447 3.6543 -0.1357 1.9138 21.5644 -1.5612 12.3657
Cyclist -1 -1 1.4637 677.4397 154.0092 688.5601 177.7419 1.6968 0.6189 1.7499 5.2735 0.3498 52.4628 1.5639 -0.6347
Car -1 -1 1.7831 388.6921 184.3916 436.8351 214.0069 1.5154 1.7176 4.5687 -11.1816 2.2096 41.0589 1.5172 9.3401
Car -1 -1 0.5439 99.2878 168.1767 218.3471 208.9791 1.6656 1.6622 3.9524 -18.9250 1.4750 30.3096 -0.0142 2.4629
Car -1 -1 0.3936 241.8539 165.7327 317.0868 190.4890 1.4497 1.5949 3.7644 -19.7400 1.0331 43.1144 -0.0358 2.2727
Car -1 -1 1.7993 564.1242 185.2097 589.1305 201.5033 1.4641 1.5798 3.9200 -3.2260 2.6995 70.0458 1.7532 1.7108
Car -1 -1 1.2321 840.0393 180.6677 897.6297 211.5338 1.4645 1.6051 3.8023 13.1967 1.8873 37.1005 1.5739 1.4097
Car -1 -1 1.2763 775.0934 183.6820 841.1169 220.2396 1.4780 1.6704 4.3720 8.8373 2.0022 32.6895 1.5403 1.0417
Car -1 -1 1.7641 463.2333 184.4713 491.4985 204.3005 1.5998 1.6553 4.1304 -11.5106 2.6434 62.7176 1.5826 0.7479
Car -1 -1 2.0555 258.9464 151.9081 297.3784 168.8021 1.4700 1.5806 3.8209 -30.1714 -0.3794 65.6661 1.6248 0.6669
Car -1 -1 -0.8730 632.4577 178.1524 673.9530 196.3580 1.5484 1.6045 3.8462 3.8630 2.0363 64.4454 -0.8132 -0.2114
