Car -1 -1 -1.5596 569.7085 178.5522 670.1267 281.0458 1.6471 1.6459 3.8085 0.1510 1.7711 13.7282 -1.5486 11.4022
Pedestrian -1 -1 -1.0605 856.5184 169.8131 902.3210 238.8073 1.6876 0.7210 0.9332 6.7578 1.6136 18.2235 -0.7054 4.6804
Car -1 -1 1.7479 446.8942 173.4890 505.8969 219.0624 2.1278 1.9613 5.7159 -6.7031 2.1629 36.6273 1.5669 8.0617
Pedestrian -1 -1 2.0726 958.5122 174.9179 992.8984 231.4234 1.6748 0.6383 0.7736 11.0542 1.7392 21.9009 2.5400 2.0029
Car -1 -1 0.5346 0.0000 193.7416 86.5368 230.3343 1.4510 1.5566 3.8254 -24.9650 2.3749 30.8527 -0.1457 6.6266
Pedestrian -1 -1 2.5041 1097.5776 162.2882 1137.2449 225.4539 1.7627 0.6342 0.6747 14.3330 1.4682 20.4582 3.1152 0.3459
Car -1 -1 -1.6927 1212.4467 194.7278 1241.0000 374.0000 1.4514 1.6250 4.0748 4.5360 1.6428 4.2187 -0.8710 2.6925
Car -1 -1 0.3001 322.8780 166.8119 381.8359 186.2249 1.4703 1.6234 3.9730 -19.8231 1.0131 55.5424 -0.0427 2.5146
Car -1 -1 0.4569 248.3486 170.6214 324.9416 199.4860 1.6734 1.6349 3.8079 -19.1364 1.5443 42.7119 0.0357 1.5672
Car -1 -1 -1.1846 729.6287 184.3881 797.8280 219.9307 1.4767 1.6500 4.1873 7.1788 2.0492 33.5951 -0.9741 1.2641
Car -1 -1 2.1885 69.5916 175.2136 154.2082 210.0903 1.6477 1.6416 3.7223 -24.9287 1.7726 36.2108 1.5856 1.0374
Car -1 -1 1.9123 322.1722 185.9765 385.3480 221.7585 1.4574 1.5615 3.6171 -11.5113 2.0822 32.5219 1.5721 -0.3873
Car -1 -1 1.3372 734.4374 182.7413 775.4046 208.6378 1.4749 1.6111 3.9149 8.8698 2.1135 44.5931 1.5335 -0.5198
