Car -1 -1 -1.5712 569.1555 183.7984 653.7241 268.5489 1.5801 1.6303 3.5263 -0.0272 1.8450 15.6704 -1.5729 11.7118
Pedestrian -1 -1 -1.0847 923.7143 168.4702 978.3912 246.6515 1.6821 0.7542 0.9374 7.5629 1.5882 16.1048 -0.6457 4.4471
Car -1 -1 1.7935 389.4690 174.0040 472.3675 234.6770 2.0750 1.9004 5.4266 -6.7139 2.1236 27.5062 1.5541 6.0323
Pedestrian -1 -1 -0.7068 982.0338 171.4901 1030.3059 237.2154 1.6639 0.6643 0.8732 10.2007 1.6297 18.6782 -0.2069 1.7903
Car -1 -1 0.6635 0.0000 199.1446 40.5237 239.7176 1.4690 1.6146 4.1854 -25.1384 2.5339 28.2755 -0.0632 3.1438
Pedestrian -1 -1 2.3687 801.5947 177.2189 829.2574 221.3711 1.7330 0.6375 0.8672 8.1854 1.9111 28.9009 2.6447 0.0480
Car -1 -1 2.2117 15.1353 172.4840 116.6063 212.9982 1.7616 1.6889 3.9997 -25.0681 1.7459 33.3730 1.5675 1.6488
Car -1 -1 -1.8457 791.0169 185.3030 830.9942 209.5964 1.4658 1.5803 3.6620 13.0817 2.3131 47.2487 -1.5756 1.2155
Car -1 -1 0.2969 312.1251 172.7682 373.0338 193.8735 1.5184 1.6179 3.8791 -19.5691 1.5126 52.8278 -0.0578 0.1067
Car -1 -1 1.6935 557.5739 189.0135 580.6427 206.7407 1.4750 1.6331 3.9025 -3.7119 2.9912 65.6806 1.6370 -0.2499
