Car -1 -1 -1.5833 568.2200 183.8437 650.1740 271.5889 1.7065 1.6479 3.6244 -0.1001 1.9832 16.3150 -1.5895 11.8867
Cyclist -1 -1 -1.6154 895.8229 174.5034 921.9256 238.8945 1.7221 0.5945 1.7455 8.3303 1.7708 20.2629 -1.2254 1.7082
Pedestrian -1 -1 -1.1135 954.2060 169.4158 1009.1940 249.3109 1.6439 0.7215 0.9002 7.8845 1.5735 15.4019 -0.6404 3.4896
Car -1 -1 1.7993 364.4659 172.0292 460.9899 243.1955 2.1779 1.9645 5.6541 -6.6719 2.1530 24.9363 1.5378 9.3832
Cyclist -1 -1 -0.1830 680.0319 176.4049 704.0950 198.8956 1.8306 0.6191 1.8807 6.7079 2.1243 59.2203 -0.0702 -0.4273
Pedestrian -1 -1 2.0638 998.5017 169.5607 1042.2637 241.5492 1.7142 0.6299 0.7964 9.9936 1.6361 17.6573 2.5788 2.1814
Car -1 -1 2.2294 0.0000 178.5422 108.0115 219.5615 1.7043 1.6930 4.1361 -25.0281 1.9782 32.6225 1.5750 1.9742
Pedestrian -1 -1 -0.6900 1186.6950 168.4950 1241.0000 242.5820 1.7120 0.6481 0.8056 14.1999 1.6117 16.9972 0.0059 -0.4680
Car -1 -1 0.4789 214.3146 175.6212 303.4993 207.2721 1.6703 1.6772 4.0298 -19.0246 1.8241 39.1209 0.0263 1.5001
Pedestrian -1 -1 3.3466 434.2236 187.2380 461.2409 235.6206 1.7218 0.6291 0.8475 -5.9280 2.2507 26.1885 3.1240 -0.5177
Car -1 -1 0.3094 309.0702 177.0115 370.3523 199.2686 1.5665 1.6362 3.8227 -19.4810 1.8719 52.0301 -0.0488 0.7612
