Car -1 -1 -1.5911 592.6135 175.4699 635.6872 217.5651 1.6105 1.6631 3.7167 0.0854 1.7253 29.7071 -1.5882 11.1958
Cyclist -1 -1 2.0930 201.9771 152.5031 231.5988 186.2803 1.7034 0.5680 1.7078 -20.3187 0.6775 37.2456 1.5936 0.4124
Pedestrian -1 -1 -0.3249 852.9553 159.0506 885.5133 215.6973 1.7214 0.6387 0.7808 7.9414 1.3023 22.2502 0.0179 -0.2231
Car -1 -1 1.8681 360.4749 177.8190 421.2039 215.0611 1.6985 1.6903 4.2661 -10.7658 1.9587 35.6110 1.5745 9.6767
Cyclist -1 -1 1.8712 378.6819 152.5319 397.3323 181.8620 1.6902 0.5727 1.6994 -13.0770 0.5194 42.4266 1.5722 -0.2584
Car -1 -1 -0.8599 667.8932 173.3927 755.7390 211.1085 1.5613 1.6438 3.9769 4.4965 1.5869 31.8504 -0.7196 7.9849
Car -1 -1 1.9728 313.4402 180.6224 386.9184 220.9440 1.5387 1.5607 3.7102 -10.8108 1.8842 30.1598 1.6286 7.8255
Car -1 -1 -0.9304 652.8392 176.6539 723.0175 205.7372 1.4535 1.6116 4.0920 4.1836 1.6682 38.6405 -0.8225 5.8050
Car -1 -1 -1.2084 318.5951 164.2322 368.7987 187.8179 1.4734 1.6553 4.3326 -17.3947 0.9352 47.2471 -1.5611 2.4088
Car -1 -1 -0.9566 667.5730 172.4093 741.8893 206.5750 1.5746 1.6082 3.9680 4.6376 1.5544 35.2541 -0.8258 2.3097
Car -1 -1 0.4958 153.9879 173.8034 223.4625 195.6856 1.4743 1.5911 3.8242 -28.9152 1.5410 49.5418 -0.0325 1.4785
Car -1 -1 -1.6729 784.2366 175.4712 810.5385 195.9164 1.5186 1.5999 3.7335 14.4979 1.7294 56.0583 -1.4198 0.6581
Car -1 -1 -0.9304 646.2017 173.2672 708.7277 203.2486 1.6676 1.6507 3.8770 3.9482 1.6932 42.1769 -0.8371 -0.5189
