Car -1 -1 -1.5715 567.2295 173.6484 678.3026 283.3646 1.6207 1.6462 3.7264 0.1572 1.6370 12.5558 -1.5590 11.5782
Pedestrian -1 -1 -0.9045 813.9824 161.5449 856.8790 226.4249 1.7322 0.6861 0.9478 6.1429 1.4306 19.8131 -0.6039 4.8249
Car -1 -1 -1.4142 973.2953 181.2598 1241.0000 374.0000 1.4180 1.6096 3.9078 4.5977 1.5124 6.1260 -0.7703 10.2202
Pedestrian -1 -1 2.5328 1054.9073 166.3811 1094.1920 219.8402 1.6381 0.6727 0.7838 14.4063 1.4401 22.4584 3.1031 1.5640
Car -1 -1 0.5645 17.4369 188.6847 126.1187 223.4337 1.5113 1.5675 3.7457 -24.6953 2.2592 33.1438 -0.0759 4.3464
Pedestrian -1 -1 2.0833 942.8900 169.9299 974.3069 219.6959 1.6638 0.6509 0.8128 11.8505 1.5664 24.6199 2.5319 1.4401
Car -1 -1 1.7589 454.7121 181.3052 486.4312 202.0410 1.4863 1.6458 4.1733 -10.7068 2.1613 55.5078 1.5684 3.8617
Pedestrian -1 -1 -0.7071 1013.2916 166.4991 1075.5648 260.9570 1.6753 0.6595 0.7180 7.8736 1.5629 13.1794 -0.1686 -0.4565
Car -1 -1 1.7553 478.5267 170.3028 525.2467 205.2497 2.0075 1.8824 5.3067 -6.5610 1.8613 44.1308 1.6077 1.3997
Pedestrian -1 -1 -0.6202 1127.1494 146.8031 1162.8737 200.6964 1.7481 0.6400 0.7021 17.5424 0.9035 23.7276 0.0164 -0.8404
Car -1 -1 2.1541 108.2696 165.6886 188.2159 201.5196 1.8197 1.6878 3.9896 -24.6619 1.4562 38.6486 1.5861 0.8622
Car -1 -1 2.5443 945.1020 174.2671 1164.4283 241.8145 1.4958 1.6223 4.2036 10.2825 1.5311 16.9318 3.0901 0.0002
Car -1 -1 0.4201 280.1254 165.5547 350.1202 191.9175 1.6105 1.6355 3.6918 -18.3683 1.1650 44.9536 0.0322 -0.0073
