Car -1 -1 -1.5724 568.9554 191.5485 647.5543 268.7166 1.4970 1.6252 3.7654 -0.1007 1.9817 16.7989 -1.5784 11.5276
Cyclist -1 -1 -1.8303 806.1262 178.0092 833.0892 225.3739 1.7745 0.5628 1.7984 8.1133 1.9823 28.1308 -1.5495 0.7889
Pedestrian -1 -1 -1.1850 971.2354 167.6770 1026.9862 251.2746 1.6693 0.7333 0.9055 8.0274 1.5663 14.9762 -0.6930 4.7243
Car -1 -1 1.8076 346.6388 172.1673 455.6130 249.3249 2.1871 2.0124 6.0485 -6.6210 2.1680 23.5099 1.5331 10.1529
Pedestrian -1 -1 2.3665 1195.9492 165.3547 1241.0000 243.2173 1.7527 0.6776 0.9149 14.1687 1.5842 16.6084 3.0728 2.1080
Car -1 -1 0.3152 297.4850 174.3268 361.1624 195.1467 1.4571 1.5972 3.9385 -20.0350 1.5645 51.5313 -0.0556 2.2758
Pedestrian -1 -1 2.0593 1003.4727 177.6091 1051.1775 246.5375 1.5900 0.6810 0.8204 9.9085 1.7072 17.2179 2.5815 0.6922
Car -1 -1 2.2608 0.0000 177.4096 97.7856 216.3864 1.6169 1.6434 3.7967 -25.1753 1.8334 32.2994 1.5987 2.2539
Pedestrian -1 -1 0.8810 1128.1650 170.3282 1164.8803 231.3888 1.6623 0.6195 0.5270 14.7600 1.5939 19.9197 1.5187 -0.7953
Car -1 -1 -1.9393 855.6613 183.9785 919.3948 217.9618 1.4626 1.5776 3.6925 13.0013 2.0175 34.1120 -1.5751 0.4365
