Car -1 -1 -1.5741 560.8561 171.8993 673.6809 281.8780 1.6004 1.6419 3.6565 0.0542 1.5869 12.3261 -1.5697 12.6701
Cyclist -1 -1 1.0417 1041.3554 145.1113 1087.7566 191.7090 1.7290 0.6831 1.8100 17.3704 0.7000 27.6850 1.6020 0.3045
Pedestrian -1 -1 -0.8380 748.4634 164.9678 785.3382 219.3426 1.6680 0.7035 0.9124 4.8866 1.4264 22.6829 -0.6258 4.7169
Car -1 -1 -1.2968 908.3565 144.3157 1241.0000 374.0000 1.6514 1.6331 4.0157 4.3437 1.4782 6.2951 -0.6928 12.6239
Cyclist -1 -1 -3.5367 960.7436 133.5091 1072.6140 227.2167 1.7438 0.5915 1.7762 7.7081 1.0120 13.8187 -3.0279 -0.8158
Pedestrian -1 -1 0.1758 910.9381 165.8813 931.4997 208.6064 1.7154 0.6233 0.6717 12.6464 1.4358 29.4115 0.5819 -0.6264
Car -1 -1 2.1470 0.0000 172.9486 89.0621 306.1148 1.6608 1.6910 4.3099 -10.3017 1.6630 11.2638 1.4062 10.3234
Car -1 -1 -1.2059 820.0687 180.4228 1055.2702 309.5084 1.3952 1.6193 4.0371 4.6322 1.5216 10.0182 -0.7728 9.5988
Car -1 -1 1.6867 512.1181 172.4148 542.1233 196.0961 1.7937 1.8067 4.8882 -6.5327 1.7608 57.0944 1.5728 2.8016
Car -1 -1 1.1397 876.6041 147.4814 923.3095 169.5114 1.5042 1.6045 3.9547 20.7632 -0.2494 51.8910 1.5203 1.6495
Car -1 -1 0.5350 87.2711 187.7711 180.8295 217.7525 1.4680 1.5934 3.7241 -24.4487 2.2536 37.0919 -0.0478 1.1789
Car -1 -1 0.4125 301.5228 167.1781 365.6834 191.9172 1.6415 1.6286 3.7092 -18.6818 1.2652 48.7723 0.0467 1.0959
Car -1 -1 2.0747 132.4238 165.1340 185.7989 186.8978 1.4708 1.5698 3.7374 -31.6229 0.9495 50.6687 1.5168 1.0519
Car -1 -1 -1.9778 879.8339 166.0036 947.5124 200.3226 1.6781 1.6658 4.2787 15.6159 1.3435 37.4264 -1.5825 0.7716
Car -1 -1 2.0891 155.3099 170.4601 224.9749 202.6792 1.8003 1.7223 4.1178 -24.5963 1.6669 42.3797 1.5632 -0.0257
