Car -1 -1 -1.5798 568.9285 179.8897 674.3850 282.5414 1.5530 1.6327 3.7120 0.1291 1.6985 13.0243 -1.5699 12.8218
Cyclist -1 -1 -1.3738 837.8516 172.0389 873.8530 237.0867 1.6600 0.6003 1.6604 6.5362 1.6395 19.2795 -1.0469 -0.2740
Pedestrian -1 -1 -1.0340 833.8014 167.4155 878.7981 232.9235 1.6760 0.7543 0.9329 6.4553 1.5372 19.0477 -0.7073 4.9943
Car -1 -1 -1.5345 1063.6261 187.3797 1241.0000 374.0000 1.4609 1.5361 3.8691 4.5012 1.6035 5.1256 -0.8138 7.8363
Pedestrian -1 -1 1.1686 77.1222 153.7757 95.2039 182.0406 1.7043 0.6203 0.8199 -31.9654 0.5543 43.9822 0.5401 0.3489
Car -1 -1 0.5453 0.0000 192.2161 104.7705 227.3185 1.4529 1.5751 3.7442 -24.8906 2.3378 31.9632 -0.1163 6.6997
Pedestrian -1 -1 -0.6257 1049.2259 172.5458 1125.0905 273.1276 1.6305 0.6996 0.7989 7.9084 1.6259 12.0617 -0.0454 0.2543
Car -1 -1 1.7420 468.4164 173.2526 516.9646 210.7972 1.9641 1.8535 4.9730 -6.5033 1.9881 40.2930 1.5820 5.7349
Pedestrian -1 -1 -1.8022 1138.5941 151.2847 1241.0000 374.0000 1.6153 0.6482 0.7628 4.2632 1.4735 5.2381 -1.1190 0.1626
Car -1 -1 1.8229 446.4844 182.3717 481.3229 203.9054 1.5056 1.6039 4.0950 -10.9890 2.2508 54.3768 1.6235 3.4358
Pedestrian -1 -1 1.3881 1130.2902 156.1467 1241.0000 374.0000 1.7080 0.6226 0.7512 3.7417 1.6116 4.6538 2.0653 0.1040
Car -1 -1 3.4348 339.6590 166.7170 394.0537 188.2162 1.6637 1.6293 3.7409 -19.1019 1.1891 56.7057 3.1099 0.3097
Pedestrian -1 -1 1.8214 949.9082 171.1093 979.4316 223.4927 1.6524 0.6591 0.8815 11.4148 1.5977 23.3072 2.2768 -0.2707
Car -1 -1 -0.8868 165.2956 167.7765 216.8036 186.8399 1.4632 1.5731 3.6720 -33.2465 1.0739 57.3171 -1.4124 -0.7733
