Car -1 -1 -1.5480 568.5173 180.5024 640.1140 254.6712 1.6727 1.6538 3.6431 -0.1553 1.8885 18.4816 -1.5564 11.5869
Cyclist -1 -1 -2.8714 410.4797 184.6919 440.6967 212.2625 1.7016 0.5615 1.7430 -11.5499 2.4466 45.0829 -3.1222 -0.7605
Pedestrian -1 -1 -1.2860 1066.1935 160.1441 1129.6190 257.9226 1.6723 0.7140 0.9125 8.6764 1.4553 12.9040 -0.6940 4.8600
Car -1 -1 1.9272 210.8659 164.4661 400.9093 276.7515 2.0765 1.9578 5.8389 -6.5266 1.9217 16.2834 1.5460 8.6340
Pedestrian -1 -1 1.8394 1051.1058 168.5237 1103.3378 255.8098 1.6783 0.6694 0.8745 9.2845 1.5954 14.4119 2.4117 2.8292
Car -1 -1 1.8547 413.0977 186.3830 456.2552 212.4166 1.5349 1.6365 4.1035 -11.3423 2.4519 46.7951 1.6169 5.8446
Pedestrian -1 -1 0.9291 339.1852 181.2933 382.4319 260.2026 1.7488 0.6385 0.7117 -5.7648 1.9482 16.5511 0.5939 1.6791
Car -1 -1 1.9358 473.5939 185.7258 505.0582 202.7579 1.4971 1.6490 3.9679 -11.4712 2.7608 68.7118 1.7703 1.7710
Pedestrian -1 -1 -0.5533 1076.0072 149.6087 1100.8326 187.4059 1.7900 0.6035 0.7890 22.8207 0.6895 34.4814 0.0314 -0.1513
Car -1 -1 0.4868 177.3071 171.6150 278.0818 205.6574 1.6793 1.6867 4.1963 -19.2846 1.6185 36.4339 -0.0000 -0.2611
Pedestrian -1 -1 2.2176 183.5989 170.1204 204.0344 203.0486 1.6079 0.6212 0.6266 -20.5581 1.4748 35.5795 1.6937 -0.6766
Car -1 -1 2.2834 0.0000 174.4720 54.2026 219.1808 1.7037 1.6716 3.8453 -25.1400 1.7746 29.5607 1.5786 -0.2671
Car -1 -1 1.8727 396.1981 194.4064 434.2478 217.4007 1.4804 1.5721 3.8779 -14.0444 3.0960 52.1061 1.6094 -0.7846
Car -1 -1 -1.5363 711.6682 183.8884 757.8140 226.3916 1.4908 1.6650 4.2968 4.9921 1.9658 28.7599 -1.3645 -0.8227
