Car -1 -1 1.9498 106.7932 168.0919 254.7136 245.5985 1.6578 1.6625 4.1542 -10.3027 1.5563 17.6083 1.4204 13.0171
Cyclist -1 -1 -2.7599 664.4781 168.8827 710.1846 213.7372 1.7037 0.5706 1.6744 2.9592 1.5533 28.0477 -2.6548 0.8863
Pedestrian -1 -1 -0.4909 674.9511 170.7502 704.1245 216.4693 1.7409 0.6747 0.9129 3.0363 1.6611 27.9555 -0.3827 1.8867
Car -1 -1 -1.5696 562.7298 173.6142 657.5537 265.5819 1.5905 1.6444 3.8879 -0.0546 1.6081 14.4538 -1.5734 12.9137
Pedestrian -1 -1 -3.6006 960.2609 154.5520 984.5457 191.2958 1.7089 0.6318 0.8236 16.9699 0.8580 33.8725 -3.1362 1.2831
Car -1 -1 -1.1817 834.1373 178.6470 1078.8842 315.0884 1.4053 1.5634 3.7387 4.5796 1.4959 9.4123 -0.7288 12.4285
Pedestrian -1 -1 3.5463 247.0992 164.2974 262.5932 189.7571 1.7210 0.6341 0.7583 -24.2000 1.1430 49.1091 3.0885 -0.8029
Car -1 -1 -1.0146 744.8793 166.3723 957.5424 272.5186 1.5976 1.6649 4.0846 4.3237 1.5004 12.7975 -0.6888 11.8242
Car -1 -1 2.2053 0.0000 179.8815 164.2562 289.0555 1.5355 1.6367 3.8935 -9.6719 1.6755 12.3688 1.5416 10.8198
Car -1 -1 -1.3926 995.9360 175.1170 1241.0000 374.0000 1.4845 1.5856 3.6502 4.5397 1.5082 5.6403 -0.7149 9.0185
Car -1 -1 -1.9233 898.5800 152.2175 944.7379 175.0704 1.5264 1.6441 4.0590 21.6154 0.1484 50.2610 -1.5172 3.8599
Car -1 -1 -1.0706 734.0526 174.1636 881.5241 249.1912 1.5098 1.5879 3.8802 4.5681 1.5437 16.5302 -0.8009 3.6331
Car -1 -1 -1.8441 822.9615 155.5595 861.3912 177.5219 1.4607 1.5762 3.7215 15.9693 0.3108 49.8730 -1.5342 3.2951
Car -1 -1 -1.9006 845.9715 152.3129 881.6824 171.2838 1.4672 1.5631 3.7794 20.3363 -0.1300 58.0087 -1.5635 1.8013
Car -1 -1 1.7545 477.2534 178.1663 502.8292 195.2028 1.4767 1.5959 4.0196 -10.9285 1.9766 65.8254 1.5900 1.4231
Car -1 -1 0.2232 385.1201 165.4855 432.4658 181.8158 1.5209 1.6353 4.0447 -18.9831 0.8350 68.1137 -0.0486 0.9074
Car -1 -1 2.0478 218.0473 167.9096 271.7224 194.8800 1.7596 1.6766 3.8413 -24.7552 1.4374 48.9998 1.5800 0.4697
Car -1 -1 1.4274 680.1183 173.9039 707.7727 193.9413 1.5407 1.6244 4.0942 6.6573 1.6281 57.7633 1.5422 -0.1411
Car -1 -1 1.5928 604.3385 174.8773 621.7743 190.7229 1.4798 1.6041 3.9589 0.3026 1.6818 69.8920 1.5972 -0.8138
