Car -1 -1 -1.5995 570.0070 185.9625 648.1882 263.8563 1.5678 1.6471 3.7327 -0.1363 1.9125 17.0536 -1.6075 12.4565
Cyclist -1 -1 0.9328 989.4937 152.5074 1016.1221 179.6893 1.6678 0.5819 1.6689 24.5266 0.4198 45.1353 1.4305 0.0092
Pedestrian -1 -1 -1.0093 984.0744 165.5119 1047.2003 252.8563 1.7029 0.7351 0.9262 8.1593 1.5601 14.6092 -0.5000 4.8035
Car -1 -1 1.8730 329.9142 175.2293 447.6449 250.5457 2.0045 1.8906 5.4157 -6.6002 2.0865 22.0908 1.5827 6.8124
Pedestrian -1 -1 -0.7441 1008.3618 172.3086 1063.9802 247.4848 1.6867 0.6514 0.8982 9.7476 1.6748 16.5995 -0.2131 2.8244
Car -1 -1 2.2437 0.0000 179.3053 94.0615 224.3194 1.8262 1.7093 4.0166 -25.1204 2.1294 31.8595 1.5760 2.4171
Pedestrian -1 -1 1.3308 1089.9090 171.3927 1116.5441 217.7502 1.7455 0.6549 0.8681 18.8756 1.6909 27.6871 1.9292 -0.3112
Car -1 -1 0.3120 299.1009 173.3592 362.1155 194.5734 1.4741 1.5782 3.8629 -19.7678 1.5109 51.0754 -0.0572 2.0233
Pedestrian -1 -1 3.3680 417.4636 190.3065 446.7443 241.0059 1.6084 0.6583 0.7980 -5.8221 2.1843 23.4544 3.1247 -0.3361
Car -1 -1 -0.8117 1191.0554 181.5151 1241.0000 222.2610 1.4678 1.5651 3.5647 24.3047 1.8072 27.3145 -0.0845 0.1529
Car -1 -1 0.3156 362.4178 181.7307 457.6199 221.3601 1.7658 1.6565 3.9378 -9.2694 2.1893 33.4751 0.0455 -0.6526
