Car -1 -1 -1.5401 585.5397 178.0980 633.2838 223.6875 1.4984 1.5999 3.6720 -0.0100 1.7012 25.9992 -1.5405 11.5329
Pedestrian -1 -1 -1.4026 300.2096 177.8497 363.2892 308.5063 1.7089 0.6825 0.8493 -3.8732 1.7816 9.9565 -1.7736 0.6773
Car -1 -1 1.9352 258.9922 184.0180 352.3588 230.6490 1.4913 1.6755 4.4045 -11.0216 1.9341 26.3668 1.5393 10.8762
Pedestrian -1 -1 -0.5278 974.8003 193.4424 1027.4426 267.6455 1.5553 0.6583 0.7776 8.4248 2.0122 15.6533 -0.0340 -0.4019
Car -1 -1 1.8074 439.5048 179.2244 475.4072 202.1256 1.5937 1.6792 4.1462 -11.2817 2.0847 53.4723 1.5994 3.8770
Pedestrian -1 -1 -0.9673 115.5775 167.6140 144.9787 221.3346 2.0481 0.6322 0.7515 -18.5780 1.8487 27.8870 -1.5550 -0.7743
Car -1 -1 1.8849 419.7106 181.8740 460.3011 205.2150 1.4352 1.5792 3.5865 -11.2087 2.0544 47.6475 1.6539 3.4200
Car -1 -1 0.3485 261.0770 170.7605 330.4660 195.4036 1.5823 1.6154 3.8470 -20.5654 1.4482 47.2509 -0.0620 1.1922
Car -1 -1 2.3059 0.0000 186.1580 90.0179 248.5716 1.5812 1.6649 4.0478 -17.6789 2.0106 21.2095 1.6111 0.4412
Car -1 -1 -0.9043 641.4521 174.0367 694.5904 196.9148 1.5130 1.6403 3.8398 4.0136 1.5984 49.8851 -0.8240 -0.3699
