Car -1 -1 -1.5701 561.2253 170.2236 671.3299 279.6197 1.6552 1.6665 3.6739 0.0500 1.6158 12.7554 -1.5662 13.1683
Cyclist -1 -1 -2.0401 890.6640 166.6129 922.9042 206.9428 1.7202 0.5815 1.7402 12.9658 1.4544 31.6639 -1.6514 -0.5900
Pedestrian -1 -1 -0.4151 730.2346 165.3752 763.4736 216.2456 1.6628 0.6815 0.8867 4.5050 1.4187 24.0153 -0.2297 2.8233
Car -1 -1 -1.1767 835.4916 155.9584 1157.5119 343.6103 1.5591 1.6484 4.0759 4.3250 1.4190 7.9104 -0.6764 12.3603
Pedestrian -1 -1 -1.2400 343.7593 169.6617 356.9671 196.1092 1.8150 0.6569 0.7348 -17.9779 1.5963 49.8863 -1.5859 -0.1387
Car -1 -1 -1.1116 793.1070 174.2991 1007.0320 284.2916 1.4615 1.5697 3.9622 4.6937 1.4888 11.5360 -0.7252 10.1228
Car -1 -1 2.0971 0.0000 167.5082 146.5132 277.2131 1.6289 1.6670 4.1157 -10.2301 1.5499 12.8675 1.4254 9.9356
Car -1 -1 -1.5100 1090.4258 179.3516 1241.0000 374.0000 1.4826 1.5208 4.0097 4.5413 1.5426 4.7098 -0.7428 8.3480
Car -1 -1 1.6912 521.7657 171.3254 547.6449 190.5995 1.6042 1.6943 4.5201 -6.4857 1.4773 62.3255 1.5875 3.6452
Car -1 -1 -1.9457 870.8528 151.0778 911.7987 171.6021 1.4602 1.5615 3.7304 20.7516 -0.0956 53.4258 -1.5752 1.5407
Car -1 -1 0.3618 311.4527 162.7625 373.6051 185.7961 1.5856 1.6114 3.7512 -18.7109 0.8913 50.4860 0.0069 0.9150
Car -1 -1 1.7140 469.0965 177.5358 495.6710 196.2323 1.4990 1.6439 4.1046 -10.7676 1.9085 60.9654 1.5392 0.5581
Car -1 -1 -0.4630 451.4297 180.0041 519.1435 204.1872 1.4743 1.6209 4.0426 -8.1178 1.9581 46.9306 -0.6343 -0.8164
