Car -1 -1 -1.3486 932.8438 165.7511 1226.4946 374.0000 1.4606 1.5282 3.5602 4.4747 1.4121 6.7453 -0.7629 13.1650
Pedestrian -1 -1 -0.3229 663.4364 169.1582 689.8839 210.7800 1.6467 0.6853 0.8852 2.6311 1.5008 28.9784 -0.2324 2.9901
Car -1 -1 -1.5537 562.1030 174.4959 653.1529 261.9044 1.5571 1.6321 3.6619 -0.0729 1.5953 14.7608 -1.5586 12.7672
Pedestrian -1 -1 -0.2734 947.0891 153.2988 969.5207 189.5738 1.7399 0.6392 0.8375 16.8493 0.8023 34.9938 0.1753 0.3233
Car -1 -1 1.9141 140.5351 166.5127 271.5604 239.5564 1.6735 1.6584 4.1082 -10.3168 1.5286 18.6890 1.4097 12.7503
Pedestrian -1 -1 -2.4924 64.7875 166.1494 104.1842 227.4229 1.6056 0.5893 0.6175 -14.0290 1.4302 19.2040 -3.1233 0.0457
Car -1 -1 -0.9983 732.6637 165.2759 926.6148 258.9899 1.5577 1.6652 4.0158 4.2754 1.4321 13.9209 -0.7003 12.6409
Car -1 -1 2.1734 0.0000 177.4626 194.9972 275.3162 1.5182 1.6168 4.0231 -9.6956 1.6172 13.4131 1.5475 11.9832
Car -1 -1 -1.1688 798.1988 179.1199 1030.0960 302.2650 1.4271 1.6353 4.1109 4.5390 1.5368 10.5754 -0.7634 11.7044
Car -1 -1 -0.9410 714.4301 177.5618 871.0985 247.0337 1.4668 1.6007 4.0141 4.4272 1.5930 17.3853 -0.6917 3.3349
Car -1 -1 1.2541 839.2583 151.2600 874.0982 169.8798 1.4686 1.5839 3.8756 20.2642 -0.2528 59.4767 1.5825 0.8451
Car -1 -1 1.5785 601.3479 173.5415 618.6396 189.5462 1.4882 1.6124 4.2027 -0.0034 1.5567 69.3794 1.5784 0.7217
Car -1 -1 -0.5194 877.9347 154.0898 964.2344 189.3058 1.8077 1.6858 3.8559 16.3508 0.8449 38.0923 -0.1139 0.0078
Car -1 -1 -1.7059 634.9050 187.3362 665.8747 211.4745 1.4638 1.5613 3.7263 2.6167 2.4657 47.9767 -1.6514 -0.5698
