Car -1 -1 -1.5838 590.5974 176.2141 634.1660 220.4045 1.6568 1.6511 3.6387 0.0254 1.8015 29.1569 -1.5829 10.6878
Cyclist -1 -1 -0.1584 665.3073 173.8297 703.8646 208.2815 1.6266 0.7208 1.7409 3.5191 1.6742 34.4966 -0.0567 -0.2439
Pedestrian -1 -1 -1.3063 264.7694 171.6964 283.1383 206.8062 1.6980 0.6254 0.8154 -16.4961 1.6423 35.3471 -1.7430 0.1734
Car -1 -1 2.2569 0.0000 186.0160 112.5967 299.7905 1.5551 1.6700 4.2412 -10.9181 1.8228 12.5023 1.5391 9.7688
Cyclist -1 -1 1.8250 396.1360 156.5996 411.8724 183.1768 1.6727 0.5671 1.6820 -13.2294 0.6501 46.2574 1.5464 -0.8246
Pedestrian -1 -1 -1.8844 848.3504 159.4495 877.0696 219.5038 1.7699 0.6441 0.6392 7.5089 1.3752 21.5885 -1.5496 -0.2295
Car -1 -1 -0.8554 662.1030 177.1129 737.7797 208.3497 1.4468 1.5648 3.8831 4.4635 1.6697 35.8091 -0.7314 7.5321
Pedestrian -1 -1 -0.4551 814.1573 161.0960 842.1984 209.6364 1.7402 0.6500 0.7683 7.8890 1.3191 26.2484 -0.1631 -0.5269
Car -1 -1 1.8469 385.1986 179.0591 437.5312 210.7037 1.6080 1.6692 4.2767 -10.8741 1.9678 39.6484 1.5792 6.1011
Car -1 -1 -0.8059 642.1996 179.0913 709.8303 205.3120 1.4501 1.6149 4.0854 3.9145 1.8372 42.7776 -0.7146 4.8228
Car -1 -1 1.9515 346.7754 180.7048 410.4982 215.6338 1.5185 1.5930 3.7491 -10.9129 1.9116 34.1587 1.6422 4.6744
Car -1 -1 -1.3692 171.3653 157.3023 199.1719 173.1495 1.4382 1.5717 3.4954 -39.6517 0.0272 67.3887 -1.9011 2.0955
Car -1 -1 -1.0452 656.7456 174.2289 717.2154 205.7302 1.6280 1.6183 3.7655 4.2178 1.7073 39.4573 -0.9387 1.2103
Car -1 -1 1.9156 290.6145 160.6441 330.9356 184.8949 1.7318 1.6051 3.6896 -22.1231 0.8602 53.4051 1.5229 -0.5441
