Car -1 -1 2.0438 104.9336 189.6012 312.3900 299.3457 1.4759 1.5520 3.5413 -6.4906 1.7972 12.0337 1.5491 14.2107
Cyclist -1 -1 1.6624 538.2524 176.0442 547.2352 197.2818 1.6825 0.5713 1.6931 -5.4499 1.9442 58.2613 1.5691 0.3745
Pedestrian -1 -1 0.6077 1082.5594 140.0215 1241.0000 374.0000 1.7049 0.6338 0.8625 2.6647 1.5831 3.1814 1.3049 0.6046
Car -1 -1 -0.9255 694.1375 170.9894 822.7791 225.1355 1.4860 1.6268 4.1629 4.5044 1.4352 21.7848 -0.7216 13.4872
Pedestrian -1 -1 -1.7574 1120.3682 175.2932 1144.2988 220.8221 1.6752 0.6227 0.6066 19.4953 1.7682 26.9968 -1.1319 -0.5183
Car -1 -1 -1.1251 793.7178 171.3485 1024.3155 289.5215 1.4867 1.6583 4.0631 4.6419 1.4681 11.0446 -0.7272 12.4228
Pedestrian -1 -1 1.4056 879.0435 124.6926 912.0712 198.9466 1.7165 0.6152 0.7205 6.7067 0.6035 17.0926 1.7795 -0.6948
Car -1 -1 -1.5906 590.2920 172.3571 635.8059 218.3199 1.6637 1.6488 3.5572 0.0340 1.6460 27.9074 -1.5894 11.8295
Car -1 -1 -1.2955 915.9819 174.5590 1200.3403 362.6799 1.4617 1.5719 3.4674 4.6441 1.4837 7.3801 -0.7339 11.2053
Car -1 -1 -0.9399 663.6873 175.1592 759.2926 214.3668 1.4223 1.6330 4.0922 4.0187 1.5200 28.4470 -0.7995 10.1949
Car -1 -1 1.6927 469.4373 179.4269 503.3775 205.1346 1.4477 1.5802 3.6893 -7.4359 1.8612 43.4719 1.5233 8.7259
Car -1 -1 1.8042 422.2290 174.8393 464.2810 199.9922 1.6102 1.7296 4.7390 -11.2709 1.7517 48.9370 1.5778 8.3307
Car -1 -1 -0.9781 641.1521 164.9247 712.6074 199.4821 1.9513 1.8369 4.9011 4.0377 1.5039 43.2173 -0.8849 6.8885
Car -1 -1 1.8175 399.6899 174.1081 435.7276 195.6523 1.6339 1.7136 4.5118 -15.2258 1.7377 57.2484 1.5576 4.0930
Car -1 -1 -1.9533 895.0502 151.7875 960.2723 184.9455 1.7470 1.7641 4.5133 17.6031 0.6374 40.2954 -1.5415 -0.4266
Car -1 -1 -0.6516 1157.7755 160.8710 1241.0000 202.9100 1.9423 1.7922 4.7125 29.1206 1.3890 34.3506 0.0516 -0.4484
Car -1 -1 -1.2866 316.5143 164.3016 347.9645 181.5518 1.4623 1.5901 3.7122 -24.2619 0.7376 63.0753 -1.6538 -0.5632
