Car -1 -1 -1.5703 585.9026 170.9274 662.4443 246.8488 1.6453 1.6599 3.5820 0.2868 1.6039 17.4387 -1.5538 12.7025
Cyclist -1 -1 1.7690 463.4767 174.8680 488.3458 221.1983 1.6594 0.5900 1.6811 -5.0023 1.7368 26.7582 1.5842 0.0621
Pedestrian -1 -1 1.5500 468.5430 173.6202 486.9734 219.9658 1.6853 0.6523 0.8592 -4.9490 1.7146 26.7379 1.3670 0.9542
Car -1 -1 -1.0269 697.6367 168.4352 844.2234 235.9821 1.5670 1.6938 4.4373 4.2754 1.4648 18.9219 -0.8047 11.4808
Cyclist -1 -1 2.0639 161.1247 154.6113 189.6847 186.6063 1.7713 0.5948 1.8238 -24.6339 0.7617 40.8682 1.5214 -0.0038
Pedestrian -1 -1 -0.7157 1104.0029 183.4760 1241.0000 374.0000 1.7541 0.6295 0.8252 3.2971 1.8178 3.9784 -0.0236 0.3008
Car -1 -1 -1.1638 762.3242 128.5858 1006.6256 286.5335 1.9999 1.8049 4.9272 4.5185 1.4397 11.5182 -0.7899 10.5853
Car -1 -1 2.1934 53.0539 178.4606 245.4675 257.3720 1.6348 1.6536 4.4105 -10.9511 1.7888 17.5187 1.6347 9.2088
Car -1 -1 -3.7606 1085.4077 180.7348 1234.7205 221.5892 1.4650 1.6335 4.3141 20.5199 1.7709 27.0901 -3.1123 7.1918
Car -1 -1 2.0413 110.6373 140.1079 373.7384 283.3907 2.3814 2.0922 6.5534 -7.2559 1.8375 15.2934 1.5983 6.9245
Car -1 -1 -1.5186 1125.4874 155.5045 1241.0000 374.0000 1.5926 1.6253 3.9877 4.8399 1.5261 4.7047 -0.7190 6.4640
Car -1 -1 -0.8694 665.0207 170.3197 744.9679 203.5781 1.5887 1.6741 4.2347 4.8140 1.4680 36.5084 -0.7383 5.8068
Car -1 -1 1.9363 427.1260 176.7182 475.1241 202.2238 1.5582 1.6436 4.2431 -10.3087 1.8220 46.9717 1.7203 4.3234
Car -1 -1 -0.8525 654.0974 171.7520 710.3435 196.3593 1.5487 1.5976 3.7457 4.7281 1.4797 47.2725 -0.7528 3.5336
Car -1 -1 -0.9500 645.0007 173.1825 695.8309 194.3390 1.5168 1.5858 4.2944 4.5298 1.5427 53.9451 -0.8662 2.7550
Car -1 -1 1.9515 484.2087 175.4284 520.2204 193.8181 1.5502 1.6490 4.3556 -9.5004 1.7864 63.7774 1.8036 0.6761
Car -1 -1 -0.7003 650.9133 154.5089 699.1008 173.1193 1.4947 1.5818 3.8615 5.3712 0.0217 59.7038 -0.6106 -0.6527
