Car -1 -1 2.0814 123.4483 184.7220 282.1790 255.5125 1.5826 1.6884 4.4277 -10.5795 1.9335 19.0896 1.5753 14.5384
Pedestrian -1 -1 1.1435 904.2698 177.8849 922.8565 212.4618 1.6724 0.6278 0.6437 14.8198 1.9213 35.3228 1.5407 0.2346
Car -1 -1 -1.0408 745.6786 172.2448 906.7475 255.3525 1.5220 1.5535 3.7059 4.5345 1.5112 15.0412 -0.7480 11.2152
Pedestrian -1 -1 2.1770 939.9609 184.6424 957.9310 216.2304 1.6811 0.6140 0.6635 18.3555 2.3282 39.1510 2.6154 0.1168
Car -1 -1 -1.5652 594.1078 177.6589 636.1118 219.5883 1.6265 1.6539 3.5847 0.1790 1.8399 30.2006 -1.5593 11.1420
Car -1 -1 -1.0509 691.7250 179.6474 805.7212 233.8709 1.4599 1.6093 4.0549 4.2640 1.6869 22.0017 -0.8594 10.1480
Car -1 -1 2.2581 0.0000 192.9277 150.9126 291.8840 1.5181 1.5433 3.5394 -10.6195 1.9461 13.5791 1.5944 10.0574
Car -1 -1 -0.9778 729.6431 175.3051 866.2141 243.4102 1.5720 1.5948 3.7349 4.8612 1.6418 18.6165 -0.7223 8.1486
Car -1 -1 -0.9263 672.0155 174.4526 779.3007 223.7426 1.5919 1.6462 4.0204 4.0898 1.6529 25.4162 -0.7667 7.8905
Car -1 -1 -0.8270 660.9730 171.6791 750.0140 212.3584 1.7289 1.6786 4.0694 4.3171 1.6793 32.6111 -0.6954 3.6213
Car -1 -1 -1.0051 643.2786 177.1818 689.4615 197.6253 1.5395 1.6301 4.2751 4.5037 1.8977 57.4613 -0.9269 2.0057
Car -1 -1 -2.3568 898.0564 177.3123 974.8134 205.8939 1.5123 1.5919 4.0202 18.4359 1.7795 41.0118 -1.9343 1.8826
Car -1 -1 -0.9392 665.6301 175.0477 736.4121 206.9574 1.6572 1.6279 4.3538 5.0490 1.7854 39.9054 -0.8134 1.3051
Car -1 -1 -1.0156 635.4846 172.2956 670.2843 188.6093 1.5734 1.6240 3.9293 4.2706 1.5199 71.6595 -0.9561 1.2526
Car -1 -1 -0.8833 648.3857 177.5208 700.0573 200.1398 1.4910 1.5869 3.7139 4.4683 1.8284 50.2172 -0.7946 0.9099
