Car -1 -1 -1.0959 735.1068 175.7124 919.6092 262.2697 1.3897 1.6057 4.2375 4.2282 1.4530 13.7972 -0.7986 13.6440
Pedestrian -1 -1 1.2398 715.5905 170.7713 746.4532 230.1765 1.6810 0.6393 0.8450 3.4486 1.6224 20.8849 1.4034 -0.1733
Car -1 -1 -1.5807 593.1093 174.3572 644.7757 225.3592 1.6059 1.6344 3.6011 0.2365 1.6613 24.6230 -1.5711 13.5775
Pedestrian -1 -1 2.7166 396.3154 178.4870 416.3962 213.0398 1.6814 0.6289 0.7663 -10.1299 1.9647 35.7544 2.4405 -0.3192
Car -1 -1 -1.2903 893.8370 163.7503 1233.6003 374.0000 1.5748 1.6751 4.2452 4.5871 1.5112 7.0949 -0.7164 13.2823
Pedestrian -1 -1 -2.8155 359.3074 160.4559 378.7270 192.7250 1.7128 0.6176 0.8322 -12.9267 1.0551 38.6054 -3.1386 -0.4006
Car -1 -1 2.1840 0.0000 203.0907 227.4912 362.9974 1.4670 1.5977 3.8268 -6.7577 1.9367 9.2715 1.5541 12.4119
Car -1 -1 -0.9887 668.0202 162.5289 772.7805 215.5413 1.9155 1.7928 4.6878 4.3870 1.5428 28.4077 -0.8355 10.2495
Car -1 -1 1.9056 343.1286 177.8642 415.1744 217.3911 1.7141 1.7804 4.8018 -10.9032 1.9696 34.3255 1.5980 9.4399
Car -1 -1 -1.0277 721.2874 177.8363 868.0671 244.2041 1.4077 1.6221 4.0116 4.5358 1.5432 17.5828 -0.7753 8.5647
Car -1 -1 -0.9972 713.6887 169.8242 838.4888 232.4783 1.7074 1.6839 4.1318 5.0217 1.6252 21.7022 -0.7698 6.3719
Car -1 -1 1.8543 393.0130 181.7805 442.4595 211.0044 1.5111 1.6268 4.0219 -10.7797 2.0386 40.5764 1.5946 6.2728
Car -1 -1 -0.8772 655.1245 176.1432 734.6358 208.1654 1.4709 1.6164 4.1455 4.1925 1.6425 35.5664 -0.7598 5.3527
Car -1 -1 1.8936 326.5408 179.6366 376.8941 207.4513 1.5158 1.6019 3.9723 -15.1062 1.9327 42.2980 1.5506 4.2906
