Car -1 -1 2.0968 107.6763 172.9749 276.3468 249.8176 1.7957 1.7678 4.6402 -10.8986 1.7996 19.1940 1.5804 12.6445
Cyclist -1 -1 1.7245 474.2070 173.6243 494.7623 216.3154 1.6297 0.5549 1.6413 -4.9709 1.6612 28.3964 1.5512 3.6474
Pedestrian -1 -1 1.6912 477.3019 174.9652 495.2711 218.7932 1.6992 0.6075 0.8007 -4.9117 1.7839 28.4260 1.5201 -0.7211
Car -1 -1 -1.5832 588.9566 172.0563 661.1549 241.4294 1.5702 1.6344 3.7012 0.2983 1.5525 18.1826 -1.5668 12.0174
Car -1 -1 -1.0411 692.2848 166.0541 827.2063 229.4501 1.6133 1.7181 4.5225 4.3335 1.4407 20.6113 -0.8339 12.0126
Car -1 -1 -1.1356 750.9186 135.8140 957.4281 264.5721 1.9618 1.7811 4.6621 4.5967 1.3978 13.2862 -0.8026 11.6358
Car -1 -1 -1.4146 988.5836 144.8984 1241.0000 374.0000 1.6104 1.6440 3.8489 4.8842 1.4365 6.4195 -0.7642 10.7629
Car -1 -1 1.9281 270.7587 138.8048 431.4599 245.7788 2.6420 2.1547 6.7430 -7.2882 1.8014 21.2163 1.5972 7.6029
Car -1 -1 -0.8215 665.2427 169.3582 738.8984 199.9251 1.5300 1.6333 3.8934 4.8424 1.3553 37.9858 -0.6947 7.0159
Car -1 -1 1.8401 434.6765 174.7360 475.9059 198.4956 1.5205 1.6544 4.2293 -10.4081 1.6534 48.6733 1.6294 6.7808
Car -1 -1 -0.7693 653.1240 169.9581 709.8763 192.4979 1.4686 1.5944 3.7753 4.8282 1.2802 48.8060 -0.6707 2.8241
Car -1 -1 1.5848 609.2740 158.8964 627.2276 175.3961 1.4827 1.6095 4.1368 0.7718 0.2288 66.9254 1.5964 2.3006
Car -1 -1 -0.8520 646.3336 172.2262 695.7601 192.7404 1.5213 1.6045 3.9151 4.6918 1.4751 55.4425 -0.7676 1.0968
Car -1 -1 2.1224 227.9896 161.8038 290.0893 187.5419 1.4744 1.5784 3.8323 -21.0255 0.8418 43.3166 1.6705 -0.4019
Car -1 -1 1.8591 490.2991 173.0937 522.3681 190.1780 1.4889 1.6756 4.4526 -9.3515 1.5117 65.2679 1.7168 -0.5446
