Car -1 -1 2.0849 132.5281 178.7863 277.6659 250.0200 1.6758 1.6379 3.9536 -10.6742 1.8511 19.2861 1.5794 12.4068
Cyclist -1 -1 1.6900 440.8785 173.1746 465.2797 229.9182 1.6686 0.5364 1.6882 -4.8365 1.6791 22.0901 1.4745 0.8032
Pedestrian -1 -1 -2.0762 439.3775 174.2701 472.5449 229.2736 1.6490 0.6612 0.8645 -4.7888 1.6940 22.2002 -2.2887 1.1830
Car -1 -1 -1.0922 743.2029 167.8270 916.8438 254.7065 1.4739 1.5685 4.0744 4.4000 1.3889 14.2391 -0.7925 12.0268
Car -1 -1 -1.6064 588.4083 173.1023 677.2332 260.6628 1.6087 1.6353 3.6485 0.3456 1.6149 15.0983 -1.5835 11.2779
Car -1 -1 1.9648 275.6247 181.7283 369.1472 226.1177 1.4395 1.6366 4.3403 -10.4496 1.7921 26.4530 1.5886 10.6082
Car -1 -1 2.2766 0.0000 177.6243 146.1774 294.8169 1.7616 1.7184 4.2116 -10.7427 1.8629 13.1392 1.5913 10.4302
Car -1 -1 -1.3623 892.2039 94.3005 1239.7433 374.0000 2.0236 1.8310 4.6887 4.5922 1.5150 6.9718 -0.7798 10.2225
Car -1 -1 -1.0083 682.6325 170.6115 764.3952 207.5781 1.5239 1.6414 4.0750 5.0216 1.4318 31.8161 -0.8517 7.4314
Car -1 -1 1.8058 415.1913 177.0239 461.7919 204.3126 1.5030 1.7076 4.3583 -10.0869 1.7621 42.5862 1.5733 4.9116
Car -1 -1 -0.8308 664.7937 170.6641 725.4118 198.6318 1.5894 1.5749 3.5685 5.0345 1.4653 42.7643 -0.7136 4.5836
Car -1 -1 2.3873 1177.4346 183.6341 1241.0000 234.0698 1.4924 1.6490 4.4038 20.5449 1.8429 22.5741 3.1257 4.1406
Car -1 -1 -0.8878 655.1943 171.9089 711.1098 196.0344 1.5782 1.6228 4.0166 4.9906 1.5167 49.1921 -0.7867 1.9839
Car -1 -1 1.8266 444.6658 173.3036 483.2102 200.0584 1.7468 1.6414 3.9027 -9.9328 1.7791 49.1685 1.6273 1.8497
Car -1 -1 1.8389 434.1224 158.6443 461.5667 174.1556 1.4861 1.6178 4.0932 -15.9823 0.1251 71.2100 1.6181 -0.1087
