Car -1 -1 -1.2216 856.1674 159.6468 1163.7378 371.5135 1.7082 1.6297 3.8248 4.3347 1.6020 7.6769 -0.7076 13.2079
Cyclist -1 -1 1.6907 542.8026 178.2892 551.8884 198.1417 1.6776 0.5882 1.6610 -5.4240 2.1534 62.2688 1.6038 -0.8417
Pedestrian -1 -1 0.9960 1036.9460 152.7117 1053.1341 182.8524 1.7313 0.5886 0.5657 25.1284 0.5747 41.7361 1.5379 -0.8458
Car -1 -1 1.8649 335.4726 186.2656 426.5885 244.1412 1.4671 1.5495 3.5366 -6.5639 1.8887 20.8868 1.5605 13.0418
Car -1 -1 -0.9931 742.2847 174.6421 921.6387 259.6477 1.5386 1.6347 4.0361 4.6637 1.5811 15.0558 -0.6927 12.1574
Car -1 -1 -1.5826 592.6975 176.0332 636.7688 220.4533 1.6199 1.6237 3.6600 0.1169 1.7535 28.4089 -1.5785 11.1401
Car -1 -1 -0.8842 681.2771 174.7724 786.1679 221.2733 1.5314 1.6013 3.8765 4.4267 1.6053 25.7888 -0.7142 10.7759
Car -1 -1 1.7730 438.4997 176.1954 475.8413 200.2914 1.6711 1.7568 4.8239 -11.2178 1.9287 53.1244 1.5649 7.6401
Car -1 -1 -1.0901 803.1145 178.2416 1006.4131 292.6092 1.5101 1.5341 3.4784 4.6777 1.6083 11.3927 -0.7005 6.9941
Car -1 -1 -0.8621 657.2341 179.3533 743.4612 213.8659 1.4249 1.6249 4.0231 4.0718 1.7354 32.4769 -0.7374 6.3366
Car -1 -1 -1.4838 1064.8666 178.6807 1241.0000 374.0000 1.4886 1.5824 3.9000 4.2239 1.5386 4.2812 -0.7051 6.2776
Car -1 -1 -0.8763 640.1102 168.2082 708.9183 199.0334 1.9109 1.7982 4.8277 4.2290 1.6232 47.0698 -0.7867 5.9525
Car -1 -1 1.7757 412.7502 178.3429 442.2864 196.8588 1.4773 1.6589 3.8632 -15.3332 1.9543 60.6943 1.5282 4.7532
Car -1 -1 1.7075 493.3256 180.4341 522.7316 201.9242 1.4860 1.6241 3.9861 -7.5190 2.0673 53.2951 1.5674 4.5824
Car -1 -1 -0.6335 1107.8721 163.7893 1217.1802 196.9703 1.7264 1.7343 4.4656 29.3371 1.2551 38.4456 0.0183 3.2515
Car -1 -1 1.5137 670.2529 154.9230 691.9134 173.4483 1.4928 1.5641 4.0452 5.8764 0.0482 60.1931 1.6110 -0.0137
