Car -1 -1 1.9170 310.0037 181.7315 388.9746 225.5967 1.6183 1.6675 4.3681 -10.6416 2.0108 29.6867 1.5728 11.4616
Cyclist -1 -1 1.4843 670.4027 162.1040 678.4640 179.9520 1.7131 0.6291 1.7613 6.2411 0.6816 70.1322 1.5731 -0.5858
Pedestrian -1 -1 -0.6827 947.0538 151.8511 1002.2967 233.9650 1.7899 0.6483 0.8943 8.0996 1.3325 16.1384 -0.2176 1.1845
Car -1 -1 -1.5824 593.1713 178.7281 635.2869 220.2447 1.6014 1.6560 3.7382 0.1089 1.8632 30.2353 -1.5788 10.8122
Cyclist -1 -1 1.8730 343.2683 150.0446 365.1381 184.3035 1.6871 0.5614 1.6989 -12.9265 0.5642 36.3903 1.5317 -0.6850
Car -1 -1 2.0476 235.4556 187.2350 338.3455 236.9390 1.4552 1.5789 3.7887 -10.7424 1.9761 24.1800 1.6295 9.3722
Car -1 -1 -0.9050 687.3367 177.0782 786.5476 223.5409 1.5203 1.5632 3.6537 4.5279 1.6819 25.7355 -0.7308 9.3003
Car -1 -1 -0.9604 661.1008 178.9960 741.6063 215.3006 1.5049 1.6084 3.9994 4.1419 1.8001 32.6118 -0.8341 6.4565
Car -1 -1 -0.8880 679.0241 177.8309 767.5080 217.5357 1.4896 1.5334 3.7515 4.6075 1.7050 29.3486 -0.7323 5.5406
Car -1 -1 -0.7787 653.4382 177.4533 734.1085 213.3271 1.6647 1.6624 3.9516 4.1538 1.9054 35.8303 -0.6633 3.2075
Car -1 -1 1.3010 794.1737 183.2363 831.6895 205.1054 1.4627 1.6188 3.8981 14.5646 2.2404 52.0628 1.5738 1.0509
Car -1 -1 -1.7689 656.5316 158.3391 680.4504 173.6197 1.4778 1.6095 4.0255 5.7790 0.0744 71.8728 -1.6886 -0.2295
