Car -1 -1 -1.2977 841.8330 150.3782 1109.1208 350.7329 1.6614 1.6213 3.8068 4.1151 1.4754 7.9243 -0.8187 12.5475
Cyclist -1 -1 0.1759 454.8525 168.7696 475.3058 188.0549 1.7172 0.5675 1.7216 -12.9810 1.3539 64.5474 -0.0225 -0.1221
Pedestrian -1 -1 -0.2630 765.4589 171.7360 826.2845 284.7198 1.6468 0.6310 0.7436 2.7257 1.6308 10.8355 -0.0165 -0.3918
Car -1 -1 -1.0028 730.7054 166.4448 904.1839 254.9907 1.6274 1.6401 3.9418 4.3955 1.5100 15.1754 -0.7208 11.3516
Pedestrian -1 -1 -0.3589 813.6427 171.0348 874.5042 275.6707 1.6741 0.6149 0.7847 3.7862 1.6453 11.8677 -0.0500 -0.5274
Car -1 -1 -1.5727 592.8854 173.9963 636.7360 215.7251 1.5659 1.6519 3.7531 0.1435 1.6152 29.0547 -1.5678 10.8418
Pedestrian -1 -1 -0.1572 717.9239 171.7431 753.2309 238.9971 1.6709 0.6274 0.7892 3.1188 1.6436 18.2416 0.0121 -0.7229
Car -1 -1 -1.1186 767.8853 176.3695 976.7767 287.0198 1.4716 1.6035 3.9314 4.2997 1.5382 11.6567 -0.7652 9.7735
Pedestrian -1 -1 -0.8479 742.8830 168.5430 794.7124 258.9446 1.6874 0.6225 0.7743 3.0177 1.6073 13.9457 -0.6348 -0.7253
Car -1 -1 -0.9157 696.5220 172.6438 822.1233 226.4004 1.5283 1.6399 4.1568 4.6724 1.5227 22.4885 -0.7108 9.6133
Car -1 -1 1.7561 458.4032 179.7121 503.1257 211.5791 1.5085 1.5879 3.7294 -6.5767 1.8767 36.8289 1.5793 9.5935
Car -1 -1 -0.8646 665.0900 172.3253 750.7844 207.7680 1.5319 1.6487 4.0817 4.5058 1.5094 33.1583 -0.7295 8.1707
Car -1 -1 -1.5859 1073.8819 181.7823 1241.0000 374.0000 1.4646 1.6155 4.2529 4.2405 1.5479 4.5801 -0.8390 6.7083
Car -1 -1 -0.9571 651.5511 174.6516 721.0303 203.3167 1.4869 1.6484 4.2875 4.2299 1.5920 39.8515 -0.8514 4.8896
Car -1 -1 -0.9417 638.6266 166.3976 695.0155 194.0337 1.9949 1.8175 4.7148 4.3096 1.5292 54.4641 -0.8627 4.0773
Car -1 -1 1.8174 461.2944 174.0613 494.4654 193.9618 1.5971 1.7247 4.3410 -11.0343 1.7023 60.3976 1.6367 3.3065
Car -1 -1 -0.9387 718.6522 177.8642 863.1652 241.5506 1.4798 1.6339 4.0052 4.7736 1.6251 18.9694 -0.6922 2.6503
Car -1 -1 1.4018 877.3242 150.4063 908.2791 169.9707 1.4751 1.6230 4.0250 22.3346 -0.2366 57.1619 1.7743 1.7978
Car -1 -1 1.7900 438.4936 176.6738 464.0159 193.1009 1.4946 1.5762 3.8043 -15.0414 1.8673 68.4349 1.5737 1.2414
