Car -1 -1 -1.5798 591.8930 171.3913 640.2371 219.4195 1.6411 1.6521 3.6636 0.1569 1.5915 26.4860 -1.5739 12.7335
Cyclist -1 -1 1.4040 691.9518 152.4809 707.0656 180.2542 1.7499 0.6728 1.7948 5.7119 0.4666 46.3703 1.5266 -0.4691
Pedestrian -1 -1 -0.2565 748.7826 171.8194 798.9712 267.9254 1.6804 0.6045 0.7461 2.8752 1.6627 12.9295 -0.0377 -0.1048
Car -1 -1 -0.9847 690.9029 174.8019 819.4506 231.5700 1.4493 1.6170 4.0534 4.1668 1.5106 20.5606 -0.7848 12.5667
Cyclist -1 -1 1.8904 526.6248 175.5896 541.6990 199.7953 1.6516 0.5580 1.6444 -5.3070 1.8458 50.2854 1.7852 -0.8190
Car -1 -1 -1.0415 750.3411 170.2625 937.0699 259.6167 1.4699 1.6075 3.9610 4.5057 1.4276 13.7822 -0.7255 12.4954
Car -1 -1 1.8202 364.8703 183.0988 442.7471 230.1548 1.4335 1.6203 4.1070 -7.0650 1.8177 24.9559 1.5443 11.5760
Car -1 -1 -0.9726 651.3257 159.6536 742.7923 205.0846 2.0553 1.8687 5.1159 4.2895 1.4585 35.1793 -0.8512 9.8776
Car -1 -1 1.9408 365.5779 176.8431 407.1309 199.2899 1.4390 1.5314 3.4576 -15.0665 1.7183 48.6637 1.6406 5.8576
Car -1 -1 1.8771 388.4677 173.5446 440.0822 203.4919 1.6115 1.6744 4.0924 -11.0855 1.6531 41.0003 1.6130 4.5726
Car -1 -1 -0.9408 684.3577 174.5022 791.8728 223.8763 1.5149 1.6071 3.8134 4.3007 1.5748 24.1619 -0.7646 3.3932
Car -1 -1 1.7992 423.4040 177.1112 461.9645 202.2773 1.5569 1.6173 3.9126 -10.9368 1.8476 47.2532 1.5717 2.3447
Car -1 -1 -0.8885 646.3607 173.7531 712.4724 200.8397 1.5084 1.5881 4.1729 4.0837 1.5640 42.3559 -0.7923 1.4544
