Car -1 -1 -1.0309 715.8830 171.4419 879.4386 249.6009 1.5874 1.6990 4.3063 4.4128 1.5591 16.7640 -0.7735 12.2527
Pedestrian -1 -1 -1.3608 456.0426 174.3728 480.0768 226.1800 1.7344 0.6344 0.8938 -4.8833 1.7876 24.6309 -1.5566 2.1329
Car -1 -1 -1.2317 811.1795 124.3751 1090.7843 320.6339 1.9414 1.7959 4.6985 4.5958 1.4622 9.4230 -0.7779 11.9630
Car -1 -1 2.0399 188.0411 180.9871 312.6646 244.5251 1.6929 1.6733 4.1383 -10.7522 1.9628 21.8323 1.5823 11.7224
Car -1 -1 -1.5873 587.3420 173.0146 669.8703 254.8750 1.6495 1.6640 3.8253 0.3309 1.6540 16.4595 -1.5672 11.5260
Car -1 -1 1.9309 304.2771 183.7471 382.9223 226.1464 1.5063 1.6225 3.9981 -10.5189 1.9697 28.6668 1.5793 7.9856
Car -1 -1 -3.8275 1128.6672 183.6445 1241.0000 227.6174 1.4456 1.6196 4.2373 20.5881 1.8312 24.9383 -3.1374 7.1823
Car -1 -1 -0.8559 675.1700 172.5582 761.0844 208.0839 1.5903 1.6801 4.2290 5.1467 1.5774 34.3092 -0.7070 6.3912
Car -1 -1 1.8267 425.5314 181.6640 469.0566 207.7095 1.4944 1.6547 4.1136 -10.0947 2.0684 44.8908 1.6055 3.1445
Car -1 -1 -0.9374 648.6960 174.4940 698.0875 195.7910 1.4615 1.5965 3.7913 4.5504 1.5839 51.7626 -0.8497 2.8773
Car -1 -1 1.5916 609.2565 164.3244 628.7002 181.6466 1.4844 1.6386 4.1852 0.8028 0.7538 63.9471 1.6041 2.6019
Car -1 -1 -0.9658 660.2559 174.6272 716.9339 200.4365 1.5410 1.6068 3.9055 4.9460 1.6578 45.3564 -0.8572 2.5139
Car -1 -1 1.8426 401.1060 180.0203 438.1931 201.0931 1.4805 1.6360 4.1691 -14.2758 2.0401 54.2115 1.5851 1.3618
Car -1 -1 1.6228 555.2978 171.8833 581.3196 195.0804 1.5806 1.6366 4.0596 -2.9502 1.5148 51.1963 1.5652 0.1486
Car -1 -1 2.3125 0.0000 124.7638 175.9541 374.0000 2.1606 1.9475 5.7380 -7.2756 1.8468 7.5995 1.5489 -0.1560
