Car -1 -1 2.1738 9.3283 183.1005 223.8671 271.0676 1.6069 1.6849 4.3819 -10.5968 1.8643 15.8940 1.5858 14.5158
Pedestrian -1 -1 -1.0864 118.1983 164.9502 150.2145 214.3209 1.7112 0.6824 0.7257 -16.7875 1.4376 25.4014 -1.6704 -0.2206
Car -1 -1 -1.1313 793.5341 167.0507 985.3109 281.5416 1.5840 1.5794 3.4743 4.5810 1.5041 11.7486 -0.7595 12.6172
Car -1 -1 -1.5641 594.7304 176.4995 635.7196 217.5998 1.5931 1.6070 3.4798 0.1844 1.7540 30.0259 -1.5579 11.4514
Car -1 -1 -1.0477 703.1291 177.7933 842.9004 242.5497 1.4609 1.6297 4.2377 4.2748 1.6038 18.7044 -0.8230 10.0477
Car -1 -1 -1.0124 686.7230 172.3894 803.8864 231.5066 1.6501 1.6352 4.0612 4.1903 1.6375 22.1837 -0.8257 9.3459
Car -1 -1 -1.0103 751.8886 173.0796 923.0405 255.5694 1.5359 1.6200 3.9389 4.8620 1.5416 15.3333 -0.7032 8.5967
Car -1 -1 -0.8278 672.5711 171.3391 772.6109 216.2187 1.6946 1.6435 4.1187 4.5543 1.6378 29.1680 -0.6729 4.5101
Car -1 -1 -0.8012 665.1124 176.0119 746.5978 208.0090 1.5133 1.6057 4.2066 4.8417 1.6816 36.4385 -0.6691 3.0055
Car -1 -1 -0.9291 641.6086 175.6273 692.6993 196.6176 1.4947 1.6125 4.2179 4.2921 1.7109 54.0517 -0.8499 2.6879
Car -1 -1 -0.6033 653.4609 177.4509 718.2462 201.5110 1.4890 1.6191 3.9766 4.9155 1.7991 46.9490 -0.4989 2.5004
Car -1 -1 -1.7903 959.7953 167.9790 996.2454 188.6788 1.4767 1.5781 3.9722 27.2544 1.1293 53.5902 -1.3199 2.1530
Car -1 -1 1.6933 529.2460 180.6864 550.8797 197.4379 1.4718 1.5570 3.7458 -6.4910 2.2207 67.0556 1.5968 0.7830
Car -1 -1 -2.0166 955.0256 161.5779 995.8536 179.6465 1.4682 1.5543 3.8263 30.5943 0.5523 60.5567 -1.5487 -0.3162
Car -1 -1 -1.0671 683.4031 175.9597 778.2617 223.9584 1.5658 1.6065 4.0364 4.3624 1.6866 25.8853 -0.9002 -0.3320
Car -1 -1 -0.9880 99.8939 159.0088 218.9047 202.0019 1.5130 1.6611 4.4975 -17.1352 1.0261 27.6605 -1.5426 -0.8211
