Car -1 -1 1.8934 307.1174 184.7357 411.4523 244.5740 1.4608 1.6007 3.9608 -6.9887 1.8296 20.3872 1.5631 13.5775
Pedestrian -1 -1 -0.1296 696.2840 167.7022 723.7036 223.4340 1.6380 0.6208 0.7343 2.9295 1.4869 21.5158 0.0057 -0.4700
Car -1 -1 -1.0809 773.5098 170.6563 991.8851 280.0912 1.4949 1.5945 4.0825 4.5171 1.4652 11.7937 -0.7151 12.9867
Car -1 -1 -1.5833 592.5322 170.9658 641.9039 220.4055 1.6566 1.6548 3.7424 0.1870 1.5937 26.0504 -1.5761 12.0751
Car -1 -1 -0.9511 699.5267 174.4309 846.9882 237.8675 1.4485 1.6328 4.0686 4.2211 1.4936 18.5322 -0.7272 11.6968
Car -1 -1 1.8651 378.3659 173.7281 434.2427 207.6077 1.7295 1.7216 4.3744 -11.0048 1.7800 39.1491 1.5910 9.3040
Car -1 -1 -0.9779 656.1654 160.1611 748.8690 205.3189 1.9247 1.8175 4.8661 4.2936 1.3841 33.1770 -0.8492 8.2593
Car -1 -1 1.8165 415.3594 177.2872 456.4096 202.6566 1.5038 1.6019 3.9471 -10.9422 1.7956 45.4408 1.5802 6.4173
Car -1 -1 -0.8301 647.3140 171.8289 721.5068 200.3757 1.5125 1.6177 4.3364 4.1612 1.4585 40.2718 -0.7272 6.3690
Car -1 -1 -1.0436 695.6088 172.3082 808.3386 225.8114 1.5153 1.6229 4.0618 4.4572 1.5002 22.4921 -0.8480 5.4488
Car -1 -1 1.7475 487.0260 176.4953 511.5256 192.8532 1.4863 1.6292 3.9539 -10.4879 1.8421 68.4411 1.5954 1.9975
Car -1 -1 1.3648 99.0575 180.1488 147.4563 207.5013 1.4721 1.5814 3.7498 -28.1927 1.9130 41.7019 0.7703 1.7722
Car -1 -1 1.6598 532.0149 171.6471 551.3771 186.9201 1.4799 1.5748 3.9892 -6.7969 1.3634 71.9126 1.5655 1.2612
Car -1 -1 1.9232 356.3053 176.6173 402.8383 200.7267 1.4880 1.5998 4.0592 -15.0532 1.7455 47.2372 1.6147 -0.7387
