Car -1 -1 -1.5671 595.7573 174.9636 638.3285 216.7729 1.6043 1.6454 3.7829 0.2521 1.6973 29.7780 -1.5587 11.3669
Cyclist -1 -1 -1.7358 698.1064 170.8984 729.0016 232.9310 1.6907 0.5943 1.6893 2.8793 1.6377 20.5143 -1.5964 0.7467
Car -1 -1 -1.1533 812.4586 175.4196 1033.3948 292.9926 1.4569 1.5995 3.9446 4.8065 1.5030 10.9420 -0.7394 11.3389
Car -1 -1 -1.1122 737.4269 177.4952 911.7890 264.0625 1.4430 1.6312 4.1675 4.3276 1.5489 14.3270 -0.8189 11.0914
Car -1 -1 -1.0582 707.3281 170.6210 845.1353 242.5452 1.5725 1.6020 3.8802 4.1248 1.5241 17.7447 -0.8298 11.0132
Car -1 -1 -1.3171 915.2234 165.3187 1190.9897 364.5797 1.5371 1.5258 3.5593 4.5831 1.4793 7.3414 -0.7591 10.8053
Car -1 -1 2.3231 0.0000 183.7003 97.8927 316.4134 1.6763 1.6183 4.1626 -10.5505 1.8817 11.5435 1.5827 8.8409
Car -1 -1 -0.8929 683.7102 169.4428 790.9828 221.8579 1.6713 1.6296 3.7817 4.3906 1.5629 24.8617 -0.7181 5.8649
Car -1 -1 -0.8793 691.6052 174.8894 822.6360 233.4233 1.5551 1.5897 3.9861 4.3265 1.6205 21.1657 -0.6777 5.0044
Car -1 -1 -0.8281 673.3138 174.4899 763.8304 210.8664 1.5157 1.5806 4.1793 4.8434 1.5934 32.1620 -0.6786 4.2764
Car -1 -1 -0.8056 656.0403 174.0571 723.2832 201.0564 1.5273 1.6383 4.0335 4.7346 1.6024 42.9056 -0.6957 3.7947
Car -1 -1 1.7011 517.5590 179.5695 543.6777 199.1864 1.4834 1.5741 4.0642 -6.3702 2.0427 58.0084 1.5918 3.5182
Car -1 -1 1.6712 486.3578 176.2265 508.5441 193.7376 1.6246 1.7101 4.2387 -10.8928 1.9619 69.9332 1.5167 3.1600
Car -1 -1 -0.9225 644.6757 176.0013 699.8141 198.7329 1.4796 1.6230 4.1140 4.2877 1.7054 49.6066 -0.8363 1.1401
