Car -1 -1 2.0302 190.5411 173.5173 320.5224 236.4070 1.7543 1.7580 4.6087 -10.8867 1.7774 22.4849 1.5793 12.7318
Cyclist -1 -1 1.6890 487.6025 173.3876 506.2284 211.8520 1.6372 0.6155 1.6671 -4.9790 1.6615 31.5763 1.5327 0.5761
Pedestrian -1 -1 1.7596 252.3755 142.0947 276.5509 189.3686 1.7162 0.6550 0.8789 -12.8229 0.5999 26.7004 1.3118 0.3572
Car -1 -1 -1.5978 590.6356 169.8412 657.4895 235.4943 1.6227 1.6539 3.6434 0.2757 1.5485 19.6627 -1.5838 12.5479
Pedestrian -1 -1 0.9202 350.9050 153.6841 371.5676 187.5114 1.7228 0.6435 0.8190 -12.8763 0.7468 37.2389 0.5873 0.0104
Car -1 -1 1.9322 295.4928 175.0015 376.6926 220.7013 1.6759 1.6793 4.0819 -10.8198 1.7677 28.6902 1.5716 10.6743
Pedestrian -1 -1 -1.9261 921.9833 155.8982 940.3949 185.2703 1.6244 0.7342 0.7189 17.8934 0.6870 40.2841 -1.5081 -0.0835
Car -1 -1 -1.2406 854.1110 155.4969 1092.1284 307.4749 1.6056 1.6295 3.8735 4.8797 1.4225 9.5516 -0.7683 10.0351
Pedestrian -1 -1 1.7072 488.2445 171.9137 504.7497 210.1948 1.6587 0.6147 0.7929 -5.0173 1.6183 31.6642 1.5501 -0.7860
Car -1 -1 -1.0684 718.1010 143.0700 897.4150 243.3748 1.9582 1.8012 4.8819 4.6000 1.3771 16.4575 -0.7959 9.5486
Car -1 -1 -1.4697 997.7328 175.5471 1241.0000 374.0000 1.5141 1.6191 3.8585 4.4819 1.5430 5.6904 -0.8026 9.4680
Car -1 -1 -0.9658 679.7614 167.7472 799.9221 220.9989 1.5911 1.6957 4.3750 4.2997 1.4389 23.7035 -0.7864 8.0592
Car -1 -1 1.8263 396.2308 152.5640 486.9843 217.7128 2.5323 2.1591 6.9056 -7.1843 1.7440 31.5277 1.6022 3.4395
Car -1 -1 -0.8993 652.6778 172.3967 703.3225 193.5378 1.4703 1.5890 3.8564 4.9136 1.4389 52.1197 -0.8053 1.5992
Car -1 -1 1.7645 497.7395 172.9581 521.9758 189.0832 1.4850 1.5457 3.9678 -9.4926 1.4956 68.4970 1.6268 0.7497
Car -1 -1 -0.9669 659.5170 167.5542 724.6909 196.7117 1.5851 1.6467 4.1462 4.7144 1.2974 41.3270 -0.8534 -0.2382
Car -1 -1 1.7503 473.9576 181.0994 507.1364 203.5187 1.4912 1.6235 4.1816 -8.5302 2.1057 51.6403 1.5866 -0.7385
