Car -1 -1 2.0563 174.3011 171.4295 312.4355 236.1023 1.7468 1.7579 4.6078 -10.9108 1.7087 21.8087 1.5924 14.4243
Cyclist -1 -1 -1.3830 483.0820 171.0312 503.1855 210.3262 1.6328 0.5592 1.6068 -5.0173 1.5574 30.7891 -1.5446 -0.6773
Pedestrian -1 -1 3.2754 486.0227 169.6282 504.6838 208.8405 1.6613 0.6335 0.7120 -4.9456 1.5250 30.8914 3.1167 1.4601
Car -1 -1 -1.0917 722.7186 143.0469 908.5856 249.7449 1.9739 1.8390 4.8837 4.5842 1.4228 15.7464 -0.8084 12.1777
Pedestrian -1 -1 1.4031 244.2510 141.7120 268.7870 191.2127 1.7460 0.6587 0.8561 -12.7791 0.6479 25.9872 0.9460 0.0466
Car -1 -1 -1.5807 588.9856 169.0916 656.4464 235.8962 1.6251 1.6413 3.6533 0.2672 1.5340 19.3795 -1.5669 12.0566
Pedestrian -1 -1 -0.2743 681.9700 167.9670 713.2264 223.0770 1.6586 0.6288 0.8086 2.6300 1.5119 22.0866 -0.1558 -0.8168
Car -1 -1 1.9429 288.2070 174.9479 370.9274 221.0823 1.6489 1.6378 4.0152 -10.8032 1.7363 27.9789 1.5744 11.3514
Car -1 -1 -1.2665 879.0852 149.1772 1128.7746 322.0717 1.6733 1.6336 3.7217 4.9014 1.4445 8.8554 -0.7610 11.3187
Car -1 -1 -0.9940 682.7521 167.5114 802.7225 222.6947 1.5992 1.7011 4.2922 4.2753 1.4447 23.0481 -0.8106 9.2079
Car -1 -1 1.8378 377.3119 147.1385 481.0141 222.2890 2.6907 2.2256 7.3081 -7.1797 1.7703 29.5154 1.5991 5.5157
Car -1 -1 -0.7908 663.7913 168.9398 733.3716 197.4579 1.5217 1.6259 3.8470 4.9430 1.3132 40.3292 -0.6689 4.5148
Car -1 -1 -1.4927 1073.5626 162.9042 1241.0000 374.0000 1.4526 1.5186 3.7909 4.4474 1.4128 4.7518 -0.7404 4.2150
Car -1 -1 1.5611 609.8209 159.0468 627.0004 174.9249 1.4737 1.5945 3.9293 0.7645 0.1926 68.9328 1.5722 1.9030
Car -1 -1 -0.8871 653.1226 171.9264 706.0329 193.4157 1.4716 1.5927 3.9847 4.9583 1.4084 51.3853 -0.7909 1.5772
Car -1 -1 1.7468 495.7675 173.0832 519.0737 189.2512 1.4748 1.5339 3.7639 -9.6244 1.4973 67.7756 1.6057 -0.0415
