Car -1 -1 1.8097 385.7811 182.9198 457.8756 229.4443 1.4596 1.5897 3.8335 -6.5720 1.8412 25.3968 1.5565 13.3722
Cyclist -1 -1 1.4588 546.6737 176.3046 554.8940 195.4601 1.6798 0.5484 1.6585 -5.3143 1.9925 64.4485 1.3766 0.1659
Pedestrian -1 -1 -0.5519 1019.6593 152.8048 1044.5266 187.7942 1.6802 0.6389 0.8281 20.4175 0.7178 34.9744 -0.0235 0.3811
Car -1 -1 -1.5764 592.7817 174.8957 637.2845 218.0324 1.5893 1.6507 3.7723 0.1420 1.6760 28.6460 -1.5714 12.7869
Car -1 -1 -1.1475 800.6758 163.6120 1052.0986 311.2764 1.6141 1.6354 3.9532 4.3720 1.5135 9.8103 -0.7283 12.2708
Car -1 -1 -1.3278 910.7768 171.4098 1241.0000 374.0000 1.5468 1.6076 3.8952 4.2721 1.5383 6.3278 -0.7339 12.0518
Car -1 -1 -0.8707 673.3421 172.4844 780.8268 215.7460 1.5511 1.6747 4.3867 4.5491 1.5382 27.9311 -0.7093 10.9302
Car -1 -1 -0.9390 728.0057 175.1363 882.3205 243.4475 1.4319 1.5745 3.8067 4.6231 1.4919 17.0454 -0.6741 10.8370
Car -1 -1 -0.8722 656.2479 177.9260 736.4691 210.0591 1.4241 1.6231 4.0001 4.1403 1.6811 34.5534 -0.7530 7.1127
Car -1 -1 1.8001 446.1437 175.3232 482.7067 197.5682 1.6141 1.7367 4.6279 -11.1081 1.8114 55.2118 1.6016 6.6275
Car -1 -1 1.7162 503.9030 177.3244 531.9151 196.7267 1.4855 1.6448 4.3019 -7.4374 1.8612 58.4048 1.5895 4.6471
Car -1 -1 -0.9783 768.3107 172.3124 948.1551 268.4074 1.5793 1.5646 3.3744 4.6416 1.5707 13.4966 -0.6470 4.4997
Car -1 -1 1.8081 421.2644 175.3362 451.4037 192.9705 1.4771 1.6369 4.1377 -15.1638 1.7017 63.0897 1.5722 3.7833
Car -1 -1 -0.9135 640.0157 164.3723 702.1919 191.7833 1.7805 1.7648 4.6240 4.1817 1.2299 49.1653 -0.8287 3.3895
Car -1 -1 -0.5980 1081.1634 161.9720 1182.0593 193.4709 1.7286 1.7245 4.3816 29.1896 1.1317 40.5123 0.0263 2.5641
Car -1 -1 -3.7480 1156.4543 149.5129 1241.0000 175.4338 1.5276 1.6646 4.1100 35.6590 0.1524 43.5137 -3.0615 0.4443
