Car -1 -1 -1.0671 707.5084 168.9920 858.3176 243.6266 1.6238 1.7013 4.4355 4.3532 1.5401 17.9045 -0.8286 12.6103
Pedestrian -1 -1 1.7376 463.4576 177.5109 484.5847 226.4089 1.7123 0.6115 0.8445 -4.8955 1.8817 25.7735 1.5499 0.3065
Car -1 -1 -1.5986 588.5266 178.8622 665.8757 252.6587 1.5088 1.6159 3.7682 0.2888 1.6660 16.9498 -1.5816 11.7104
Car -1 -1 -1.1992 791.1480 125.9276 1046.5364 310.4312 2.1063 1.8273 4.6468 4.6280 1.5709 10.5227 -0.7848 11.2183
Car -1 -1 1.8046 430.4176 180.2308 471.8928 205.0976 1.4682 1.6686 4.1185 -10.0789 1.9590 45.9019 1.5885 7.4794
Car -1 -1 1.8700 313.3531 184.9690 385.0657 224.8169 1.4546 1.6303 4.1227 -10.6756 1.9889 29.7066 1.5250 6.6137
Car -1 -1 -3.7818 1106.8342 184.8367 1241.0000 227.4749 1.4574 1.6126 4.1942 20.5380 1.9041 26.0107 -3.1134 5.7836
Car -1 -1 2.1482 0.0000 122.2693 302.8019 330.6851 2.4096 2.0585 6.0183 -7.2267 1.8251 11.3595 1.5816 5.5504
Car -1 -1 -0.9059 667.7024 171.9700 748.2638 206.7304 1.6119 1.6767 4.2343 4.8363 1.5713 35.5332 -0.7706 4.9230
Car -1 -1 -0.9860 650.0226 174.9361 698.7127 197.2802 1.5637 1.6235 3.9964 4.7316 1.7228 52.9461 -0.8969 3.6711
Car -1 -1 -0.8192 656.8642 174.3300 715.9175 200.2062 1.5876 1.6282 3.7820 4.8993 1.6865 46.3302 -0.7138 3.5871
Car -1 -1 1.5849 608.4074 164.4532 627.3822 181.6500 1.4916 1.6445 4.2921 0.7161 0.7633 64.7469 1.5959 2.1533
Car -1 -1 1.8879 405.8065 179.6803 442.3757 200.2107 1.4727 1.5747 3.8711 -14.1648 2.0127 55.0559 1.6361 0.9126
Car -1 -1 1.2239 665.1638 156.3222 699.2168 175.2091 1.5205 1.6019 3.8622 5.9560 0.1900 60.1531 1.3225 -0.6224
