Car -1 -1 -1.3199 915.9997 167.0650 1203.1407 361.6547 1.5353 1.6051 4.0137 4.8684 1.4900 7.6480 -0.7530 13.1594
Pedestrian -1 -1 1.1561 77.1314 181.2473 101.5904 219.9469 1.7168 0.6151 0.8321 -23.6277 2.1030 32.6882 0.5302 -0.7180
Car -1 -1 -1.5842 595.8571 177.0192 638.0198 218.5312 1.5704 1.6169 3.6493 0.2119 1.7515 29.4893 -1.5770 11.9867
Car -1 -1 -1.1936 781.0327 176.9273 995.6588 298.0442 1.4789 1.6351 4.1097 4.3334 1.5531 11.0052 -0.8185 11.6887
Car -1 -1 -1.1021 727.3308 171.0911 898.4712 263.3261 1.5938 1.6458 4.0665 4.1426 1.5637 14.5164 -0.8241 10.9186
Car -1 -1 -0.9236 694.7412 168.5907 820.6063 229.4350 1.6550 1.6332 3.9438 4.4222 1.5394 21.5388 -0.7211 9.2444
Car -1 -1 -0.9892 715.6046 177.4306 859.3642 245.6029 1.4956 1.5377 3.9979 4.4601 1.6224 18.0068 -0.7464 8.0954
Car -1 -1 -0.8379 678.7394 174.7537 781.9840 216.1998 1.5323 1.6306 4.2698 4.8156 1.6138 28.8218 -0.6723 6.3053
Car -1 -1 -0.8170 658.7359 174.8107 731.1438 204.9404 1.5569 1.6423 3.9962 4.6412 1.6695 39.4460 -0.6998 5.5158
Car -1 -1 -0.8257 644.5747 176.5009 708.7295 200.6503 1.4620 1.6311 4.2834 4.2856 1.7068 46.3333 -0.7335 5.2630
Car -1 -1 1.7815 501.3324 181.0477 534.5099 203.2714 1.4631 1.5873 3.6600 -6.4693 2.0616 50.7822 1.6548 3.7759
Car -1 -1 -0.8848 637.6885 168.8557 689.4446 189.8805 1.7057 1.7496 4.7358 4.5351 1.3817 60.8523 -0.8104 2.7561
Car -1 -1 1.7671 478.4233 175.5333 505.9938 193.4050 1.5805 1.7168 4.2544 -10.8536 1.8362 66.6097 1.6055 2.4681
