Car -1 -1 -1.1412 763.6795 166.2074 968.1368 273.9299 1.5095 1.6375 4.1955 4.3988 1.4167 12.1786 -0.7946 13.4250
Cyclist -1 -1 -1.4473 426.9626 173.1142 454.1876 233.0923 1.6065 0.5508 1.6010 -4.7656 1.6145 20.1566 -1.6795 0.0519
Pedestrian -1 -1 -1.8338 423.8810 169.6540 456.3553 233.1714 1.7258 0.6648 0.9213 -4.8015 1.6392 20.1653 -2.0676 1.5603
Car -1 -1 -1.5886 588.5785 169.8502 687.8218 266.8941 1.6126 1.6500 3.8069 0.4424 1.5630 13.9018 -1.5568 12.9664
Pedestrian -1 -1 2.3330 842.5353 158.6641 855.5835 181.0950 1.7179 0.6383 0.7162 18.4309 0.6315 55.7072 2.6526 -0.6185
Car -1 -1 2.1560 67.8963 176.2681 251.9947 257.2765 1.6980 1.7032 4.2310 -10.6676 1.7911 17.4470 1.6072 11.8457
Car -1 -1 2.0004 243.0247 182.2984 348.3744 231.0275 1.4428 1.6463 4.1943 -10.4779 1.7889 24.2962 1.5932 9.6010
Car -1 -1 -0.8928 687.4847 169.5929 779.9467 208.4061 1.4987 1.6394 3.9636 5.1103 1.3732 29.7844 -0.7229 9.0794
Car -1 -1 2.3688 0.0000 173.5739 76.3508 320.0970 1.8018 1.6597 4.3819 -10.7611 1.8154 11.1052 1.5991 7.8421
Car -1 -1 1.8855 404.1867 176.0955 456.7282 204.2596 1.4809 1.6487 4.1988 -10.0609 1.6733 40.5863 1.6425 7.6344
Car -1 -1 1.8025 478.8639 173.8303 511.3386 194.4964 1.5693 1.6375 4.1183 -9.0735 1.6498 57.1013 1.6449 7.1279
Car -1 -1 1.8182 437.6278 175.3843 477.4518 199.8141 1.5104 1.6284 3.9242 -9.9123 1.6826 47.0130 1.6104 4.4646
Car -1 -1 -0.8500 668.2998 169.2842 729.6321 198.5090 1.5759 1.5705 3.4073 4.9976 1.3838 40.6247 -0.7276 3.7000
Car -1 -1 -1.4985 618.0358 163.9014 639.4944 181.4043 1.4516 1.5807 3.5963 1.6081 0.7095 61.7050 -1.4724 2.3961
Car -1 -1 -0.9374 656.9298 168.5393 714.3038 195.4044 1.6885 1.6753 4.0550 4.9752 1.4177 47.4106 -0.8329 0.6173
Car -1 -1 1.8558 383.3895 174.3766 423.6647 198.4025 1.5766 1.6159 3.9501 -14.1620 1.6858 49.5764 1.5776 -0.5790
