Car -1 -1 -1.5794 594.4832 173.8131 638.6025 216.0462 1.5907 1.6671 3.7448 0.2009 1.6323 29.1329 -1.5725 11.1830
Cyclist -1 -1 0.4648 0.0000 176.6542 47.9604 221.3830 1.6807 0.5658 1.6880 -22.7033 1.8291 27.6497 -0.2227 2.2667
Pedestrian -1 -1 -1.7721 1182.5389 135.7966 1212.3630 188.0002 1.7308 0.6305 0.8200 19.8355 0.5025 24.4284 -1.0901 3.1342
Car -1 -1 -0.9629 722.4508 166.0406 888.5621 249.0687 1.6488 1.6387 3.9532 4.4202 1.5139 16.2229 -0.6969 11.0321
Cyclist -1 -1 1.7128 455.8521 195.1702 470.6140 226.0991 1.6979 0.6024 1.7140 -8.5165 3.0163 41.7410 1.5115 0.2516
Pedestrian -1 -1 1.2528 0.0000 172.1293 19.4525 218.6673 1.7383 0.6137 0.8140 -23.0366 1.7116 27.4241 0.5541 0.6437
Car -1 -1 -1.2358 808.6993 159.6225 1059.9950 326.3496 1.6248 1.6240 3.9710 4.1537 1.4962 9.0224 -0.8044 10.8272
Cyclist -1 -1 1.3745 713.2793 152.4214 728.1012 180.8690 1.6889 0.5657 1.6920 6.6615 0.4762 43.6926 1.5258 -0.3890
Pedestrian -1 -1 1.1395 961.1309 154.2643 977.7401 183.5078 1.6546 0.6179 0.6852 20.4734 0.6032 41.1737 1.6010 -0.2836
Car -1 -1 -1.0864 755.7201 175.5591 950.6533 277.5276 1.5000 1.6012 3.8830 4.3069 1.5549 12.6288 -0.7578 9.2298
Pedestrian -1 -1 2.3009 795.9421 175.6448 851.6019 266.0187 1.5600 0.6236 0.7393 3.7801 1.6122 12.9405 2.5851 -0.6962
Car -1 -1 -0.9134 693.7015 173.2920 809.9433 223.1110 1.4860 1.6351 3.9540 4.6234 1.5017 23.4696 -0.7189 8.8213
Car -1 -1 1.7036 470.8263 181.2004 508.2172 208.8541 1.3898 1.5477 3.5323 -6.5240 1.8636 39.1318 1.5384 8.7331
Car -1 -1 -1.4623 960.7143 186.4860 1241.0000 374.0000 1.4390 1.6438 4.1824 4.2291 1.5844 5.5905 -0.8146 8.2680
Car -1 -1 -0.8560 664.5601 172.4562 746.7316 206.2671 1.5095 1.6387 3.9949 4.5282 1.4920 34.1467 -0.7242 8.1951
Car -1 -1 -0.8621 648.1635 174.0713 717.9956 201.2075 1.4594 1.6263 4.1717 4.1603 1.5324 41.0110 -0.7610 6.4933
Car -1 -1 -0.9689 638.1400 163.8044 693.4448 188.6879 1.8284 1.7956 4.8743 4.3149 1.1638 55.4759 -0.8913 4.0055
Car -1 -1 1.8490 440.0350 176.3339 469.3578 192.7234 1.5069 1.6608 4.2338 -14.9191 1.8525 69.4244 1.6373 1.8570
Car -1 -1 1.7866 463.2372 175.3781 493.7092 195.2510 1.6135 1.6971 4.1420 -11.1384 1.8354 61.2139 1.6066 1.6270
Car -1 -1 -0.8896 717.0822 176.0194 855.0003 234.8295 1.4714 1.5846 3.9665 4.9060 1.5679 20.0776 -0.6499 1.4273
Car -1 -1 -0.5199 1027.0884 159.3549 1113.1348 185.3288 1.6448 1.7253 4.4177 29.6620 0.7903 46.6519 0.0465 1.2809
Car -1 -1 -1.9227 868.8933 152.6171 906.4489 171.7998 1.4872 1.5516 3.9524 22.3007 -0.0875 58.1439 -1.5564 0.3879
