Car -1 -1 -1.2282 785.0555 165.4533 1008.8840 305.1424 1.5728 1.6448 4.0492 4.1449 1.4898 10.1787 -0.8415 12.6160
Cyclist -1 -1 3.6599 0.0000 174.7816 53.4743 218.4675 1.7055 0.5500 1.7354 -23.2446 1.7834 28.6147 2.9777 3.6646
Pedestrian -1 -1 0.8310 1173.4465 171.4774 1226.0585 248.2869 1.8908 0.6359 0.8258 14.8063 1.8573 18.1893 1.5143 0.2166
Car -1 -1 -1.3778 910.0507 174.2364 1221.5566 374.0000 1.5068 1.6278 4.0334 4.3273 1.5238 6.6351 -0.7999 12.2585
Pedestrian -1 -1 1.2949 9.1747 178.8955 35.1189 221.6476 1.6522 0.6152 0.7398 -23.2448 1.8949 28.4770 0.6103 0.0464
Car -1 -1 -1.5847 595.1388 175.6078 639.0764 217.9806 1.5913 1.6656 3.7886 0.2139 1.7105 29.2410 -1.5774 12.2531
Pedestrian -1 -1 -0.2025 715.8155 171.8152 753.6797 246.2017 1.6557 0.6086 0.7377 2.7739 1.6329 16.3741 -0.0347 -0.0578
Car -1 -1 -0.9419 712.4686 167.5522 868.3330 243.7989 1.6207 1.6365 3.8787 4.3197 1.5084 17.2058 -0.6960 10.2129
Car -1 -1 -1.0773 744.0414 177.6074 927.4094 268.5605 1.4550 1.5991 4.0367 4.3492 1.5589 13.7264 -0.7704 9.3536
Car -1 -1 -0.9287 691.6673 173.8659 805.3791 222.3629 1.5060 1.6507 4.1197 4.7171 1.5435 24.4831 -0.7384 8.9332
Car -1 -1 -0.8700 662.3880 173.2809 742.1237 205.4696 1.4807 1.6343 4.0500 4.5066 1.5030 35.2117 -0.7427 7.1297
Car -1 -1 1.7535 476.1525 180.4126 515.5605 208.2275 1.4778 1.5842 3.6610 -6.5014 1.9290 41.1877 1.5970 6.6593
Car -1 -1 -0.8337 648.0393 175.5968 714.7906 202.1601 1.4599 1.6110 3.9772 4.1553 1.6272 41.9813 -0.7350 5.3688
Car -1 -1 1.7568 467.5981 175.4325 496.8215 193.9589 1.5237 1.7244 4.2275 -10.9703 1.7534 62.0552 1.5818 5.0789
Car -1 -1 1.7509 445.0519 176.3890 469.2064 192.2590 1.4886 1.6151 4.0550 -14.9496 1.8451 70.6412 1.5423 3.8288
Car -1 -1 -0.9780 641.0461 169.4715 691.1766 193.7221 1.8240 1.7444 4.4222 4.4132 1.5699 56.5401 -0.9001 2.1417
Car -1 -1 -0.8795 709.9855 178.2385 843.0820 234.5838 1.4819 1.5952 4.0474 4.8997 1.6543 21.1917 -0.6523 1.5202
