Car -1 -1 2.0745 157.7763 176.0345 302.8481 238.3079 1.5935 1.7150 4.5976 -10.8797 1.6967 21.0178 1.5968 13.7358
Cyclist -1 -1 1.2948 763.2297 135.7717 792.0374 183.0215 1.6761 0.5924 1.6672 6.0833 0.3610 26.4396 1.5210 -0.0849
Pedestrian -1 -1 -0.6818 709.1972 163.3945 741.8395 224.8114 1.7158 0.6261 0.6765 3.2481 1.4519 20.5949 -0.5254 0.3698
Car -1 -1 -1.5834 588.6792 173.2183 657.0209 236.8141 1.5141 1.6291 3.6234 0.2587 1.5250 19.0089 -1.5698 12.9740
Pedestrian -1 -1 -0.3380 684.2293 164.3403 716.6035 222.5579 1.6944 0.6134 0.7925 2.6281 1.4470 21.3820 -0.2157 -0.4528
Car -1 -1 -1.2923 899.9878 149.5608 1164.5518 335.9295 1.6386 1.6163 3.7255 4.8766 1.4342 8.2073 -0.7562 12.0926
Car -1 -1 -1.0965 729.3373 139.3555 919.4780 250.1141 1.9540 1.7947 4.8041 4.5756 1.3634 15.0768 -0.8019 11.8692
Car -1 -1 1.9733 277.4010 175.2015 367.3320 222.4556 1.6424 1.6784 4.1327 -10.8280 1.7386 27.3709 1.5966 11.2504
Car -1 -1 -1.0016 685.0629 167.7513 807.8839 224.7622 1.5973 1.7017 4.2715 4.2639 1.4547 22.3496 -0.8131 8.9901
Car -1 -1 1.8106 362.6698 149.3878 463.5418 225.1005 2.5162 2.1299 6.6633 -7.2671 1.7367 27.3287 1.5507 3.8322
Car -1 -1 -0.9423 652.5938 171.5426 703.7506 193.2944 1.4690 1.5890 3.9043 4.7963 1.3808 50.7146 -0.8480 2.3723
Car -1 -1 1.6015 608.1060 159.5786 626.3722 175.5606 1.4735 1.6141 4.0805 0.6956 0.2499 68.5918 1.6116 1.7543
Car -1 -1 1.7474 496.5627 173.5998 521.1852 190.6271 1.5328 1.6058 3.9212 -9.3923 1.6045 67.1119 1.6084 0.2761
Car -1 -1 1.4975 671.7253 155.4551 692.6550 172.3869 1.4831 1.5958 3.9328 6.4844 -0.0432 65.2958 1.5965 0.0045
