Car -1 -1 2.0852 141.4741 174.5125 296.0666 241.3217 1.6619 1.7518 4.6746 -10.8736 1.7146 20.4211 1.5959 14.6809
Cyclist -1 -1 1.3094 765.0963 137.1419 793.4387 185.1595 1.6663 0.5751 1.6636 6.0111 0.4274 25.8772 1.5376 -0.0542
Pedestrian -1 -1 1.5960 481.4933 170.2861 497.8212 212.8572 1.7237 0.6427 0.8650 -4.9881 1.6201 29.6865 1.4295 1.4378
Car -1 -1 -1.5695 586.4996 168.8784 657.8674 237.7081 1.6100 1.6704 3.7437 0.2638 1.5174 18.7593 -1.5554 12.7748
Cyclist -1 -1 1.9909 313.4248 160.1398 343.5329 198.8465 1.7022 0.6177 1.7297 -12.7454 1.1434 32.6067 1.6183 -0.7586
Pedestrian -1 -1 0.8999 336.1683 151.0173 356.7004 187.9112 1.7777 0.5958 0.7634 -12.9031 0.7259 35.2180 0.5488 0.8581
Car -1 -1 -1.0917 732.0195 135.7275 934.4822 255.8172 2.0116 1.8241 4.8431 4.5677 1.3901 14.4409 -0.7853 11.8016
Car -1 -1 -1.0323 688.5198 166.4060 816.8337 225.6476 1.6086 1.7247 4.5355 4.3725 1.4339 21.8495 -0.8348 10.4689
Car -1 -1 -1.3407 927.4676 142.3718 1207.3472 360.0087 1.7059 1.6369 3.7374 4.8637 1.4674 7.5398 -0.7678 10.3923
Car -1 -1 1.9704 271.8175 175.3107 361.5408 221.8435 1.5778 1.6326 4.0274 -10.7757 1.6760 26.7030 1.5868 8.4803
Car -1 -1 -0.8800 655.4288 170.6787 709.7633 192.6918 1.4706 1.5852 3.9830 5.0496 1.3256 50.1631 -0.7796 3.2444
Car -1 -1 1.8585 336.6672 143.8708 454.4783 229.7173 2.6115 2.1306 6.5744 -7.2787 1.7302 25.2413 1.5778 3.0653
Car -1 -1 1.8149 491.7539 172.6413 519.8333 189.1924 1.4733 1.6222 4.0639 -9.5614 1.4547 66.3287 1.6717 2.1157
Car -1 -1 1.6176 606.4835 159.9039 625.8153 176.2095 1.4893 1.6312 4.1755 0.5888 0.3068 68.0281 1.6262 1.8854
Car -1 -1 1.7759 441.2462 175.0077 477.5706 197.9853 1.5001 1.6305 4.1625 -10.3242 1.6546 49.5733 1.5706 0.4149
Car -1 -1 2.2932 645.1632 166.2450 694.7706 185.9108 1.4860 1.6160 4.0220 4.6979 0.9869 56.4929 2.3762 -0.5777
