Car -1 -1 2.2162 0.0000 189.8520 245.6791 362.7342 1.6385 1.6043 3.8447 -6.4963 1.9006 9.1625 1.5994 12.8507
Cyclist -1 -1 1.2890 827.6184 172.4516 844.2928 198.0211 1.7189 0.6212 1.7637 15.4280 1.6922 49.3905 1.5917 -0.2859
Pedestrian -1 -1 -1.1513 250.3993 185.1110 279.2946 239.3290 1.7096 0.6162 0.6836 -11.1651 2.1110 23.2569 -1.5989 -0.0787
Car -1 -1 -1.0618 746.6034 178.6883 883.7679 255.4049 1.4947 1.5138 3.2963 4.5643 1.6383 16.0138 -0.7842 12.6097
Pedestrian -1 -1 -0.8547 1069.7069 167.0102 1241.0000 374.0000 1.7082 0.6274 0.7521 3.1126 1.6787 4.0635 -0.2011 -0.4171
Car -1 -1 1.8893 396.9213 182.4066 477.4890 231.3184 1.5798 1.6660 4.0095 -6.2062 1.9541 26.1784 1.6565 12.4440
Car -1 -1 -1.5907 592.6817 180.2009 657.4909 244.9077 1.5988 1.6403 3.7720 0.3261 1.8235 20.1432 -1.5746 12.2222
Car -1 -1 2.0238 199.0410 180.5476 319.6869 248.6087 1.8469 1.7092 4.0469 -10.6007 2.1042 22.0632 1.5759 11.7811
Car -1 -1 -0.9630 690.4680 179.4181 803.0657 232.6313 1.4921 1.5845 3.7865 4.2949 1.7151 22.5861 -0.7751 11.3226
Car -1 -1 1.7798 515.9177 180.3166 558.2965 206.9078 1.5115 1.7176 4.4704 -4.4786 1.9973 44.6249 1.6798 8.1629
Car -1 -1 1.9909 349.3245 184.3779 424.0241 221.8334 1.4954 1.6320 4.1747 -9.9398 2.0466 32.3120 1.6925 7.4708
Car -1 -1 -1.4922 1059.4507 157.3048 1241.0000 374.0000 1.6784 1.6402 4.0583 4.7108 1.6102 5.1619 -0.7524 6.4848
Car -1 -1 1.9275 461.1388 182.5934 507.1004 207.8614 1.4542 1.5979 3.8207 -7.8473 2.0908 45.1086 1.7553 3.1034
Car -1 -1 -1.5108 644.5533 177.9215 666.1846 196.2643 1.4649 1.5939 3.7850 3.8201 1.9054 60.6896 -1.4480 0.1335
Car -1 -1 1.7726 596.4545 176.9878 620.9614 193.2955 1.4771 1.5803 3.8833 -0.1110 1.8814 68.4550 1.7710 -0.3402
Car -1 -1 2.1543 30.1761 187.4285 221.0476 273.8309 1.6163 1.6429 3.8975 -10.6038 1.9813 16.1018 1.5719 -0.6141
