Car -1 -1 1.9320 331.7954 180.3149 438.3165 244.8075 1.6475 1.6486 3.9514 -6.4286 1.8851 20.9213 1.6339 13.3459
Cyclist -1 -1 -1.8195 781.3862 160.1200 798.7384 189.9103 1.7296 0.5840 1.7442 10.6279 0.9906 42.7622 -1.5759 -0.2896
Pedestrian -1 -1 1.7075 453.3454 176.6347 483.0875 245.0429 1.6759 0.6358 0.7723 -3.6023 1.7734 18.1234 1.5113 -0.2039
Car -1 -1 2.0596 147.5564 179.0032 290.1729 251.9643 1.7591 1.6955 4.1068 -10.5768 1.9457 19.7950 1.5689 13.0877
Pedestrian -1 -1 -0.7264 763.8286 174.2421 818.1134 267.9952 1.6482 0.6179 0.7339 3.2406 1.6747 13.1398 -0.4846 -0.2375
Car -1 -1 -0.9660 698.5897 177.2311 822.5595 235.2834 1.4720 1.5798 3.7608 4.2813 1.6077 20.4425 -0.7596 12.8489
Car -1 -1 2.2484 0.0000 192.2960 174.5951 296.4941 1.5423 1.6692 4.2983 -10.4617 1.9691 13.6546 1.5946 12.1249
Car -1 -1 -1.1125 763.8027 174.5724 923.7992 265.0489 1.5100 1.5187 3.5436 4.5371 1.5478 13.9058 -0.7971 12.0129
Car -1 -1 -1.5875 592.6082 175.4710 658.3472 240.3266 1.6174 1.6534 3.7978 0.3412 1.6973 20.0436 -1.5705 11.9210
Car -1 -1 1.8128 491.6180 181.2702 542.1119 210.9487 1.4446 1.6696 4.4497 -4.9620 1.9237 38.7317 1.6853 9.0055
Car -1 -1 1.8526 451.2215 179.7930 497.7400 207.5085 1.5227 1.6345 4.1145 -8.0149 1.9554 42.8293 1.6676 3.9428
Car -1 -1 -1.3555 651.9018 172.2397 679.2801 189.7221 1.4504 1.5926 3.6775 4.7724 1.3998 61.8491 -1.2785 2.1606
Car -1 -1 1.6735 538.1235 182.5407 562.6179 202.2745 1.4738 1.5604 3.9693 -4.7720 2.2776 57.8477 1.5912 1.2266
