Car -1 -1 1.9756 251.5152 187.2687 392.3398 271.2437 1.6102 1.6101 3.7373 -6.4091 1.9756 16.3757 1.6025 13.8621
Cyclist -1 -1 1.1122 811.0145 175.6809 829.6274 199.1978 1.6779 0.6140 1.6942 15.2893 1.8877 52.5793 1.3952 0.5195
Pedestrian -1 -1 -1.9922 948.8389 151.2918 967.4267 186.0480 1.6735 0.6146 0.6161 16.8728 0.6357 35.0558 -1.5436 1.2401
Car -1 -1 2.0862 111.4480 189.8111 278.6358 260.8024 1.4951 1.6813 4.5443 -10.4573 1.9850 18.5537 1.5730 13.5208
Car -1 -1 -1.5843 593.9745 179.1293 658.7530 244.8417 1.6389 1.6472 3.6584 0.3767 1.8307 20.1761 -1.5657 12.6638
Car -1 -1 -1.3198 903.2330 169.9823 1176.6672 359.1963 1.5388 1.5998 3.8516 4.7309 1.5158 7.7832 -0.7736 12.0835
Car -1 -1 -1.0430 726.0299 177.4343 848.0254 241.8286 1.4935 1.5167 3.5205 4.6220 1.6244 18.7788 -0.8017 11.7621
Car -1 -1 -0.9333 681.5993 179.9170 782.6566 228.0134 1.5294 1.6269 3.6872 4.2957 1.7962 25.3528 -0.7655 10.1249
Car -1 -1 1.7781 451.9645 182.5792 506.0895 219.5558 1.5341 1.6618 3.9123 -5.9494 2.0054 32.9533 1.5995 8.1619
Car -1 -1 1.9731 373.2118 186.0284 438.0947 219.9958 1.4774 1.6205 3.9279 -9.8749 2.1547 35.0220 1.6983 7.3249
Car -1 -1 1.9537 253.6933 174.6917 344.1644 221.3220 1.4658 1.5720 3.6936 -10.5729 1.5338 24.6885 1.5491 3.9137
Car -1 -1 -1.4458 542.0648 182.5513 571.0239 204.4826 1.4710 1.6058 4.0032 -3.8588 2.2008 52.2359 -1.5195 3.6971
Car -1 -1 1.6231 635.0362 176.0864 657.1861 194.9834 1.4831 1.6185 3.9451 2.9768 1.7586 59.3716 1.6732 1.7906
Car -1 -1 1.6475 580.1632 186.9923 603.6937 207.5032 1.4794 1.5595 3.8783 -1.4155 2.6305 56.7439 1.6225 -0.5090
