Car -1 -1 -1.6204 572.9634 174.7187 767.9305 369.1889 1.6152 1.6300 3.7642 0.4659 1.6409 7.9160 -1.5616 11.9556
Pedestrian -1 -1 0.9180 297.9785 184.4562 362.1717 290.8973 1.6752 0.6041 0.8379 -4.6809 1.8751 11.9322 0.5441 1.8069
Car -1 -1 2.1660 43.7511 192.1829 230.0976 270.1815 1.4207 1.5532 3.8587 -10.3292 1.9033 16.0514 1.5942 11.4944
Pedestrian -1 -1 2.8839 780.3197 169.2199 811.6124 226.5409 1.6354 0.6278 0.7410 5.3336 1.5321 20.9000 3.1337 1.2444
Car -1 -1 -0.9891 718.1700 171.0351 842.8046 228.9860 1.5647 1.6523 4.0546 5.0953 1.5159 21.4709 -0.7561 11.2775
Pedestrian -1 -1 1.0559 195.9702 157.5067 215.0584 188.1684 1.6851 0.6413 0.7464 -22.5267 0.8420 40.1201 0.5443 -0.4168
Car -1 -1 1.9129 353.9887 178.4375 425.0311 218.0256 1.6222 1.6886 4.3396 -9.8349 1.8903 32.3929 1.6181 8.2275
Car -1 -1 -0.8933 687.4980 175.5785 765.3906 211.0247 1.4882 1.5883 3.5252 5.2101 1.6173 32.3321 -0.7336 7.3535
Car -1 -1 1.8504 400.5276 177.6731 452.2969 211.5086 1.6841 1.6417 3.9812 -9.7622 1.9550 38.4989 1.6021 7.3362
Car -1 -1 2.1635 233.8291 179.6890 317.7245 218.8634 1.5421 1.5483 3.5404 -14.2723 1.8531 30.9244 1.7311 6.9395
Car -1 -1 1.7531 482.7819 179.2584 523.1645 208.3975 1.5186 1.5951 3.6496 -5.9583 1.8929 40.2672 1.6062 6.6779
Car -1 -1 -1.6912 1178.3188 171.2517 1241.0000 374.0000 1.5740 1.6408 4.1009 4.2447 1.5700 4.0730 -0.8851 5.8836
Car -1 -1 -0.8794 668.2385 175.6414 736.8323 204.2908 1.4577 1.6130 3.8161 4.9961 1.6159 38.9704 -0.7519 5.1898
Car -1 -1 1.9703 453.8954 179.5804 499.6291 202.9514 1.4666 1.5979 4.0110 -8.9546 1.9402 48.6333 1.7882 3.0625
Car -1 -1 -1.5496 595.2020 178.4490 651.3022 232.3288 1.5221 1.6187 3.8276 0.4089 1.7138 22.7283 -1.5317 1.4006
