Car -1 -1 -1.3025 855.1095 168.0523 1121.8848 354.2200 1.5784 1.6203 4.0109 4.3735 1.5381 8.1250 -0.8087 12.2892
Cyclist -1 -1 1.3512 733.4270 160.8451 743.9553 179.5606 1.6702 0.5798 1.6976 11.6118 0.5989 65.2480 1.5273 -0.1562
Pedestrian -1 -1 -0.3011 802.8082 169.8702 843.5904 238.2558 1.7367 0.6470 0.8564 5.4548 1.6613 18.6523 -0.0166 0.7948
Car -1 -1 -1.5957 584.3338 177.4604 706.0565 295.2730 1.5523 1.6296 3.7521 0.4417 1.6384 11.5385 -1.5574 12.0918
Pedestrian -1 -1 -0.9920 134.7909 149.6556 154.8181 180.4715 1.6678 0.6164 0.7389 -25.4473 0.4126 39.4195 -1.5652 -0.2500
Car -1 -1 2.2524 0.0000 183.6074 154.0712 297.3854 1.6926 1.6988 4.3351 -10.6917 1.9237 13.3131 1.5758 11.4193
Car -1 -1 2.0628 166.1905 188.3427 300.2049 248.2321 1.4181 1.5783 4.0625 -10.4015 1.8956 20.1829 1.5869 10.3643
Car -1 -1 -0.9582 697.7683 170.5087 802.3192 219.3397 1.6057 1.6541 4.0063 5.0035 1.5289 25.7081 -0.7659 9.9975
Car -1 -1 1.8744 379.9635 178.5602 440.6366 213.2832 1.6149 1.7054 4.4584 -10.0632 1.9223 36.5550 1.6057 8.6131
Car -1 -1 1.8192 420.2560 176.9649 463.6827 206.7277 1.6646 1.6222 3.8130 -9.9462 1.9199 42.8065 1.5909 5.3824
Car -1 -1 -0.9382 660.2198 173.1420 723.1360 198.6901 1.4585 1.6145 4.1455 4.9116 1.4770 43.3054 -0.8253 4.7786
Car -1 -1 2.1310 274.7945 177.3354 346.7806 210.5838 1.5060 1.5472 3.6229 -14.5175 1.7364 35.1122 1.7389 4.6245
Car -1 -1 -0.9982 676.0307 174.4080 741.1186 207.3438 1.5750 1.5927 3.5608 4.9936 1.6581 36.5486 -0.8625 3.4526
Car -1 -1 1.7873 469.4071 177.6646 502.7084 199.2455 1.5002 1.6146 3.8935 -9.0918 1.8673 53.0221 1.6175 3.2209
Car -1 -1 -1.5473 626.1199 169.1510 645.9309 187.9491 1.6374 1.6871 4.2089 2.3525 1.3152 64.9969 -1.5111 2.8197
Car -1 -1 1.8505 362.6140 177.1524 406.1977 202.1056 1.4762 1.5772 3.9899 -14.1630 1.7589 45.3876 1.5480 2.6191
Car -1 -1 -1.5636 548.5214 169.9060 576.9658 196.8395 1.5234 1.6074 3.9841 -2.8269 1.3570 42.8443 -1.6295 -0.6249
