Car -1 -1 -0.9964 717.6922 167.8527 838.4397 224.8989 1.5638 1.6387 3.9914 5.0872 1.4271 21.7519 -0.7667 11.7322
Pedestrian -1 -1 -2.9123 303.3334 175.4867 367.6098 279.1701 1.6960 0.6604 0.8914 -4.6808 1.7423 12.2073 -3.2784 3.5893
Car -1 -1 2.1508 48.4869 188.9103 235.4186 267.0661 1.4572 1.6005 3.9751 -10.3495 1.8642 16.2697 1.5842 10.8163
Pedestrian -1 -1 -0.6623 1064.7551 136.4056 1241.0000 374.0000 1.7627 0.6464 0.8540 2.7317 1.6066 3.4232 0.0112 0.5356
Car -1 -1 1.9169 354.5621 179.3890 427.8820 215.9245 1.4967 1.7183 4.6069 -9.8537 1.8149 32.7412 1.6245 10.7763
Car -1 -1 -1.6212 573.3471 178.0773 770.6826 371.8802 1.5873 1.6463 3.9557 0.4791 1.6599 7.9992 -1.5614 10.1142
Car -1 -1 1.8582 402.6565 176.9045 453.8710 209.5336 1.6492 1.6292 3.9513 -9.7843 1.8797 38.9736 1.6122 7.5965
Car -1 -1 2.1481 237.2745 178.0320 321.1411 217.5473 1.5807 1.5837 3.6199 -14.2797 1.8192 31.2678 1.7197 6.5375
Car -1 -1 -0.9224 687.0771 174.3093 757.8704 207.0969 1.3996 1.5232 3.2277 5.0727 1.4691 32.6151 -0.7681 5.8710
Car -1 -1 -0.8881 667.6377 171.1686 737.3920 198.9661 1.4376 1.6335 3.9614 5.0369 1.3508 39.2689 -0.7605 5.7945
Car -1 -1 -1.5481 1135.3857 102.2405 1241.0000 374.0000 1.6807 1.6105 4.2136 4.4809 1.4739 4.1075 -0.7193 4.9013
Car -1 -1 1.7967 461.1194 179.6492 498.6372 202.8485 1.4745 1.6376 4.1141 -8.8466 1.9577 49.1775 1.6187 4.7871
Car -1 -1 1.9762 339.6981 178.2113 395.5007 205.6542 1.4815 1.6239 3.9870 -14.0054 1.8075 41.8050 1.6529 2.3164
Car -1 -1 -1.4091 696.2630 158.4005 724.2420 177.9979 1.4694 1.5789 3.7168 7.8002 0.3860 56.1055 -1.2710 0.6624
Car -1 -1 1.4548 623.2676 172.3053 646.7557 189.5332 1.4783 1.6188 4.0487 2.1660 1.4316 63.9973 1.4886 -0.6346
