Car -1 -1 -1.6202 571.0516 177.4948 767.1368 368.8167 1.5574 1.6225 3.8893 0.4455 1.6212 7.9154 -1.5640 11.7863
Cyclist -1 -1 1.3553 701.2343 158.5755 714.2122 181.3844 1.6990 0.6202 1.7107 7.3642 0.6358 54.6208 1.4893 -0.7527
Pedestrian -1 -1 0.3874 292.7385 174.5766 361.4019 277.8654 1.6823 0.6360 0.8981 -4.7767 1.7123 12.0832 0.0109 2.6943
Car -1 -1 -0.9933 718.6191 170.9567 839.8024 228.8482 1.5812 1.6470 3.9612 5.1003 1.5298 21.6682 -0.7621 11.7616
Pedestrian -1 -1 -0.6804 1062.9034 141.9699 1241.0000 374.0000 1.7351 0.6454 0.8715 2.6999 1.6049 3.3730 -0.0054 -0.1314
Car -1 -1 2.1622 42.1058 189.3899 232.5777 268.6015 1.4556 1.6014 3.9502 -10.3262 1.8702 16.0790 1.5913 11.6381
Car -1 -1 1.8875 355.0709 179.1911 425.2567 215.8056 1.4969 1.6896 4.5693 -9.8620 1.8038 32.5962 1.5937 8.5992
Car -1 -1 2.1507 234.5306 178.0509 318.8924 217.2061 1.5591 1.5767 3.6239 -14.3297 1.7975 31.1434 1.7194 7.5828
Car -1 -1 1.8560 401.6636 177.6862 452.2685 209.5205 1.5934 1.6041 3.8745 -9.7809 1.8660 38.6752 1.6083 7.4843
Car -1 -1 -0.8877 689.2877 175.7450 763.3129 210.8551 1.4839 1.5556 3.2973 5.2167 1.6210 32.4460 -0.7283 5.0405
Car -1 -1 -0.8930 669.6560 175.0440 738.5337 203.2828 1.4497 1.5969 3.9476 5.1247 1.5752 39.2809 -0.7633 4.6664
Car -1 -1 1.7814 464.0434 179.4671 499.0799 202.3359 1.4583 1.5783 3.8478 -8.7219 1.9264 49.0856 1.6056 3.8958
Car -1 -1 1.7159 538.5946 175.9881 567.2600 197.2000 1.5427 1.6339 3.9152 -4.3450 1.7910 55.0735 1.6372 2.9153
Car -1 -1 1.7568 517.3821 176.8169 544.6881 195.2091 1.4996 1.6172 3.9766 -6.7445 1.8504 61.7545 1.6481 2.7244
Car -1 -1 -1.6647 1166.8843 78.4169 1241.0000 374.0000 1.7126 1.6849 4.1730 4.3426 1.4524 4.1135 -0.8522 2.7144
Car -1 -1 2.2807 0.0000 174.3777 93.2007 222.2814 1.5956 1.6359 3.8423 -20.9772 1.6552 26.1023 1.6038 1.7425
Car -1 -1 1.8819 340.8690 177.4046 390.5236 204.6888 1.4745 1.5841 3.9395 -14.0638 1.7500 41.6336 1.5561 1.2520
Car -1 -1 1.5682 433.6338 179.7433 457.9671 202.3541 1.4720 1.5902 3.6669 -11.4433 1.9699 50.1352 1.3438 -0.5350
Car -1 -1 1.6942 567.5817 187.3451 602.7171 215.2833 1.4770 1.5919 3.8673 -1.4428 2.3652 42.2104 1.6600 -0.6242
