Car -1 -1 -1.2646 829.9745 167.3167 1096.5610 338.7129 1.5620 1.6512 4.1750 4.3489 1.5119 8.6444 -0.7985 13.2747
Cyclist -1 -1 2.2731 0.0000 133.0315 45.9708 215.7131 1.6524 0.5358 1.6482 -12.8788 0.8569 15.2412 1.5715 -0.0863
Pedestrian -1 -1 -3.0057 382.0554 178.0962 423.7938 253.1465 1.6841 0.6276 0.8482 -4.8074 1.8079 16.6127 -3.2874 1.9132
Car -1 -1 -1.5907 584.6234 174.1843 703.8453 291.7395 1.6234 1.6549 3.7910 0.4553 1.6493 11.9151 -1.5525 11.9289
Pedestrian -1 -1 0.5597 141.8061 151.9400 162.3720 180.1786 1.5513 0.6270 0.7423 -25.3877 0.4027 39.9523 -0.0064 -0.3398
Car -1 -1 2.2361 0.0000 180.8091 166.8385 291.8242 1.7460 1.7053 4.2639 -10.6919 1.9220 13.7886 1.5766 11.6408
Pedestrian -1 -1 -3.3948 788.2546 176.0249 816.9955 235.3082 1.6548 0.6748 0.6393 5.4229 1.7468 20.5130 -3.1364 -0.4544
Car -1 -1 -0.9534 696.1080 168.9690 801.3848 216.2658 1.5855 1.6484 4.1673 5.0602 1.4556 26.2204 -0.7627 10.8139
Pedestrian -1 -1 0.7164 0.0000 138.2823 40.2406 221.9860 1.7393 0.6241 0.7813 -12.7791 1.0213 15.3101 0.0209 -0.8024
Car -1 -1 2.0563 176.7672 186.8522 304.0219 244.9722 1.4310 1.5899 3.9234 -10.4745 1.8711 20.6885 1.5877 10.0240
Car -1 -1 1.8894 387.1369 180.3114 444.3815 211.6671 1.4800 1.6425 4.1010 -9.9575 1.8859 37.1428 1.6275 7.7395
Car -1 -1 -0.9799 675.6922 173.4182 738.6734 204.0358 1.4989 1.5472 3.4725 5.0082 1.5298 37.2011 -0.8461 5.9536
Car -1 -1 1.9829 464.5132 177.2639 508.5869 198.8050 1.5079 1.6562 4.2880 -9.1613 1.8506 53.7211 1.8140 5.4683
Car -1 -1 2.1420 280.1454 177.1264 350.8333 210.2128 1.5261 1.5598 3.5554 -14.5149 1.7488 35.6574 1.7554 5.1908
Car -1 -1 1.8231 421.8933 178.3795 464.7410 205.2599 1.5095 1.5906 3.8617 -9.9728 1.8561 43.2682 1.5966 5.1350
Car -1 -1 -0.9861 660.4986 171.1017 718.6669 196.3595 1.4649 1.5816 3.9828 4.8484 1.3636 43.8809 -0.8760 4.5961
Car -1 -1 -1.4574 624.4674 167.3885 647.2412 184.2501 1.4536 1.6037 3.8353 2.3085 0.9828 64.2150 -1.4215 2.3620
Car -1 -1 1.8206 565.7174 184.7897 604.2743 209.1897 1.4825 1.6167 4.0583 -1.6490 2.3142 48.0988 1.7863 0.0211
