Car -1 -1 -1.5935 592.4425 180.5852 708.5768 295.1693 1.5891 1.6530 3.7380 0.5667 1.7398 12.1467 -1.5469 12.1525
Cyclist -1 -1 1.1963 867.7020 200.1950 889.8587 231.3493 1.6957 0.6043 1.7346 15.4774 3.3083 41.6740 1.5519 -0.5930
Pedestrian -1 -1 -1.8826 854.1399 184.8084 899.1654 257.5671 1.4880 0.6932 0.7568 5.5830 1.7480 15.2741 -1.5322 1.8661
Car -1 -1 1.9401 294.8752 189.2025 403.4115 253.9537 1.4987 1.5470 3.5953 -6.9406 1.9805 19.4322 1.5971 11.9812
Pedestrian -1 -1 1.0327 147.6909 162.8446 168.2135 198.4336 1.8109 0.6291 0.6932 -23.3122 1.3020 37.1505 0.4723 -0.5770
Car -1 -1 2.1640 12.3406 192.8443 219.4624 280.2729 1.5118 1.6385 4.0717 -10.3368 1.9966 15.4447 1.5742 11.9066
Car -1 -1 -0.9936 720.6294 171.9284 850.1263 234.0750 1.6316 1.6665 4.1377 5.1218 1.6077 20.9642 -0.7539 10.4067
Car -1 -1 1.7354 517.1734 182.2589 551.9009 206.0737 1.4717 1.6688 4.0752 -5.0364 2.1291 48.3187 1.6316 8.7059
Car -1 -1 -0.9714 688.6557 178.9585 762.3712 216.0598 1.5082 1.5507 3.3975 5.0670 1.7915 31.6768 -0.8128 6.8381
Car -1 -1 1.8505 397.4558 181.3031 450.5655 215.4614 1.6579 1.6725 3.9972 -9.7701 2.1274 38.0397 1.5991 6.4290
Car -1 -1 2.1831 221.3580 181.9892 309.1536 222.6358 1.5523 1.5842 3.5236 -14.4041 1.9595 30.2622 1.7389 5.6493
Car -1 -1 -0.8613 671.2038 178.5333 742.7386 208.1703 1.4678 1.6217 3.8994 5.1540 1.7851 38.3631 -0.7277 4.9946
Car -1 -1 1.8116 457.8231 183.9015 495.5825 207.7002 1.4679 1.5909 3.9729 -8.9244 2.2407 48.4156 1.6294 3.8983
Car -1 -1 1.9240 355.5081 186.3098 420.0763 222.6035 1.4496 1.5684 3.6771 -9.8433 2.0835 32.0894 1.6264 3.7042
Car -1 -1 1.5578 430.9504 184.5334 456.3780 208.1006 1.4759 1.6316 4.0046 -11.4553 2.3113 49.4441 1.3301 0.9895
Car -1 -1 -1.5769 605.7080 179.4471 643.5803 216.3878 1.5139 1.5872 3.7032 0.5952 1.8246 32.0937 -1.5584 0.2320
Car -1 -1 1.6703 574.4971 180.6658 596.0161 198.4466 1.4952 1.5376 3.9690 -2.2032 2.2157 64.4866 1.6361 -0.7139
