Car -1 -1 -1.6167 567.9523 175.2496 769.1428 373.7961 1.6099 1.6449 3.6893 0.4421 1.6421 7.7460 -1.5597 12.3189
Cyclist -1 -1 1.4183 703.7901 157.8420 715.6804 180.1871 1.6586 0.6360 1.6955 7.4872 0.5447 54.4068 1.5550 -0.3272
Pedestrian -1 -1 -2.9315 295.5352 175.8645 358.9519 281.1430 1.6863 0.6364 0.8670 -4.7243 1.7382 11.9619 -3.3076 2.7453
Car -1 -1 1.9243 351.3747 179.1946 426.5897 216.0173 1.4932 1.6970 4.7436 -9.8773 1.8005 32.5068 1.6293 11.4920
Car -1 -1 2.1364 39.0241 190.0169 233.0438 268.9105 1.4338 1.6139 4.1687 -10.3524 1.8671 16.1085 1.5652 11.3436
Car -1 -1 -0.9920 719.3707 168.4549 840.3864 225.6753 1.5488 1.6354 3.9026 5.0705 1.4301 21.4645 -0.7600 11.1958
Car -1 -1 1.8332 401.4683 176.8712 453.2072 210.1279 1.6651 1.6680 4.1655 -9.7659 1.8927 38.7239 1.5861 7.0444
Car -1 -1 2.1791 233.1439 179.2735 316.2022 217.7537 1.5196 1.5328 3.4490 -14.3285 1.8115 30.9343 1.7453 6.8826
Car -1 -1 -0.8887 668.3009 173.3492 737.5006 201.5298 1.4479 1.6123 3.9114 5.0312 1.4764 39.0686 -0.7606 5.4861
Car -1 -1 1.8492 458.5706 179.0624 498.6808 202.3387 1.4737 1.6199 4.0685 -8.8810 1.9130 48.9061 1.6696 4.7141
Car -1 -1 -0.9786 689.6335 173.3084 760.9115 208.6959 1.5019 1.5556 3.3565 5.1747 1.5238 32.4232 -0.8204 4.6577
Car -1 -1 1.7603 519.9628 177.8716 554.7636 200.5850 1.4904 1.6545 4.2446 -5.0636 1.8571 50.4967 1.6604 3.5874
Car -1 -1 -1.6640 1205.1659 129.0296 1241.0000 374.0000 1.6226 1.6655 4.2259 4.5042 1.5065 4.0288 -0.8230 2.3568
Car -1 -1 2.0616 336.4898 177.2342 397.2178 204.8422 1.4789 1.5944 4.0284 -13.9222 1.7437 41.4405 1.7375 1.6672
Car -1 -1 -1.5970 610.6531 174.4312 652.2469 215.0875 1.5784 1.6189 3.7312 0.7972 1.6484 30.0196 -1.5704 0.8983
Car -1 -1 -1.7071 590.7993 175.7139 668.9000 237.5939 1.5058 1.6055 3.7871 0.3978 1.5921 19.7112 -1.6869 0.0683
Car -1 -1 1.5838 639.3394 171.5524 656.3670 187.7913 1.4852 1.5537 3.9695 3.5730 1.3665 68.0191 1.6363 -0.7415
