Car -1 -1 -1.5961 602.3229 180.4040 683.1399 260.9480 1.6145 1.6603 3.7836 0.6467 1.8098 16.7199 -1.5574 12.4754
Pedestrian -1 -1 1.8817 170.8635 181.7577 259.1427 330.1381 1.6685 0.6906 0.9039 -4.7775 1.7823 8.6817 1.3786 3.2172
Car -1 -1 -1.0233 735.3141 178.2712 875.3095 246.3257 1.5067 1.6099 3.9058 4.9535 1.6583 18.2057 -0.7576 12.3483
Pedestrian -1 -1 -0.6392 900.8685 178.9941 966.2372 274.0178 1.5975 0.7214 0.7628 5.5957 1.7089 12.6193 -0.2218 -0.7756
Car -1 -1 1.8231 434.9152 186.5295 495.4467 224.6648 1.4918 1.6390 4.1236 -6.3461 2.1354 31.8352 1.6263 11.9678
Car -1 -1 1.9312 316.3574 188.7510 399.2210 231.6047 1.4909 1.6807 4.4389 -10.0552 2.1797 29.0040 1.5975 10.0355
Car -1 -1 2.2424 0.0000 203.0775 143.6642 311.6442 1.4415 1.6093 4.0866 -10.4147 2.0631 12.7740 1.5584 9.7896
Car -1 -1 -0.9317 694.6398 182.2228 771.0967 221.6438 1.4572 1.5069 3.0598 4.9296 1.8554 29.0336 -0.7635 9.2844
Car -1 -1 1.8612 376.1696 183.7006 433.3565 221.1685 1.6696 1.6328 3.9218 -9.9926 2.2298 35.2645 1.5851 7.7928
Car -1 -1 2.2149 179.0301 184.6492 279.3231 231.4285 1.6145 1.5794 3.5733 -14.5730 2.0993 27.7427 1.7312 7.3520
Car -1 -1 -0.8797 668.0297 181.1983 746.3177 215.3269 1.5574 1.6492 4.0602 4.8359 1.9956 35.8760 -0.7457 5.2176
Car -1 -1 1.8249 507.3161 185.5860 539.7898 205.5911 1.4750 1.6363 4.0096 -6.9270 2.5352 57.9625 1.7059 2.9650
Car -1 -1 1.6733 574.6897 182.5928 596.7564 199.9868 1.4729 1.6165 3.7842 -2.1863 2.3797 65.2134 1.6398 2.0602
Car -1 -1 1.5246 617.8912 175.0566 643.6255 197.3217 1.4798 1.6073 3.9286 1.3840 1.6398 50.3237 1.5521 -0.4661
