Car -1 -1 1.8426 414.6239 183.5728 476.9859 223.4979 1.4487 1.5519 3.5101 -6.5523 1.9055 28.9309 1.6199 11.5159
Pedestrian -1 -1 0.6233 1085.8630 206.9761 1241.0000 374.0000 1.7299 0.6318 0.8421 2.6482 1.9023 3.1485 1.3226 1.1112
Car -1 -1 -0.9886 720.8495 172.8345 845.2804 229.4986 1.5217 1.6280 4.0355 5.1416 1.5215 21.3468 -0.7522 10.9834
Pedestrian -1 -1 2.0898 291.4782 181.7287 355.3714 289.0721 1.6728 0.6344 0.8480 -4.7166 1.8238 11.7820 1.7090 1.0977
Car -1 -1 -1.6107 580.7341 178.7022 732.2258 326.6077 1.5675 1.6364 3.6395 0.4612 1.6606 9.6146 -1.5627 10.5427
Pedestrian -1 -1 -0.8672 690.2449 173.8223 712.5541 211.8238 1.6293 0.6351 0.7427 3.9430 1.6725 31.4430 -0.7424 -0.0823
Car -1 -1 2.1584 32.9209 192.8974 228.5211 274.4397 1.4543 1.6089 4.0119 -10.3237 1.9516 15.8712 1.5817 10.5231
Car -1 -1 1.8718 354.3496 181.3927 422.5748 220.9889 1.5996 1.6826 4.4189 -9.8580 2.0085 32.3132 1.5757 8.5058
Car -1 -1 -0.8974 690.8175 175.5783 764.2325 211.5014 1.5031 1.5184 3.2681 5.2157 1.6309 32.0990 -0.7363 8.2652
Car -1 -1 2.1531 229.1986 180.9647 314.9697 220.5388 1.5474 1.5798 3.6506 -14.4213 1.9169 30.9176 1.7167 7.3780
Car -1 -1 -0.8790 668.7362 175.5066 738.6397 204.9628 1.4966 1.6212 3.9076 5.0547 1.6472 38.9283 -0.7499 5.7117
Car -1 -1 1.8510 458.4819 179.8107 497.5469 203.6476 1.5098 1.5925 3.8839 -8.9222 2.0008 48.8831 1.6705 4.6442
Car -1 -1 -1.5890 1177.4421 170.9596 1241.0000 374.0000 1.5244 1.6196 3.9942 4.2863 1.5202 3.6529 -0.7239 4.3141
Car -1 -1 -1.6127 614.9071 176.1587 647.3369 206.0042 1.5408 1.6132 3.6777 1.0799 1.7306 39.5087 -1.5854 2.0547
Car -1 -1 -1.4601 601.2028 178.4744 655.6683 224.2198 1.5908 1.6560 4.0170 0.7359 1.8234 27.7088 -1.4336 2.0323
Car -1 -1 -2.0475 813.7635 184.6075 858.8207 206.5377 1.4640 1.5737 3.7259 16.3067 2.3477 52.2498 -1.7450 0.3579
Car -1 -1 1.8485 513.3169 180.3888 545.4474 199.1713 1.4951 1.6438 4.1428 -6.8358 2.1590 61.3583 1.7376 -0.1439
