Car -1 -1 2.1550 34.6514 190.2981 236.9997 269.3388 1.4222 1.6446 4.3066 -10.3316 1.8642 16.0995 1.5844 11.8728
Pedestrian -1 -1 3.3028 296.0725 176.4001 358.8520 284.3781 1.7258 0.6394 0.8799 -4.7202 1.7870 11.9625 2.9270 2.9119
Car -1 -1 -0.9926 720.1160 168.7956 843.1583 227.6957 1.5967 1.6521 4.0033 5.1423 1.4870 21.5329 -0.7581 11.7877
Pedestrian -1 -1 0.6289 1075.2627 209.2614 1241.0000 374.0000 1.7293 0.6362 0.8393 2.6797 1.9196 3.2748 1.3147 0.4096
Car -1 -1 -1.6247 573.5455 175.8132 778.3190 374.0000 1.6186 1.6490 3.7757 0.4929 1.6583 7.7004 -1.5608 11.5044
Car -1 -1 1.9164 352.5645 180.2345 426.0746 216.7447 1.4762 1.6976 4.6060 -9.8543 1.8326 32.4620 1.6217 10.2496
Car -1 -1 2.2108 230.4062 177.8153 318.1131 217.9507 1.5864 1.5556 3.6157 -14.3330 1.8127 30.9226 1.7768 7.1588
Car -1 -1 1.7768 514.5540 178.5945 550.9224 201.8226 1.4760 1.6697 4.0096 -5.2236 1.8823 48.9505 1.6704 6.4271
Car -1 -1 1.8502 401.3023 176.9739 453.1753 208.7317 1.5903 1.6392 4.0708 -9.7736 1.8236 38.7253 1.6030 6.2999
Car -1 -1 -0.8546 668.5042 174.2498 739.5424 202.7759 1.4602 1.5943 3.9744 5.0862 1.5397 39.0326 -0.7250 5.5141
Car -1 -1 1.8350 459.9020 178.7320 499.3471 202.2028 1.4910 1.6370 4.0378 -8.8238 1.9072 48.9586 1.6567 4.9908
Car -1 -1 -1.6862 1203.4715 151.1266 1241.0000 374.0000 1.5869 1.6970 4.1820 4.3271 1.5347 3.8717 -0.8454 4.7033
Car -1 -1 -0.8865 688.2599 173.3277 762.4471 207.7514 1.4598 1.5363 3.3095 5.1538 1.4824 32.3155 -0.7284 3.8308
Car -1 -1 1.9436 338.8185 176.7224 393.2080 204.2038 1.4725 1.5934 4.0180 -13.9199 1.7052 41.2793 1.6184 2.9894
Car -1 -1 -1.6338 594.0119 175.8516 662.9741 241.2172 1.6358 1.6599 3.9733 0.3788 1.7287 20.2606 -1.6152 2.0838
Car -1 -1 -1.5597 607.4202 173.7731 648.2079 214.2252 1.6044 1.6238 3.7733 0.7322 1.6462 30.6155 -1.5358 0.3083
Car -1 -1 -0.9995 844.4828 160.9118 892.1725 182.2585 1.6201 1.6492 3.9516 20.2639 0.7141 56.6162 -0.6558 0.1610
