Car -1 -1 -1.6201 568.3348 163.0565 765.6435 364.4039 1.7110 1.6772 3.7716 0.4378 1.6281 8.0189 -1.5656 12.0127
Pedestrian -1 -1 1.4450 306.2251 176.6548 354.5420 284.6806 1.7098 0.6388 0.8915 -4.7120 1.7763 12.0002 1.0708 2.4195
Car -1 -1 -0.9915 719.1598 171.0808 842.6078 228.8394 1.5606 1.6449 4.0132 5.1054 1.5130 21.4691 -0.7581 11.5459
Pedestrian -1 -1 0.6412 1086.7329 192.7500 1241.0000 374.0000 1.7069 0.6400 0.8452 2.6843 1.8087 3.1913 1.3406 0.1722
Car -1 -1 2.1549 37.9846 190.0523 230.4384 271.0790 1.4761 1.6230 3.9599 -10.3224 1.9047 15.9740 1.5812 10.7449
Pedestrian -1 -1 -1.4474 887.9601 156.9532 900.4508 182.4036 1.6592 0.6714 0.8151 18.7034 0.6229 47.5552 -1.0726 -0.0542
Car -1 -1 1.7669 479.5596 179.8996 520.7338 208.7549 1.4471 1.5447 3.4673 -5.8972 1.8437 38.8119 1.6162 9.3413
Pedestrian -1 -1 2.1620 267.6438 151.9885 282.7754 177.9377 1.6446 0.6200 0.6506 -21.4181 0.3225 46.0953 1.7270 -0.3722
Car -1 -1 1.9061 353.8244 181.7604 425.5127 219.0841 1.4995 1.6897 4.4774 -9.8071 1.9271 32.3405 1.6117 9.2639
Pedestrian -1 -1 -0.3720 846.6684 178.1485 888.6359 251.4056 1.5683 0.6477 0.6764 5.5933 1.6873 15.8271 -0.0323 -0.7993
Car -1 -1 1.8437 400.8467 178.6972 451.6199 210.7723 1.5901 1.6262 3.9213 -9.7659 1.9180 38.4673 1.5951 7.1230
Car -1 -1 -0.9133 690.4978 175.0447 762.2175 210.7617 1.5032 1.4980 3.2362 5.1842 1.6064 32.2209 -0.7538 6.5763
Car -1 -1 -0.8608 668.2158 174.5008 737.6646 203.0498 1.4568 1.6038 3.8344 5.0093 1.5502 38.9106 -0.7327 6.0866
Car -1 -1 2.2045 231.2081 179.4159 313.9232 216.5813 1.4571 1.4996 3.3433 -14.3156 1.7530 30.7033 1.7683 6.0756
Car -1 -1 -1.6508 1150.0393 174.6362 1241.0000 374.0000 1.5530 1.6220 4.0149 4.1798 1.5684 4.0445 -0.8489 5.3081
Car -1 -1 -1.6049 596.6819 177.5686 651.3205 229.9945 1.5275 1.6129 3.7000 0.3356 1.6918 23.2219 -1.5904 3.2252
Car -1 -1 1.7638 516.7940 177.9718 546.4327 197.6075 1.5820 1.6967 4.4412 -6.6711 2.0355 61.6038 1.6559 1.4348
Car -1 -1 1.6982 562.6831 176.0049 585.6200 193.0483 1.4755 1.5766 4.0238 -3.2333 1.7701 65.2962 1.6487 0.5329
Car -1 -1 1.6249 569.0649 186.6610 600.4120 214.1599 1.4919 1.6603 4.2163 -1.5075 2.3634 43.3998 1.5902 -0.4787
