Car -1 -1 2.1664 32.6075 190.2530 234.6047 274.2643 1.5167 1.6485 4.1944 -10.3348 1.9543 16.0149 1.5933 11.7982
Cyclist -1 -1 1.2562 807.2293 166.4744 819.7847 184.7606 1.7614 0.6524 1.8014 19.8352 1.1472 70.4103 1.5308 -0.3324
Pedestrian -1 -1 0.5974 289.5997 174.7152 360.5783 281.9713 1.7064 0.6387 0.8829 -4.7413 1.7386 11.8984 0.2182 1.2502
Car -1 -1 -0.9877 719.6737 171.0007 846.3495 229.0761 1.5664 1.6577 4.1439 5.1751 1.5168 21.4786 -0.7512 11.0723
Cyclist -1 -1 2.0049 259.0198 183.2049 341.5461 299.3581 1.6501 0.5380 1.6498 -4.8271 1.8235 11.2283 1.5989 -0.6642
Pedestrian -1 -1 -0.6760 1068.2386 172.0537 1241.0000 374.0000 1.7592 0.6366 0.8647 2.6168 1.7564 3.2100 0.0080 -0.2342
Car -1 -1 -1.6231 574.2256 159.7401 761.0333 360.7586 1.7948 1.6682 3.6721 0.4656 1.6780 8.2787 -1.5669 10.6620
Car -1 -1 1.9141 353.8293 183.1671 424.5179 219.9349 1.4735 1.6682 4.3252 -9.8374 1.9677 32.3487 1.6189 10.4916
Car -1 -1 1.7833 465.3116 180.8765 512.0294 213.3911 1.5248 1.5927 3.7222 -6.1446 1.9540 36.6670 1.6172 8.4041
Car -1 -1 1.8526 401.4602 179.0055 451.8113 211.5876 1.6218 1.6220 3.7736 -9.7680 1.9671 38.5468 1.6044 7.9442
Car -1 -1 -0.8781 668.9222 176.4262 738.8814 205.2628 1.4637 1.6334 3.9096 5.0789 1.6668 39.0276 -0.7487 7.4730
Car -1 -1 2.1923 230.1595 180.8273 316.1981 221.0922 1.5729 1.5582 3.5415 -14.3316 1.9347 30.8144 1.7569 7.1567
Car -1 -1 -0.8980 688.9545 176.0808 764.1154 211.5542 1.4870 1.5349 3.4005 5.2016 1.6393 32.2660 -0.7382 7.0214
Car -1 -1 -1.6530 1141.9383 163.5069 1241.0000 374.0000 1.5564 1.6642 4.0609 4.1622 1.5313 4.0416 -0.8529 5.7301
Car -1 -1 1.9915 453.9323 179.9010 499.8115 204.0442 1.5225 1.6257 3.8332 -8.9726 2.0191 48.7524 1.8095 3.2124
Car -1 -1 1.7091 560.0874 176.6247 585.9389 195.3333 1.5643 1.6944 4.3036 -3.2361 1.9078 63.4394 1.6582 3.1158
Car -1 -1 1.7068 517.7394 177.9813 543.6393 196.3968 1.4816 1.6542 4.0376 -6.7165 1.9315 61.2235 1.5975 3.0013
Car -1 -1 1.8245 439.4837 179.9996 477.1214 204.4046 1.5936 1.6371 3.9158 -10.5493 2.1116 50.2736 1.6176 -0.4289
