Car -1 -1 1.9562 248.9510 190.7700 387.5312 268.2123 1.5364 1.6290 4.1504 -6.8705 2.0196 17.3578 1.5793 13.0140
Pedestrian -1 -1 -2.2047 1074.0116 155.1332 1210.7201 346.1440 1.8347 0.7037 0.9430 5.3635 1.6649 7.4018 -1.5776 4.6830
Car -1 -1 -1.6023 600.8765 181.4267 669.5031 251.8382 1.6412 1.6421 3.6310 0.5485 1.8898 19.0755 -1.5735 12.8973
Pedestrian -1 -1 -1.8700 1014.0461 204.8349 1106.9705 345.8037 1.5750 0.7442 0.8254 5.3943 1.9863 8.7748 -1.3188 2.0513
Car -1 -1 -1.0997 765.2986 173.4494 939.8808 267.8177 1.6165 1.6388 4.0310 4.8822 1.6304 14.3754 -0.7723 11.7890
Pedestrian -1 -1 -1.3308 785.0618 176.4456 830.6617 271.2186 1.6459 0.6534 0.6758 3.5226 1.7133 13.0163 -1.0665 0.2204
Car -1 -1 -0.9415 701.8933 184.4313 793.9233 228.7332 1.3881 1.5157 3.2742 4.7994 1.8189 25.1517 -0.7529 9.9109
Pedestrian -1 -1 -1.4661 816.7250 183.1471 861.4023 267.2819 1.4152 0.6790 0.7538 3.9975 1.6041 12.7326 -1.1619 0.0857
Car -1 -1 -0.8889 671.8261 182.8777 758.3955 219.8445 1.4784 1.6359 3.9890 4.6470 1.9486 31.8654 -0.7441 8.6227
Pedestrian -1 -1 -1.4821 406.4473 193.3608 420.8548 224.6428 1.7501 0.7332 0.7696 -11.2940 2.9395 41.3894 -1.7485 -0.7233
Car -1 -1 1.8138 470.7615 186.8314 523.0046 219.9736 1.4506 1.6134 4.0119 -5.5175 2.1767 35.3926 1.6591 8.2372
Car -1 -1 2.1913 98.3626 186.9156 216.9926 239.8220 1.5337 1.5438 3.5043 -14.7442 2.0304 23.6674 1.6342 6.9329
Car -1 -1 1.8910 417.8042 186.0394 470.0583 215.6568 1.5356 1.6571 4.3360 -9.5425 2.3377 41.6351 1.6657 6.8619
Car -1 -1 1.8942 340.4726 181.8222 406.2152 226.7107 1.7937 1.6638 3.5707 -10.2389 2.2059 31.3373 1.5784 6.7471
Car -1 -1 2.0058 256.1349 189.8461 354.6162 239.2659 1.4739 1.6128 3.9426 -10.4229 2.1076 24.8928 1.6093 3.0919
Car -1 -1 1.6670 537.3050 184.0434 564.6703 206.6579 1.4968 1.5914 3.8292 -4.2116 2.3271 51.5872 1.5856 2.2434
Car -1 -1 -1.9888 856.1819 163.1911 900.8248 185.4497 1.4863 1.5707 3.5954 18.5320 0.8414 50.0211 -1.6340 1.4623
Car -1 -1 1.6015 648.8725 178.9422 666.6881 195.2786 1.5284 1.6327 3.9288 4.7122 2.1455 71.0551 1.6677 0.3003
