Car -1 -1 -1.6038 601.3581 180.7791 683.1231 262.6467 1.6036 1.6416 3.6259 0.6034 1.8030 16.2987 -1.5668 13.2591
Cyclist -1 -1 1.3081 807.0076 162.8203 818.9177 181.4039 1.7274 0.6397 1.7738 19.0912 0.7951 67.9582 1.5820 -0.7643
Pedestrian -1 -1 -1.8582 923.9609 167.7275 987.6913 283.9121 1.7965 0.7070 0.8654 5.5042 1.7176 11.6357 -1.4163 3.4730
Car -1 -1 -0.9921 729.3356 176.4862 873.4794 246.7505 1.5921 1.6374 4.0218 4.9332 1.6954 18.5003 -0.7315 12.2592
Pedestrian -1 -1 -0.8755 690.1474 180.1813 716.1032 222.5153 1.6413 0.6658 0.7990 3.6582 1.9380 28.6651 -0.7486 -0.2976
Car -1 -1 2.2471 0.0000 202.0055 151.8129 309.1754 1.4840 1.6050 4.0123 -10.4449 2.0944 13.0895 1.5736 11.2489
Pedestrian -1 -1 -0.5961 894.2420 181.5351 958.3989 271.3475 1.5509 0.7147 0.7900 5.6202 1.7124 12.9638 -0.1870 -0.4041
Car -1 -1 1.9299 322.3829 188.2857 403.3826 231.7586 1.5447 1.6853 4.3886 -10.0010 2.2221 29.4311 1.6023 9.7160
Car -1 -1 1.8102 447.3375 186.0825 502.3116 222.9550 1.5188 1.6003 3.9080 -6.1770 2.1635 33.1451 1.6260 8.2339
Car -1 -1 -0.9261 693.9844 180.8551 770.1351 220.4539 1.4846 1.4937 3.0903 4.9431 1.8278 29.3031 -0.7590 8.1801
Car -1 -1 1.8662 378.2672 185.2252 434.1456 220.5308 1.5801 1.6051 3.8318 -10.0138 2.2237 35.5768 1.5918 7.2209
Car -1 -1 -0.8820 668.5551 181.3712 744.6572 214.3056 1.5089 1.6372 3.9335 4.8210 1.9571 35.9958 -0.7489 7.0782
Car -1 -1 2.1923 185.8684 187.2695 278.1798 228.9934 1.4404 1.5144 3.3052 -14.5368 2.0321 27.8523 1.7113 6.8405
Car -1 -1 1.7617 508.8217 185.2416 537.9394 205.0756 1.4786 1.5941 4.1199 -7.0115 2.5203 58.5379 1.6425 3.1973
Car -1 -1 1.6536 580.0366 181.7865 600.5994 198.8678 1.4791 1.5739 4.0236 -1.8099 2.3303 66.6738 1.6265 -0.2710
