Car -1 -1 1.9673 263.1487 190.1807 387.9250 263.1384 1.5396 1.5706 3.7118 -6.9841 2.0171 17.9908 1.5970 12.9831
Pedestrian -1 -1 0.1645 274.8290 180.6716 346.0152 294.5210 1.7013 0.6660 0.9324 -4.7120 1.8285 11.2699 -0.2316 1.8343
Car -1 -1 -1.6042 593.8684 180.6191 707.3386 293.6989 1.6223 1.6699 3.8123 0.5662 1.7782 12.5280 -1.5590 12.6659
Pedestrian -1 -1 -1.3408 414.5662 190.2282 432.1858 221.3300 1.5264 0.6980 0.7834 -9.4111 2.4095 36.2562 -1.5948 -0.4300
Car -1 -1 2.1832 1.9570 194.4907 218.0357 282.0734 1.4744 1.6248 4.1925 -10.3411 1.9968 15.2969 1.5887 12.0761
Car -1 -1 -0.9943 720.5586 172.6055 848.6647 233.9870 1.5985 1.6582 4.0232 5.0489 1.5924 20.7708 -0.7559 10.8443
Car -1 -1 1.7602 513.3721 182.2232 549.3656 206.4495 1.4570 1.6221 3.9157 -5.1028 2.0934 46.9674 1.6520 9.0693
Car -1 -1 1.8397 395.9290 179.2309 449.3176 215.3927 1.7619 1.7001 4.0470 -9.8071 2.1153 37.9068 1.5865 7.3337
Car -1 -1 2.1731 220.1734 181.6487 309.1676 223.7128 1.6027 1.5786 3.6341 -14.3977 1.9947 30.2089 1.7283 7.1056
Car -1 -1 -0.9003 687.1654 178.5354 767.1817 215.5560 1.5031 1.5850 3.5763 5.1313 1.7667 31.6331 -0.7395 7.0185
Car -1 -1 1.9400 347.4929 184.9727 421.5787 224.3178 1.5330 1.6705 4.2660 -9.8223 2.1015 31.6415 1.6390 6.4451
Car -1 -1 1.8794 457.8611 183.3913 497.2967 206.9275 1.4610 1.5610 3.6790 -8.8722 2.1968 48.4319 1.6983 4.4106
Car -1 -1 -2.2828 643.0693 179.7792 714.0413 209.8860 1.4759 1.5871 3.9018 3.5532 1.8642 38.3610 -2.1904 1.3969
