Car -1 -1 2.1647 34.4171 193.9751 228.1206 272.5509 1.3994 1.6079 3.9393 -10.3369 1.9232 15.8970 1.5881 12.1487
Cyclist -1 -1 1.4385 704.2788 157.6765 716.0743 180.9390 1.7173 0.6486 1.7572 7.4837 0.5972 54.1446 1.5759 -0.3589
Pedestrian -1 -1 2.8805 781.1335 168.7479 811.7135 229.3539 1.7192 0.6112 0.7178 5.3145 1.6031 20.7740 3.1309 2.1609
Car -1 -1 -0.9849 720.5730 171.2445 846.6710 230.0801 1.5765 1.6349 4.0853 5.1527 1.5337 21.3188 -0.7477 11.1764
Pedestrian -1 -1 1.4934 300.8173 180.4393 347.4104 289.7451 1.6908 0.6373 0.8653 -4.7216 1.8204 11.7610 1.1117 1.9475
Car -1 -1 -1.6097 587.6382 174.7043 732.9133 320.9514 1.6378 1.6372 3.6491 0.5385 1.6685 9.9610 -1.5557 11.1294
Pedestrian -1 -1 -1.9417 868.6627 164.7717 917.9498 256.6906 1.7829 0.6912 0.7368 5.5762 1.6265 14.3611 -1.5713 1.4417
Car -1 -1 1.8441 401.2069 183.2571 469.5413 227.4770 1.5209 1.5931 3.7171 -6.6342 1.9463 27.5890 1.6081 10.0498
Pedestrian -1 -1 -1.9374 844.7767 177.2951 886.5066 253.5215 1.6179 0.6406 0.7178 5.5112 1.7173 15.7227 -1.6003 -0.8152
Car -1 -1 2.1520 232.3276 182.2198 312.6786 220.0659 1.4733 1.4997 3.3634 -14.3323 1.8957 30.7358 1.7156 8.5908
Car -1 -1 1.8722 457.4488 179.9294 498.6200 203.3264 1.4751 1.6247 4.0117 -8.9093 1.9749 48.8411 1.6917 7.5784
Car -1 -1 -0.8695 690.4941 175.2201 766.7266 211.4275 1.5181 1.5500 3.3620 5.2719 1.6294 32.1509 -0.7070 6.9904
Car -1 -1 -0.8833 668.0686 174.8304 738.6598 204.7816 1.5247 1.6317 3.9680 5.0401 1.6370 38.9381 -0.7546 6.3448
Car -1 -1 1.8922 354.2494 183.1262 422.7311 220.9110 1.5010 1.6408 4.2425 -9.7548 1.9869 31.9653 1.5961 6.0390
Car -1 -1 -1.5419 600.8449 178.6461 645.7354 223.3241 1.6188 1.6621 3.9879 0.5426 1.8659 28.6985 -1.5230 4.2959
Car -1 -1 1.7605 516.2032 179.6308 544.9048 198.3892 1.5000 1.6703 4.1837 -6.7433 2.0973 61.4019 1.6511 1.7690
Car -1 -1 1.8932 336.8297 181.0655 389.7109 209.4457 1.4969 1.6286 4.1746 -14.1008 1.9917 41.3568 1.5646 1.2470
Car -1 -1 1.6954 535.3045 180.6782 562.0556 201.3087 1.4872 1.5685 4.0194 -4.7146 2.1127 55.5990 1.6108 1.0363
Car -1 -1 -1.5532 1160.4900 139.6997 1241.0000 374.0000 1.5385 1.6126 4.0370 4.3215 1.4571 3.6815 -0.6880 0.7783
