Car -1 -1 -1.0736 742.6226 178.2356 870.2040 250.2756 1.4720 1.4771 3.2427 4.5484 1.6093 16.6741 -0.8073 13.4656
Pedestrian -1 -1 -3.5618 799.1428 157.0687 815.9726 184.9717 1.7073 0.6355 0.8126 12.1553 0.7418 44.5218 -3.2953 0.3556
Car -1 -1 2.1165 39.0265 190.6544 294.5222 324.1766 1.5977 1.5891 3.6927 -6.4762 1.9149 10.9827 1.5837 13.3770
Car -1 -1 -1.5806 591.5726 179.9028 656.3946 245.4661 1.6265 1.6442 3.6985 0.3168 1.8418 20.1499 -1.5649 12.5696
Car -1 -1 -0.9568 688.0846 180.2725 792.8010 232.3676 1.5109 1.5680 3.5364 4.2048 1.7686 23.2349 -0.7777 11.3092
Car -1 -1 1.8768 414.2634 182.8741 488.4807 229.3331 1.6063 1.6673 4.0210 -6.0824 2.0233 27.9195 1.6623 9.4112
Car -1 -1 1.9895 354.5774 185.2286 428.4576 221.2016 1.4564 1.6236 4.2927 -9.9223 2.0607 32.9771 1.6972 8.8051
Car -1 -1 1.9939 216.1174 181.0218 324.0212 244.4584 1.7798 1.6411 3.7992 -10.5724 2.0581 22.6438 1.5570 8.5896
Car -1 -1 -1.4631 1012.7193 173.3866 1241.0000 374.0000 1.5365 1.6147 3.9570 4.6634 1.5426 5.7361 -0.7805 8.1366
Car -1 -1 2.2026 28.1877 194.3292 241.4646 277.4826 1.4897 1.6718 4.5375 -10.5479 2.0482 16.4350 1.6320 7.2204
Car -1 -1 1.7301 523.7910 181.4958 559.5439 206.7475 1.5020 1.6575 4.1488 -4.3849 2.0847 46.4941 1.6361 5.1935
Car -1 -1 -1.4676 641.9458 177.8086 665.6547 196.1086 1.4531 1.6019 3.7667 3.6695 1.8816 60.3580 -1.4068 3.4439
Car -1 -1 1.8694 467.5687 185.7572 508.4621 210.8050 1.4576 1.5588 3.6525 -7.7386 2.3125 45.8692 1.7023 1.0548
Car -1 -1 -3.3244 775.6333 174.3322 837.3516 197.0560 1.5724 1.6401 3.9780 13.8279 1.6794 51.0339 -3.0598 -0.7769
