Car -1 -1 2.0876 129.4405 190.6628 289.2663 259.6013 1.5044 1.6748 4.5362 -10.4643 2.0352 19.2055 1.5887 14.1299
Cyclist -1 -1 1.2996 810.2026 176.9126 824.3534 199.3347 1.6250 0.5905 1.6272 15.3058 1.9303 53.3997 1.5788 0.2080
Pedestrian -1 -1 -1.4521 703.8303 177.0609 727.8391 225.6241 1.6112 0.7161 0.8233 3.5558 1.7573 24.5108 -1.3080 -0.1682
Car -1 -1 1.9372 293.1814 183.8480 412.8762 261.0943 1.6870 1.5984 3.7311 -6.3719 1.9932 18.1806 1.6001 13.1690
Pedestrian -1 -1 -1.1683 676.2840 180.0086 702.1904 228.8489 1.6587 0.6390 0.7935 2.7213 1.9135 25.1518 -1.0605 -0.2465
Car -1 -1 -1.5826 594.1520 179.8286 659.4704 244.3118 1.6017 1.6594 3.7250 0.3925 1.8154 20.1931 -1.5631 12.4496
Car -1 -1 -1.0159 723.4507 180.2588 839.2333 240.0994 1.4363 1.4797 3.3796 4.6266 1.6540 19.4569 -0.7824 12.3310
Car -1 -1 -1.2977 872.2582 173.2260 1133.9226 342.3428 1.5072 1.6144 4.1093 4.7191 1.5130 8.4637 -0.7891 11.0427
Car -1 -1 -0.9150 680.3801 180.6644 782.5319 226.4038 1.4851 1.6191 3.8433 4.3791 1.7872 25.9737 -0.7479 9.8627
Car -1 -1 1.9785 257.2666 180.3077 354.9816 236.3758 1.7701 1.6796 4.0805 -10.5937 2.0538 25.3725 1.5830 9.2615
Car -1 -1 1.8124 467.2891 180.3524 519.2296 217.4793 1.6566 1.6264 3.7731 -5.6243 2.0401 34.9245 1.6527 7.3133
Car -1 -1 1.9531 380.3090 183.6012 444.4491 217.1971 1.5152 1.6703 4.1298 -9.8284 2.0847 36.0611 1.6870 4.8620
Car -1 -1 1.8930 544.6338 180.9831 580.1596 202.1161 1.4671 1.5619 3.6337 -3.5217 2.0928 53.5475 1.8273 3.6887
Car -1 -1 -1.4855 633.7195 175.6589 657.3943 194.4239 1.4631 1.6044 3.9240 2.9101 1.7005 58.9226 -1.4361 3.3544
Car -1 -1 1.9856 429.0022 189.9802 474.5920 214.8813 1.4570 1.5572 3.6355 -10.2450 2.6146 46.8152 1.7702 -0.3966
