Car -1 -1 2.0488 180.9236 188.5695 318.4831 250.6275 1.5232 1.6963 4.5282 -10.3929 2.0339 21.1449 1.5920 11.9306
Pedestrian -1 -1 -1.2081 325.5843 183.9459 348.2187 227.7241 1.7034 0.6208 0.7341 -10.8719 2.1494 28.6247 -1.5711 -0.0377
Car -1 -1 -1.5941 597.2349 178.7969 662.9398 245.3505 1.6444 1.6541 3.7576 0.4558 1.8254 20.0403 -1.5714 11.6307
Pedestrian -1 -1 -1.6061 701.6499 181.6260 721.9392 226.3081 1.5996 0.7072 0.7537 3.6754 1.9259 26.4000 -1.4678 -0.2517
Car -1 -1 1.9434 288.6424 180.4880 374.0388 232.0883 1.7672 1.6789 3.9668 -10.4649 2.0773 27.2856 1.5772 11.3162
Car -1 -1 -1.0129 714.8981 179.3537 818.2727 233.9608 1.4577 1.5071 3.2317 4.6308 1.6655 21.3424 -0.7993 11.2922
Car -1 -1 -1.2051 822.7283 169.5184 1043.8324 304.0534 1.5712 1.6076 3.8536 4.7041 1.5326 10.3490 -0.7784 11.0493
Car -1 -1 -0.9177 676.4926 180.9292 771.1489 223.6312 1.4988 1.6232 3.8420 4.4163 1.8335 27.9579 -0.7610 10.9639
Car -1 -1 1.8926 372.8354 182.9527 462.2239 238.6447 1.5999 1.6342 3.9689 -6.1940 1.9575 23.4947 1.6348 9.2035
Car -1 -1 2.3077 0.0000 185.0296 148.6036 252.7895 1.6213 1.5978 3.6847 -14.8413 1.9890 19.8579 1.6659 7.9376
Car -1 -1 1.7680 493.0287 183.0767 536.4844 212.7058 1.5089 1.6436 4.0390 -5.2885 2.1088 40.2411 1.6374 5.8226
Car -1 -1 1.7376 561.2171 181.4639 588.2882 200.6963 1.4775 1.5846 3.9993 -2.8884 2.2111 59.3687 1.6890 3.3644
Car -1 -1 1.8507 477.3661 183.3765 517.1270 206.6249 1.4858 1.6300 4.2494 -7.8381 2.2523 50.3224 1.6962 1.3610
Car -1 -1 1.5690 630.7025 175.2614 652.0910 194.7738 1.4933 1.6517 4.1633 2.4862 1.6937 57.8514 1.6119 0.6118
