Car -1 -1 -1.6082 602.9179 181.3293 678.8749 258.5595 1.6389 1.6536 3.5807 0.6187 1.8658 17.4940 -1.5729 12.1939
Pedestrian -1 -1 2.7472 1004.0619 212.1618 1052.4504 300.8070 1.7558 0.6204 0.6801 8.6058 2.5899 14.9510 3.2695 -0.3560
Car -1 -1 1.9615 302.6623 189.0526 392.1704 234.3926 1.5124 1.6847 4.4408 -10.0740 2.1906 27.9332 1.6154 11.5325
Pedestrian -1 -1 0.5714 95.0369 194.5113 202.0838 356.7169 1.6054 0.6079 0.7284 -4.8462 1.8408 7.5240 -0.0008 -0.7443
Car -1 -1 -1.0405 740.1458 179.3768 892.3952 252.5069 1.4979 1.6225 4.0965 4.9358 1.6712 17.1317 -0.7600 11.4755
Car -1 -1 1.8532 394.8074 187.2467 471.7531 235.6186 1.5856 1.6781 4.2740 -6.5727 2.1701 27.1131 1.6154 10.5065
Car -1 -1 -0.9197 695.3259 181.8415 778.9682 224.9309 1.5276 1.5235 3.2663 4.9131 1.8968 27.9409 -0.7456 9.6598
Car -1 -1 2.3173 0.0000 203.4172 102.7216 329.4904 1.4766 1.5949 4.2048 -10.4880 2.0571 11.5821 1.5814 9.4910
Car -1 -1 -0.9018 671.7666 182.2905 747.6736 216.0392 1.4807 1.6056 3.7847 4.7819 1.9583 34.5998 -0.7644 6.5585
Car -1 -1 2.2314 159.8314 186.5781 264.1638 232.6771 1.5052 1.5247 3.5054 -14.5519 2.0451 26.5102 1.7294 6.4760
Car -1 -1 1.7473 514.9001 186.3366 551.7177 212.3073 1.4682 1.6295 3.8109 -4.7455 2.3420 44.7809 1.6418 4.8850
Car -1 -1 0.2189 566.3706 189.5684 627.7185 211.2790 1.4906 1.6529 4.2195 -0.9568 2.7395 52.6630 0.2008 0.4309
Car -1 -1 1.6493 563.4159 181.7503 586.2373 200.4376 1.4742 1.6230 3.8565 -2.9531 2.2474 60.7265 1.6007 0.4263
Car -1 -1 1.5820 622.2999 176.0412 644.8535 197.5679 1.4724 1.5610 3.8541 1.6869 1.7106 51.8874 1.6145 -0.4223
Car -1 -1 -1.1805 438.9665 190.1700 484.0886 216.2468 1.4641 1.5318 3.4987 -9.2109 2.5853 44.8414 -1.3831 -0.6920
