Car -1 -1 -1.0303 729.1714 175.5532 858.6890 240.8898 1.5699 1.6245 3.8576 4.9749 1.6502 19.4275 -0.7796 11.8125
Pedestrian -1 -1 1.9680 228.5023 182.6136 303.6272 306.3053 1.6052 0.6325 0.9040 -4.7507 1.7458 9.9019 1.5206 3.2751
Car -1 -1 -1.5806 601.6232 183.4684 687.0242 269.5221 1.5524 1.5952 3.5879 0.6469 1.8044 15.2815 -1.5383 11.6112
Pedestrian -1 -1 -1.6553 884.1299 187.0712 926.8480 276.2472 1.6327 0.6928 0.7529 5.5944 1.9144 13.8168 -1.2706 -0.5141
Car -1 -1 1.9148 332.1505 187.4403 412.3380 228.4362 1.4983 1.7148 4.7221 -9.9458 2.1625 30.4493 1.5991 10.1474
Pedestrian -1 -1 -0.7532 750.6981 181.8786 790.9766 243.5600 1.4823 0.6533 0.7275 3.9481 1.7129 17.9403 -0.5366 -0.8091
Car -1 -1 1.7873 469.9671 185.4246 518.8242 217.7650 1.5153 1.6599 4.1438 -5.9881 2.2071 37.5681 1.6293 9.4791
Car -1 -1 -0.9351 689.5234 180.6179 771.3452 220.6099 1.5424 1.5823 3.5735 5.0617 1.8888 30.3406 -0.7698 9.4312
Car -1 -1 2.2068 0.0000 200.4719 175.5705 298.0228 1.4872 1.6143 3.7848 -10.4018 2.0949 13.9667 1.5667 9.2896
Car -1 -1 2.3723 0.0000 200.3999 107.6006 374.0000 1.6060 1.6184 3.9379 -7.2984 1.9586 7.2451 1.5832 8.8308
Car -1 -1 -0.8799 669.1566 182.4251 742.1692 214.2510 1.4954 1.6303 3.8474 4.8983 2.0113 36.9528 -0.7482 8.3515
Car -1 -1 1.8540 385.9358 181.7366 441.2743 219.3517 1.7554 1.6591 3.9982 -9.9339 2.2316 36.6351 1.5893 7.4934
Car -1 -1 2.1572 199.0302 186.8080 287.4603 228.6134 1.4914 1.5407 3.3366 -14.5116 2.0798 28.6523 1.6883 6.6593
Car -1 -1 1.8026 543.5923 184.0881 576.6110 205.1725 1.4672 1.6125 4.0197 -3.7584 2.3502 54.5742 1.7338 2.4621
Car -1 -1 1.7386 511.2489 184.5469 538.4749 204.5812 1.5294 1.5940 3.9340 -6.9994 2.5253 59.4249 1.6213 2.1476
Car -1 -1 1.7898 451.8986 185.4325 489.2458 210.8253 1.5099 1.5889 3.7962 -9.0118 2.3583 46.7224 1.5993 1.8243
Car -1 -1 -1.5282 619.5964 174.3687 645.6438 197.4339 1.4691 1.5789 3.8354 1.5137 1.5748 48.1852 -1.4968 0.6741
