Car -1 -1 2.2110 120.8197 184.2104 310.3195 265.0892 1.5845 1.6639 4.2942 -9.0875 1.8880 17.0110 1.7203 13.4767
Cyclist -1 -1 -3.6307 1090.3035 153.0540 1139.1542 191.6351 1.7214 0.5783 1.7399 22.7400 0.8383 32.5814 -3.0214 1.0953
Pedestrian -1 -1 -2.0253 978.0850 155.7463 998.9432 188.0188 1.6759 0.6829 0.8094 19.8304 0.7879 37.8802 -1.5430 0.1305
Car -1 -1 -1.5832 641.0912 174.8291 708.8065 239.4462 1.5339 1.6178 3.7882 1.6441 1.5922 19.1930 -1.4977 12.7111
Cyclist -1 -1 1.2083 813.4772 169.3805 826.2517 187.2030 1.6927 0.6050 1.7283 20.1643 1.3631 69.4099 1.4910 -0.7453
Pedestrian -1 -1 1.2051 0.0000 145.8712 26.9691 205.9694 1.7570 0.5959 0.6821 -17.9550 0.9685 21.5179 0.5097 -0.3429
Car -1 -1 2.0035 404.8394 180.7673 488.8953 219.6692 1.4211 1.6585 4.4304 -6.6293 1.7723 29.6470 1.7835 11.7297
Car -1 -1 -1.3692 946.8035 173.2353 1241.0000 374.0000 1.5080 1.6162 3.8025 4.6647 1.5129 6.6913 -0.7604 11.3933
Car -1 -1 1.8661 489.4549 170.4429 558.0742 219.5305 1.7887 1.6552 3.7251 -3.3412 1.7012 28.2686 1.7484 11.3541
Car -1 -1 -0.9266 713.7852 169.7457 773.4745 195.7787 1.5258 1.6243 3.8231 8.1782 1.3439 44.1776 -0.7436 7.8554
Car -1 -1 2.4521 0.0000 187.3431 128.5638 264.5528 1.4478 1.6007 3.8359 -13.2602 1.8171 16.3310 1.7701 3.1545
