Car -1 -1 2.1666 0.0000 188.1972 273.6424 330.1037 1.5886 1.6362 3.9421 -6.7247 1.8546 10.4971 1.5968 15.4947
Cyclist -1 -1 1.3004 802.1114 161.0977 822.9203 193.8159 1.6936 0.6231 1.7135 10.6745 1.0854 38.2032 1.5729 2.2687
Pedestrian -1 -1 3.4751 337.9144 182.7587 363.6889 226.6681 1.5603 0.6247 0.7130 -9.4140 1.9233 26.0969 3.1289 -0.1840
Car -1 -1 -1.0434 726.8306 174.5192 876.1180 254.3276 1.5570 1.5643 3.6664 4.2724 1.5986 15.9983 -0.7824 13.4572
Cyclist -1 -1 1.2327 857.9991 181.0240 870.4018 198.7098 1.6836 0.6063 1.7091 24.7540 2.4900 70.3294 1.5711 -0.4856
Pedestrian -1 -1 0.6788 92.2770 152.8770 120.2777 199.2089 1.7853 0.5840 0.6788 -19.6671 1.0159 28.1149 0.0684 -0.7177
Car -1 -1 2.0579 278.5345 182.3126 382.8825 231.5066 1.5504 1.6705 4.2667 -9.8894 1.9182 25.8089 1.6920 13.0788
Pedestrian -1 -1 1.0608 178.9091 159.1535 201.2653 198.4446 1.6964 0.6000 0.6592 -18.4165 1.1052 31.5752 0.5327 -0.7217
Car -1 -1 -1.2276 850.2590 175.9885 1065.9043 317.4751 1.4994 1.5005 3.3073 4.5802 1.5480 9.4114 -0.7747 12.0411
Pedestrian -1 -1 1.1482 31.7718 163.4361 60.0025 214.3374 1.8113 0.5821 0.6655 -20.4375 1.4765 26.0846 0.4836 -0.8232
Car -1 -1 -1.5682 595.4074 176.4001 662.3061 243.8768 1.6529 1.6581 3.6414 0.4653 1.7592 19.7072 -1.5446 11.7054
Car -1 -1 1.8672 414.1425 182.0399 496.0638 228.3684 1.5114 1.6924 4.6395 -5.6850 1.8843 26.8680 1.6587 10.6414
Car -1 -1 2.1821 0.0000 172.9708 208.7330 253.3508 1.4973 1.6263 4.0330 -10.6040 1.5005 15.4686 1.5812 7.0197
Car -1 -1 1.7632 563.3803 176.2039 596.2635 199.0320 1.5515 1.6452 3.8658 -2.1487 1.8012 51.6677 1.7217 5.1526
Car -1 -1 -1.5369 669.4450 174.2826 688.7559 191.3393 1.4479 1.5710 3.6133 6.0789 1.5777 63.4569 -1.4414 1.9261
