Car -1 -1 1.9068 450.3994 171.7250 541.2802 232.2085 1.7137 1.6321 3.7792 -3.4903 1.6821 22.4467 1.7525 12.9334
Cyclist -1 -1 -0.6036 1148.5938 149.8285 1201.3849 191.0073 1.6877 0.5513 1.7121 23.3572 0.7443 29.8947 0.0597 2.0062
Pedestrian -1 -1 1.8012 1161.7946 150.8963 1186.9024 192.9251 1.7113 0.6380 0.8714 23.3450 0.8176 29.8972 2.4642 1.0884
Car -1 -1 2.2840 59.6322 185.1530 283.1705 278.2180 1.5672 1.6274 4.1107 -8.8113 1.8583 14.8878 1.7496 12.6823
Pedestrian -1 -1 -0.7079 1101.2266 200.1636 1241.0000 374.0000 1.7578 0.6398 0.8900 3.1802 1.9136 3.7790 -0.0083 -0.7566
Car -1 -1 -1.5976 661.5616 168.2897 733.1116 237.7764 1.6489 1.6937 3.9543 2.2013 1.5409 19.1626 -1.4832 12.2767
Car -1 -1 2.0021 401.1660 178.6174 489.9497 221.4792 1.4569 1.6308 4.3095 -6.1721 1.6945 27.4132 1.7806 8.1346
Car -1 -1 -1.6273 1158.8670 179.5369 1241.0000 374.0000 1.5071 1.6493 3.8926 4.6108 1.5674 4.4798 -0.8275 5.7674
Car -1 -1 2.2426 0.0000 185.8313 57.5744 279.6586 1.4810 1.6233 3.8568 -12.8919 1.7674 13.9187 1.4954 1.6056
Car -1 -1 -0.8171 756.6222 170.3496 821.2585 195.7327 1.4516 1.5946 3.7599 10.6347 1.3087 42.9512 -0.5744 1.1599
Car -1 -1 -1.8680 829.3924 166.9510 859.2492 183.2610 1.5057 1.6000 3.9802 22.2223 0.9611 68.6085 -1.5547 0.0845
Car -1 -1 -1.4672 1157.8813 151.9020 1193.4236 173.8376 1.5371 1.6084 4.2790 41.2782 0.0693 52.6557 -0.8023 -0.6184
