Car -1 -1 2.2200 103.4755 180.4138 295.8801 267.1792 1.6525 1.6592 3.9963 -9.0156 1.8445 16.1994 1.7122 13.0077
Cyclist -1 -1 1.0666 1007.0936 164.4746 1044.7145 206.0624 1.6314 0.5979 1.6343 16.7255 1.3031 29.1239 1.5879 1.6801
Pedestrian -1 -1 1.0372 1012.7057 161.2414 1039.8991 203.9665 1.7022 0.6180 0.8236 16.7752 1.2399 29.1583 1.5592 0.5303
Car -1 -1 -1.5757 645.9415 172.0675 713.9727 240.0776 1.6253 1.6249 3.7039 1.7894 1.6069 19.1569 -1.4825 12.4856
Cyclist -1 -1 1.2240 820.4950 169.1652 832.7284 187.0495 1.6796 0.5767 1.6785 20.5749 1.3336 68.6158 1.5153 -0.3510
Pedestrian -1 -1 0.2325 420.1018 153.1181 443.2011 193.5441 1.7958 0.6391 0.8836 -8.0378 0.9195 32.3744 -0.0108 -0.4256
Car -1 -1 1.8689 478.7865 171.1199 551.4586 222.9303 1.7506 1.6284 3.6373 -3.4200 1.6924 26.3072 1.7396 11.9248
Car -1 -1 2.0116 403.4470 180.2103 489.5278 221.0398 1.4572 1.6482 4.3747 -6.4749 1.7758 28.8975 1.7911 11.6048
Car -1 -1 -1.3912 994.9263 176.1473 1241.0000 374.0000 1.4641 1.6191 4.0031 4.7694 1.5002 5.9066 -0.7120 10.7987
Car -1 -1 -0.9089 726.8699 169.8542 788.8430 195.6375 1.4971 1.6183 3.9185 8.9670 1.3233 43.7801 -0.7069 7.2017
Car -1 -1 2.0348 330.7820 184.7570 416.4196 227.0702 1.4603 1.6456 3.7617 -9.1132 1.9553 27.9967 1.7201 1.0074
Car -1 -1 2.3806 0.0000 187.0984 92.7982 268.9063 1.4563 1.5592 3.5536 -13.2031 1.7958 15.3296 1.6696 0.5530
Car -1 -1 2.1191 325.7986 180.7394 409.5715 218.4977 1.4752 1.6119 3.9374 -10.4068 1.8392 31.1644 1.7968 -0.2679
