Car -1 -1 -1.2139 847.4623 170.2451 1091.9313 318.8256 1.4760 1.5471 3.5811 4.5178 1.4505 8.9488 -0.7463 13.6482
Cyclist -1 -1 1.1820 886.2970 161.3214 901.5723 180.6395 1.7500 0.6680 1.8093 26.0503 0.7056 66.2700 1.5565 1.1775
Pedestrian -1 -1 3.5643 250.0053 180.4238 289.5603 248.0343 1.6833 0.6279 0.7166 -8.6956 1.8796 18.3545 3.1219 -0.1554
Car -1 -1 -1.5765 619.5767 173.2837 687.1704 240.7755 1.6260 1.6317 3.7708 1.0935 1.6390 19.3291 -1.5200 11.7958
Car -1 -1 2.2233 0.0000 187.9974 280.1408 364.0990 1.5979 1.6848 4.4468 -6.2234 1.8391 9.2029 1.6287 11.3790
Car -1 -1 1.9834 409.0259 180.3889 487.4853 216.9122 1.4412 1.6669 4.6201 -7.0772 1.8001 31.8990 1.7651 10.0980
Car -1 -1 1.8416 513.2402 174.9557 567.3041 211.1098 1.5977 1.6200 3.6596 -3.2678 1.7029 34.0520 1.7459 9.8200
Car -1 -1 2.1640 173.7284 182.5874 322.7097 254.3180 1.6437 1.6344 3.8650 -9.4426 1.9292 19.1054 1.7049 8.1313
Car -1 -1 -1.0663 681.5961 173.6618 735.2053 198.0436 1.4508 1.6144 3.9526 6.1645 1.5040 45.1357 -0.9306 5.2974
Car -1 -1 2.3687 0.0000 185.4399 169.7705 260.1867 1.5730 1.6789 4.3999 -13.6102 1.9321 18.2615 1.7282 3.8995
Car -1 -1 -2.3297 973.0830 165.7474 1017.7782 181.3067 1.4777 1.6098 3.9056 37.6557 0.8031 70.6179 -1.8398 1.2942
Car -1 -1 1.8330 564.7074 180.9991 599.9262 202.6106 1.4834 1.6133 4.0179 -2.0279 2.1093 53.2722 1.7949 1.1506
Car -1 -1 1.4783 716.0814 165.5973 737.5673 182.2151 1.4749 1.5793 3.9442 10.6465 0.8312 66.0590 1.6381 -0.1121
Car -1 -1 1.6491 548.6824 175.7901 573.9512 196.1297 1.4805 1.6108 4.1534 -3.7148 1.7140 55.2045 1.5819 -0.4241
