Car -1 -1 -1.1083 772.4473 175.0320 969.7778 281.5506 1.5055 1.5965 3.7849 4.4449 1.5482 12.1526 -0.7576 14.0186
Pedestrian -1 -1 1.1417 908.1100 170.1312 927.7358 202.8221 1.6517 0.6296 0.8395 15.6973 1.5145 36.8804 1.5441 0.8838
Car -1 -1 2.0015 265.5405 183.4661 423.6493 262.9679 1.5411 1.7062 4.5674 -6.0485 1.8256 16.9616 1.6590 12.8078
Pedestrian -1 -1 0.2280 426.7225 159.8695 445.3908 193.5400 1.7663 0.6501 0.8357 -9.2363 1.0855 38.1766 -0.0093 -0.6063
Car -1 -1 -1.5809 603.2894 175.8458 672.4481 243.1211 1.6158 1.6786 3.8737 0.6742 1.7049 19.4576 -1.5463 12.2067
Pedestrian -1 -1 0.1827 455.6134 146.8677 471.1413 176.3610 1.6623 0.6396 0.7618 -8.3615 0.1980 40.9906 -0.0185 -0.7106
Car -1 -1 2.0979 227.1434 183.1643 352.2950 240.4012 1.5158 1.6233 4.1317 -9.6536 1.8616 22.0236 1.6848 9.9925
Pedestrian -1 -1 0.8206 64.7905 153.0114 95.7291 202.2162 1.7318 0.6164 0.6447 -18.9499 1.0338 25.7552 0.1863 -0.7736
Car -1 -1 -1.5063 1063.7785 172.7964 1241.0000 374.0000 1.5305 1.5180 3.4809 4.7098 1.5306 5.4961 -0.7978 9.0847
Car -1 -1 1.8334 538.4530 175.8562 580.8690 204.8649 1.5924 1.5825 3.5854 -2.9112 1.7751 41.9109 1.7640 9.0362
Car -1 -1 2.3041 0.0000 179.2820 111.6849 318.6528 1.8389 1.7054 4.0390 -10.4125 1.9619 11.7302 1.5782 8.6611
Car -1 -1 1.9539 417.0302 180.5116 486.0144 214.6354 1.4826 1.6882 4.4851 -7.5737 1.8768 34.7545 1.7393 8.0542
Car -1 -1 -1.2396 648.7685 174.5112 691.2940 199.3110 1.4941 1.5815 3.6648 3.8130 1.6041 45.7295 -1.1564 3.2468
Car -1 -1 2.2611 55.1607 183.0838 207.9655 240.0048 1.4548 1.6088 3.9185 -13.9131 1.7847 21.2061 1.6804 2.2148
