Car -1 -1 1.9862 263.4168 181.5666 403.6151 259.2730 1.6035 1.6474 4.0497 -6.5329 1.8392 17.4184 1.6274 14.6652
Pedestrian -1 -1 -0.7137 703.5139 177.4190 740.0261 245.0933 1.6513 0.6213 0.6593 2.7534 1.7690 18.1013 -0.5628 -0.3781
Car -1 -1 -1.5766 592.4706 173.5549 659.8133 242.3257 1.7139 1.6827 3.8455 0.3794 1.7355 19.9527 -1.5576 13.3478
Pedestrian -1 -1 0.1836 442.1530 178.7924 477.7721 251.6370 1.6479 0.6219 0.7067 -3.5132 1.7883 16.6918 -0.0238 -0.4652
Car -1 -1 2.1058 106.5235 178.1677 269.2227 257.4846 1.7612 1.6940 4.1201 -10.5647 1.9121 18.3672 1.5838 13.1643
Car -1 -1 -0.9853 707.6640 177.7257 838.7002 240.6186 1.4733 1.5693 3.7368 4.3253 1.6149 19.0455 -0.7620 12.3391
Car -1 -1 -1.1508 787.2487 175.3071 961.7489 280.3472 1.5295 1.5337 3.4314 4.5592 1.5778 12.3490 -0.7971 11.9465
Car -1 -1 2.2788 0.0000 194.3305 136.7844 314.1863 1.5281 1.7033 4.5148 -10.4349 1.9609 12.2663 1.5739 11.5240
Car -1 -1 1.8299 472.4922 180.3604 530.5713 213.7206 1.4552 1.6725 4.5095 -5.1922 1.8424 34.8544 1.6820 9.5740
Car -1 -1 1.6283 580.5686 176.8295 603.3516 196.1530 1.5140 1.6488 4.0227 -1.4776 1.8529 59.4050 1.6034 2.1413
Car -1 -1 -1.4498 537.4221 183.9346 563.2438 204.0471 1.4779 1.5801 3.9210 -4.7208 2.3873 57.2004 -1.5321 2.0443
Car -1 -1 -1.3237 658.2513 172.5883 687.3829 190.2048 1.4744 1.6127 3.8883 5.4505 1.4525 62.4878 -1.2367 1.8656
Car -1 -1 1.8806 441.9880 178.3670 492.0809 206.5851 1.4876 1.6263 4.0729 -8.0881 1.8173 40.9797 1.6858 1.6482
Car -1 -1 -2.0676 827.6418 163.5818 880.6755 187.7006 1.4994 1.5876 3.9111 15.7799 0.9233 46.9167 -1.7431 -0.0262
Car -1 -1 -1.6186 812.9365 177.8850 837.3785 198.2047 1.4849 1.6150 4.1679 16.6481 1.8915 56.0389 -1.3299 -0.5130
