Car -1 -1 -1.0898 763.3255 171.7542 942.6105 269.8932 1.5148 1.5783 3.5494 4.3849 1.4982 12.9313 -0.7629 14.3445
Cyclist -1 -1 1.1817 897.2422 171.8087 921.6019 203.9271 1.6502 0.5999 1.6454 15.6749 1.5968 37.8920 1.5739 0.8144
Pedestrian -1 -1 -1.0668 342.9559 180.2433 411.4509 287.8027 1.5347 0.6903 0.7719 -3.5228 1.6502 10.7973 -1.3822 2.4514
Car -1 -1 1.9562 306.1212 182.0418 443.7625 253.9219 1.5810 1.7330 4.8002 -6.0034 1.8542 18.9577 1.6495 13.1929
Pedestrian -1 -1 1.1354 900.8698 168.9077 919.0119 200.5180 1.6393 0.6138 0.7601 15.6765 1.4350 37.8082 1.5285 0.4393
Car -1 -1 -1.5676 602.5787 174.4804 669.0376 240.8164 1.6175 1.6303 3.5622 0.6481 1.6659 19.4893 -1.5343 12.7306
Pedestrian -1 -1 2.8033 994.8098 158.4184 1016.5865 190.5058 1.7349 0.6164 0.8874 21.5597 0.9548 39.3860 3.3042 0.4332
Car -1 -1 -1.4103 984.4787 175.1355 1241.0000 374.0000 1.5103 1.4836 3.2155 4.5327 1.5357 6.2417 -0.7823 11.8188
Pedestrian -1 -1 0.9356 302.2434 152.1697 322.5647 184.9046 1.6431 0.6380 0.7439 -15.1658 0.6052 36.6796 0.5435 0.0873
Car -1 -1 2.0844 237.6437 185.9542 358.7948 240.0675 1.4682 1.6269 4.2634 -9.7510 1.9236 22.8515 1.6811 10.5406
Car -1 -1 2.2606 0.0000 182.1867 134.9660 306.1385 1.7496 1.6624 4.0266 -10.4330 1.9378 12.5033 1.5653 10.5311
Car -1 -1 1.9614 421.3546 180.5427 485.5770 213.1505 1.4613 1.6208 4.1870 -7.6712 1.8642 35.5750 1.7490 8.2052
Car -1 -1 1.8021 543.1763 177.1699 582.2886 202.4495 1.4434 1.5701 3.6750 -2.8571 1.7174 43.8017 1.7369 7.2245
Car -1 -1 -1.2299 641.2417 174.5535 685.2974 198.6806 1.4624 1.5976 3.9032 3.4195 1.5764 46.1374 -1.1560 4.6647
Car -1 -1 2.2353 79.7085 182.8494 216.0429 236.9387 1.4489 1.5717 3.6390 -13.9176 1.7789 21.9107 1.6694 3.1647
Car -1 -1 -1.2833 685.6978 170.8815 714.0622 187.6211 1.4518 1.5687 3.5770 8.0440 1.2811 64.5275 -1.1592 1.3651
