Car -1 -1 -1.3172 546.3865 154.0255 608.2277 201.7670 2.4315 2.0339 5.6902 -1.7262 1.4729 39.7402 -1.3606 6.3597
Cyclist -1 -1 -1.2823 891.8728 160.8101 984.3043 306.3475 1.7077 0.6138 1.7712 4.2214 1.5667 9.3341 -0.8576 7.2387
Pedestrian -1 -1 0.3337 327.8775 168.7333 372.0521 245.8768 1.7319 0.6613 0.7799 -5.9985 1.6397 16.5322 -0.0143 4.7019
Car -1 -1 -0.7293 675.6722 152.3346 747.9389 179.7618 1.4962 1.6080 4.0376 5.7942 0.3772 41.1482 -0.5894 1.9851
Cyclist -1 -1 1.9904 498.4809 171.0589 530.5612 217.5089 1.7383 0.5589 1.7744 -3.7218 1.6715 27.9294 1.8580 4.1170
Pedestrian -1 -1 -0.6652 966.8918 158.6230 1046.3452 272.1481 1.7411 0.6408 0.9024 6.2315 1.5232 11.4540 -0.1670 4.3807
Car -1 -1 1.6395 609.6737 156.9192 628.3857 172.2210 1.4732 1.5972 3.8725 0.9044 -0.0642 71.6226 1.6521 1.6703
Cyclist -1 -1 -0.4759 580.7935 169.5319 618.9648 206.3996 1.7895 0.5763 1.8285 -0.5342 1.6286 35.7051 -0.4909 3.8690
Pedestrian -1 -1 -1.2015 246.9427 168.0905 296.1913 247.5159 1.7012 0.7075 0.9039 -7.5062 1.5996 15.9281 -1.6419 4.1734
Car -1 -1 -1.7561 738.0996 156.3410 767.5231 176.2194 1.4992 1.5458 3.9648 11.0984 0.2542 56.4037 -1.5619 0.9247
Cyclist -1 -1 -1.3337 253.6750 174.7824 301.6739 253.1533 1.6470 0.6059 1.6372 -7.4220 1.6927 16.0654 -1.7664 2.1528
Pedestrian -1 -1 2.8973 754.7556 161.1559 799.3161 255.4015 1.7678 0.6327 0.6993 3.1472 1.5487 13.8551 3.1207 3.8476
Cyclist -1 -1 1.9384 515.9495 168.3635 543.9696 210.6952 1.7538 0.6008 1.7556 -3.4447 1.5681 30.8153 1.8271 0.6883
Pedestrian -1 -1 1.3355 954.6668 160.2280 1006.0916 262.4304 1.7538 0.6393 0.8149 6.5287 1.5375 12.8498 1.8055 3.5057
Pedestrian -1 -1 -1.4640 908.5846 163.4612 975.2663 300.7866 1.6677 0.6947 0.8962 4.2453 1.5540 9.3224 -1.0367 3.1624
Pedestrian -1 -1 0.2603 419.8723 164.6760 437.2513 195.9306 1.7323 0.6294 0.8075 -10.1685 1.2794 40.3096 0.0132 -0.7973
