Car -1 -1 -1.2711 519.6449 155.6962 593.1616 213.5351 2.5635 2.0124 5.4597 -2.5046 1.8034 34.8636 -1.3428 9.0087
Cyclist -1 -1 1.8566 443.3718 169.3845 482.1040 231.5821 1.7865 0.6437 1.8637 -4.4473 1.6872 21.6778 1.6542 4.9430
Pedestrian -1 -1 1.1604 828.0514 159.6477 886.6649 273.3195 1.7505 0.6645 0.6780 3.8693 1.5475 11.4748 1.4856 4.8321
Car -1 -1 -2.8336 450.9023 179.4488 513.9635 202.5821 1.4675 1.5918 3.7756 -8.3883 1.9106 47.4009 -3.0088 2.4478
Cyclist -1 -1 -0.7487 593.4866 173.0539 630.8928 213.4085 1.7535 0.5290 1.7861 0.0681 1.7630 32.1582 -0.7466 4.0315
Pedestrian -1 -1 0.4727 184.2721 171.4739 256.1313 279.2374 1.6818 0.7206 0.7773 -6.3173 1.6606 11.6274 -0.0250 4.8032
Car -1 -1 0.7337 56.9386 166.9663 121.8881 186.9110 1.4779 1.5790 3.9304 -39.2969 1.0420 54.4619 0.1087 1.0879
Cyclist -1 -1 1.8986 460.7194 170.8705 494.4210 224.9723 1.7688 0.5874 1.7784 -4.5242 1.7043 24.5094 1.7160 3.3514
Pedestrian -1 -1 2.8237 807.1433 157.7165 891.4009 302.9529 1.7765 0.6335 0.8557 2.9598 1.5917 9.1418 3.1368 4.4736
Car -1 -1 0.3851 334.8434 181.1508 397.3512 203.4011 1.4873 1.5436 3.7827 -16.8254 2.0702 49.7691 0.0591 -0.2870
Pedestrian -1 -1 0.9260 1133.1621 155.4374 1241.0000 318.0929 1.7063 0.6719 0.7804 6.3375 1.5240 7.9657 1.5981 4.0794
Car -1 -1 -1.4553 1207.3127 213.0106 1241.0000 374.0000 1.4648 1.5704 3.7911 6.0915 1.8658 5.4597 -0.6153 -0.2967
Pedestrian -1 -1 -1.0233 112.1025 176.3778 189.3877 278.9002 1.6558 0.7707 0.8402 -7.7382 1.7174 12.1084 -1.5920 4.0328
Car -1 -1 2.0894 362.1710 173.9667 428.9444 203.4091 1.5058 1.6389 4.1566 -11.6253 1.5702 39.2783 1.8016 -0.5840
Pedestrian -1 -1 -0.9834 0.0000 181.7669 55.1525 273.7961 1.5917 0.7045 0.8853 -10.7568 1.7591 13.0454 -1.6730 2.8652
Car -1 -1 0.5418 334.5317 179.3234 410.9980 205.9196 1.4902 1.6194 3.9912 -13.9102 1.8805 42.2566 0.2238 -0.7370
