Car -1 -1 -2.0649 873.8705 191.1394 1241.0000 374.0000 1.3939 1.5711 3.7718 3.2647 1.5775 5.3014 -1.5130 7.2474
Cyclist -1 -1 -2.2319 687.7576 164.9903 711.3074 192.1091 1.7358 0.5656 1.7541 5.8013 1.2329 47.0802 -2.1093 0.8089
Pedestrian -1 -1 1.3575 746.3226 166.7173 765.9080 208.1390 1.7460 0.6760 0.7426 6.1892 1.4877 30.7876 1.5559 2.7531
Car -1 -1 -1.9379 724.3239 162.2279 765.0542 183.7792 1.4843 1.5865 3.8548 9.5798 0.7528 51.7326 -1.7548 0.5855
Cyclist -1 -1 1.6845 517.9918 173.2164 530.9300 200.5739 1.6892 0.6248 1.6719 -5.4082 1.7128 45.4086 1.5660 0.5761
Pedestrian -1 -1 1.3172 763.1998 167.8810 783.0608 208.8659 1.7011 0.6504 0.7308 6.8097 1.4951 30.3214 1.5381 2.6980
Car -1 -1 2.1935 86.6810 170.9748 187.5524 209.4534 1.4647 1.5532 3.7185 -19.1552 1.3935 29.3553 1.6153 0.5037
Cyclist -1 -1 1.6826 548.7296 169.8235 559.4553 192.3611 1.7182 0.6384 1.7525 -4.3502 1.4875 55.8913 1.6050 -0.6323
Pedestrian -1 -1 1.6699 519.2456 174.4330 530.6094 201.2515 1.6675 0.6309 0.8309 -5.3739 1.7680 45.3309 1.5520 -0.5918
Pedestrian -1 -1 1.6632 510.3988 172.1260 519.7694 194.9746 1.7019 0.6277 0.7914 -7.1474 1.6480 54.1477 1.5320 -0.6283
