Car -1 -1 -1.2697 479.2389 152.3408 569.2439 219.8818 2.4232 2.0077 5.5024 -3.3056 1.6876 28.7741 -1.3841 9.7080
Cyclist -1 -1 1.9756 309.5673 165.1516 382.9075 267.1323 1.7913 0.6223 1.8521 -4.9824 1.6563 13.6123 1.6247 6.7159
Pedestrian -1 -1 -1.8606 868.7404 167.2111 901.2280 221.9381 1.6484 0.7139 0.8663 8.4003 1.4788 22.1876 -1.4987 3.8800
Car -1 -1 -2.6491 401.3368 175.5313 479.2370 204.3290 1.5832 1.6635 4.0257 -9.7184 1.7414 41.2330 -2.8805 5.5691
Cyclist -1 -1 -0.9504 614.8882 170.2565 654.3650 217.3922 1.7833 0.5732 1.8543 0.9356 1.6854 28.2065 -0.9173 5.9119
Pedestrian -1 -1 3.7380 57.4123 166.7597 125.9040 258.7417 1.6677 0.5981 0.8424 -9.6585 1.5576 13.3906 3.1131 2.5855
Car -1 -1 -0.9944 55.7612 159.8205 129.4674 186.8304 1.4669 1.5917 3.8150 -29.4257 0.7594 41.1237 -1.6155 -0.2407
Cyclist -1 -1 1.9205 344.5968 161.3781 401.5271 247.7480 1.8478 0.6153 1.9076 -5.3978 1.6026 16.3966 1.6025 5.9037
Pedestrian -1 -1 2.8537 807.8215 170.0041 838.3148 216.3572 1.5798 0.5802 0.8791 7.2970 1.4830 24.8799 3.1390 1.1528
Car -1 -1 -1.6982 715.2799 164.0184 764.3468 208.6964 1.8821 1.6862 3.7509 5.7075 1.5102 32.3055 -1.5233 -0.4209
Cyclist -1 -1 -0.4977 968.6580 147.7853 1240.1200 372.0603 1.7000 0.6035 1.7420 3.8786 1.5103 5.8437 0.0883 1.2874
Pedestrian -1 -1 0.9899 953.1998 188.2594 1085.0754 374.0000 1.5161 0.6395 0.7183 3.2367 1.6497 5.8584 1.4946 1.1308
Car -1 -1 -0.9968 722.2876 173.7238 761.4737 191.2619 1.4705 1.5594 3.7477 11.4398 1.5485 62.5810 -0.8160 -0.7111
Cyclist -1 -1 2.0219 287.6136 163.6863 306.4723 187.2734 1.6594 0.5677 1.6696 -22.4019 1.0148 51.6054 1.6124 0.1614
Pedestrian -1 -1 0.4711 233.8821 180.7251 274.5973 239.9470 1.5635 0.6456 0.7774 -9.6354 1.7797 19.4602 0.0114 0.6250
Pedestrian -1 -1 0.6584 23.1109 183.5014 86.8738 272.0573 1.6097 0.6186 0.7175 -10.4220 1.8139 13.4970 0.0009 -0.0819
Pedestrian -1 -1 -0.0471 603.9301 169.1821 616.7284 196.6731 1.7076 0.6205 0.7716 -0.0143 1.4799 45.1436 -0.0474 -0.4149
Pedestrian -1 -1 0.9805 1067.2249 176.7108 1197.7963 357.8519 1.4722 0.5903 0.7643 4.4498 1.5082 6.2681 1.5979 -0.4328
Pedestrian -1 -1 0.0279 565.6086 171.4720 577.9946 199.7383 1.7032 0.6265 0.7344 -2.3491 1.6203 43.7961 -0.0257 -0.5815
