Car -1 -1 -1.2440 468.2346 146.9140 562.9550 223.1542 2.6045 2.0028 5.1468 -3.4718 1.7187 27.3678 -1.3702 8.3323
Cyclist -1 -1 2.0081 302.7527 166.0518 371.5042 257.0514 1.7198 0.6073 1.7651 -5.5084 1.5916 14.5361 1.6458 6.0899
Pedestrian -1 -1 -1.8818 874.5269 166.8375 911.0658 224.8650 1.6670 0.7675 0.8699 8.2446 1.4945 21.1821 -1.5106 4.3251
Car -1 -1 -2.6612 397.2663 175.4627 473.5481 202.6921 1.4459 1.5953 3.7780 -9.6437 1.5945 39.7749 -2.8991 6.1265
Cyclist -1 -1 -1.0054 621.2536 169.9935 659.1684 218.4795 1.7839 0.5543 1.8203 1.1219 1.6791 27.4506 -0.9646 5.7959
Pedestrian -1 -1 3.5955 0.0000 160.9310 68.6294 268.0046 1.7240 0.6529 0.9034 -9.7652 1.5323 12.0345 2.9138 3.6021
Car -1 -1 -1.3393 566.0071 155.0451 595.8313 173.5553 1.4769 1.6033 3.9431 -2.3910 0.0563 59.6546 -1.3793 1.1845
Cyclist -1 -1 2.0107 257.2728 165.0305 343.7502 280.5124 1.7490 0.6014 1.7845 -5.0741 1.6309 11.8274 1.6055 5.6243
Pedestrian -1 -1 -3.4394 809.5369 179.8761 845.5486 221.7977 1.3501 0.5681 1.0054 7.0691 1.5831 23.6177 -3.1486 1.8965
Car -1 -1 -0.2089 720.3455 177.0713 797.6108 203.7869 1.4673 1.5968 4.0221 8.3261 1.7103 40.6952 -0.0071 0.4971
Cyclist -1 -1 -3.3227 794.9879 166.9820 828.6368 197.6720 1.7839 0.6114 1.8200 11.7961 1.4430 42.3256 -3.0509 1.3899
Pedestrian -1 -1 0.0347 561.2388 168.2811 573.3425 198.7405 1.7799 0.6563 0.6902 -2.5467 1.5130 42.4968 -0.0252 0.2226
Cyclist -1 -1 2.0390 272.7083 158.1485 293.2326 183.1018 1.7076 0.5923 1.7163 -22.7902 0.7016 50.2422 1.6132 0.2587
Pedestrian -1 -1 0.0589 548.6038 167.1481 562.7034 197.2332 1.7216 0.6587 0.7745 -3.1663 1.3954 41.6219 -0.0170 -0.0622
Cyclist -1 -1 -0.0446 750.4834 165.7921 772.2132 187.0937 1.7186 0.5632 1.7039 12.2673 1.1492 58.6248 0.1617 -0.3832
Pedestrian -1 -1 -0.0303 599.7329 171.5933 612.5370 199.9995 1.7133 0.6222 0.7587 -0.2706 1.6376 43.8419 -0.0365 -0.2048
