Car -1 -1 2.1872 118.9246 172.3206 194.9229 204.1033 1.6232 1.5995 3.7213 -24.2756 1.5963 38.7512 1.6276 2.5554
Cyclist -1 -1 -1.2451 474.0332 167.2575 499.8773 207.8919 1.7739 0.6091 1.7816 -5.5549 1.5300 32.4240 -1.4148 3.0050
Pedestrian -1 -1 2.0547 323.7028 170.2013 351.6467 215.3761 1.7206 0.6786 0.8889 -10.5895 1.6199 27.9617 1.6927 2.0742
Car -1 -1 -1.7473 763.6958 171.9976 829.1541 216.1831 1.4612 1.6042 3.8133 6.5383 1.4333 25.8177 -1.4993 2.2082
Cyclist -1 -1 -1.3530 703.0827 165.5842 722.9969 200.2366 1.7167 0.6389 1.7611 5.2107 1.3569 36.6788 -1.2119 -0.2958
Pedestrian -1 -1 -0.3038 814.5618 158.7618 836.3585 199.1517 1.6833 0.6165 0.7275 9.0272 1.0963 30.3813 -0.0150 1.4748
Car -1 -1 -1.4470 763.8378 160.8525 837.6200 222.0857 1.7010 1.6919 4.2436 5.9403 1.3680 22.3252 -1.1870 0.8169
Pedestrian -1 -1 0.2643 387.6589 173.0587 418.8918 229.1927 1.6810 0.6058 0.7820 -6.3196 1.6877 21.9160 -0.0165 1.2618
Car -1 -1 0.8715 77.8062 187.4440 179.8672 222.7714 1.4884 1.6395 4.0588 -21.9439 2.1807 32.8674 0.2828 0.3438
Pedestrian -1 -1 0.2913 540.5584 166.2753 557.2050 195.0974 1.7732 0.6149 0.8909 -3.8234 1.3688 44.7794 0.2061 0.6418
Car -1 -1 1.3060 753.8153 161.1833 788.1499 181.8465 1.5285 1.6078 3.8674 12.2762 0.6655 55.3390 1.5243 -0.5386
Pedestrian -1 -1 -0.0352 477.5126 166.0252 498.0212 204.4973 1.7064 0.6340 0.8852 -5.5325 1.4039 32.4004 -0.2044 0.4442
Car -1 -1 1.0875 935.8179 135.8632 1027.1328 175.1386 1.5184 1.6237 4.1303 15.2584 0.0887 29.9679 1.5585 -0.7471
