Car -1 -1 0.8868 27.7977 192.4987 141.2026 232.8205 1.4755 1.6140 3.8309 -21.0710 2.2974 28.9025 0.2568 2.6930
Cyclist -1 -1 -1.2579 715.5850 166.3827 739.6982 206.0247 1.7543 0.5619 1.7907 5.3283 1.4683 32.8530 -1.0971 3.6511
Pedestrian -1 -1 0.6971 338.9003 168.5535 386.0453 238.3962 1.7129 0.6777 0.8975 -6.2779 1.6078 18.1700 0.3644 4.3024
Car -1 -1 -1.5481 575.6589 171.5911 595.9637 189.9923 1.4561 1.5772 3.6549 -1.9737 1.3565 58.9298 -1.5816 1.0398
Cyclist -1 -1 1.4824 702.6424 169.0719 716.5094 201.7123 1.6662 0.5685 1.6791 5.1558 1.4735 37.6826 1.6184 1.4303
Pedestrian -1 -1 2.0208 263.3657 169.7045 292.9237 223.5085 1.7543 0.6690 0.6585 -11.0127 1.6519 23.8577 1.5883 3.0313
Car -1 -1 2.5069 87.6534 178.0111 176.0249 209.2016 1.4586 1.5392 3.4647 -23.9837 1.7317 36.2572 1.9225 -0.5840
Cyclist -1 -1 1.6862 481.0402 172.0652 497.1575 207.4365 1.7044 0.5951 1.7041 -5.9994 1.6668 35.6323 1.5194 0.8349
Pedestrian -1 -1 -2.0496 1059.9434 140.9106 1109.8390 215.0605 1.6712 0.6882 0.7620 10.9116 0.9516 16.6732 -1.4701 1.6698
Cyclist -1 -1 -1.3063 457.0468 169.9594 483.8565 214.4523 1.7175 0.6212 1.7253 -5.5844 1.6062 28.7333 -1.4982 0.1413
Pedestrian -1 -1 1.4017 842.1318 158.3031 864.4811 206.5182 1.7895 0.6659 0.8411 9.1371 1.2498 27.2433 1.7253 0.7553
Pedestrian -1 -1 -1.8826 851.7299 167.2629 896.1025 248.6301 1.5615 0.6115 0.7764 5.1473 1.4546 14.2430 -1.5358 0.6328
Pedestrian -1 -1 0.2581 536.2257 168.8892 552.8332 199.6781 1.7427 0.6183 0.8145 -3.7716 1.5187 41.2107 0.1668 0.0040
Pedestrian -1 -1 -2.2055 1038.3606 121.5885 1085.2259 194.8841 1.7385 0.6284 0.7719 10.9115 0.5229 17.5206 -1.6485 -0.1281
Pedestrian -1 -1 1.7486 463.1654 167.0092 482.6441 212.8834 1.8080 0.6464 0.7291 -5.5103 1.5780 28.8022 1.5596 -0.5084
