Car -1 -1 -2.6882 378.1853 180.3722 459.1985 211.0075 1.5310 1.6097 3.7771 -10.0296 1.9370 37.7763 -2.9477 7.1152
Cyclist -1 -1 1.9606 226.4494 167.1705 312.5195 283.1836 1.7719 0.6416 1.8337 -5.6376 1.6854 11.9495 1.5198 7.1958
Pedestrian -1 -1 -1.8636 893.3104 166.3716 933.2350 229.3692 1.6670 0.7675 0.9073 8.1698 1.4958 19.5809 -1.4683 4.7714
Car -1 -1 -1.2616 451.8574 149.5106 550.7069 229.0256 2.5006 1.9705 5.0649 -3.7039 1.7668 25.3476 -1.4067 4.4040
Cyclist -1 -1 2.0823 136.5770 168.1099 264.1568 320.3233 1.7555 0.6068 1.8151 -5.2139 1.7011 9.2271 1.5679 6.6502
Pedestrian -1 -1 -3.6063 963.0279 161.7593 1006.6221 235.3148 1.7317 0.6878 0.6935 8.9452 1.4708 17.3317 -3.1299 2.9052
Car -1 -1 -1.7322 731.0263 146.7353 766.2652 171.3358 1.4823 1.5720 3.9344 8.7024 -0.1000 45.7051 -1.5440 0.6112
Cyclist -1 -1 -1.0751 627.1805 172.2454 666.1446 223.6608 1.8079 0.6090 1.8632 1.3111 1.7868 26.3224 -1.0253 5.2239
Pedestrian -1 -1 -2.2047 1164.9595 180.0383 1241.0000 337.8382 1.5381 0.6738 0.6499 6.2258 1.6156 7.4076 -1.5058 1.9824
Car -1 -1 -2.9303 559.7500 153.5379 612.3771 173.5684 1.5301 1.6037 3.8503 -1.8751 0.0549 56.2446 -2.9637 0.3855
Cyclist -1 -1 -3.3053 796.4417 164.7553 833.0182 197.1949 1.7976 0.6513 1.8891 11.4207 1.3492 40.4100 -3.0299 2.9702
Pedestrian -1 -1 0.5113 146.1935 181.8722 200.6072 252.5200 1.5337 0.6719 0.8152 -9.7808 1.7397 16.1005 -0.0346 1.2431
Car -1 -1 -0.2739 800.1752 173.1400 884.9713 199.8327 1.4857 1.6591 4.3054 13.1549 1.5027 41.0824 0.0359 0.0271
Cyclist -1 -1 1.8806 252.7162 164.5057 270.4471 190.4244 1.6989 0.5798 1.6899 -23.2810 1.1520 48.1691 1.4304 1.7015
Pedestrian -1 -1 -3.4615 823.2753 178.2803 862.4310 225.8469 1.4058 0.5929 0.9829 6.9468 1.5716 21.6921 -3.1516 1.1748
Cyclist -1 -1 -1.8780 799.6592 149.8954 817.3160 179.0295 1.7045 0.5137 1.7351 11.8096 0.3616 43.0873 -1.6105 1.0172
Pedestrian -1 -1 -0.0100 593.8617 175.9235 606.9044 205.0734 1.6789 0.6163 0.7510 -0.5959 1.8590 41.9381 -0.0243 -0.7215
Cyclist -1 -1 -2.9915 556.3447 154.8329 579.5396 176.9535 1.7012 0.5330 1.7319 -3.2773 0.3156 55.8311 -3.0501 -0.7340
Pedestrian -1 -1 -3.4396 817.4377 180.4505 849.9433 228.0257 1.5015 0.5783 0.8637 7.1259 1.7487 23.1512 -3.1410 -0.7245
