Car -1 -1 1.8637 352.8414 158.3974 382.9929 175.1236 1.4717 1.5420 3.8711 -21.9362 0.2001 65.4417 1.5403 -0.4009
Cyclist -1 -1 -1.3843 409.6405 172.4937 437.0336 223.4338 1.7154 0.6258 1.6856 -6.5371 1.7037 25.1574 -1.6386 3.2608
Pedestrian -1 -1 1.8027 411.7617 168.2076 435.9804 219.7687 1.7670 0.6473 0.8210 -6.5238 1.6081 25.1417 1.5488 4.3016
Car -1 -1 1.1600 531.6157 171.5284 569.4787 190.2955 1.4772 1.6351 3.9510 -4.9142 1.3732 58.9173 1.0768 -0.4625
Cyclist -1 -1 -1.2552 756.3521 169.7946 797.2272 231.8358 1.6690 0.6271 1.6979 4.6609 1.5870 20.2963 -1.0295 2.9614
Pedestrian -1 -1 -0.1829 718.5888 167.3938 744.7348 218.4295 1.7439 0.6306 0.7897 4.1614 1.5577 24.9745 -0.0178 3.8488
Car -1 -1 -2.1522 571.7175 148.5128 613.9343 167.8188 1.4658 1.5792 3.7474 -1.4324 -0.4170 57.8074 -2.1770 -0.8032
Cyclist -1 -1 2.0068 585.3412 171.4524 606.0083 201.0533 1.7039 0.5436 1.7141 -0.8666 1.6236 42.4254 1.9864 1.5430
Pedestrian -1 -1 -1.7459 762.3484 168.7322 795.7631 228.6013 1.6372 0.7638 0.8961 4.6743 1.5249 20.1964 -1.5185 3.6539
Cyclist -1 -1 -1.6711 720.8107 166.9205 742.5808 217.5514 1.6884 0.5694 1.7007 4.1467 1.4909 24.9252 -1.5063 0.4980
Pedestrian -1 -1 0.1656 478.0625 168.4172 501.3088 213.2257 1.7300 0.6480 0.8008 -4.7367 1.5591 28.1792 -0.0009 2.8374
Cyclist -1 -1 1.8068 433.7918 173.0962 445.8801 193.2824 1.6860 0.6219 1.6829 -14.4314 1.7071 61.1243 1.5749 0.0484
Pedestrian -1 -1 1.4372 730.6005 163.3554 749.5108 207.5526 1.7945 0.6515 0.9017 5.3165 1.4092 29.7577 1.6140 2.7530
Cyclist -1 -1 1.9724 605.3597 171.8037 624.4780 199.6991 1.7242 0.5592 1.7729 0.2876 1.6596 45.5199 1.9787 -0.7438
Pedestrian -1 -1 1.9627 315.6926 165.2982 356.1318 247.8699 1.7752 0.6631 0.5660 -6.0458 1.6131 15.8011 1.5972 2.6275
Pedestrian -1 -1 1.6265 590.1280 172.2027 600.8272 200.1394 1.6263 0.5860 0.8049 -0.8848 1.5888 42.4137 1.6056 1.0881
Pedestrian -1 -1 -1.5697 608.9784 170.7698 618.8058 198.2093 1.7078 0.6117 0.7587 0.2120 1.5785 45.2864 -1.5651 0.9874
Pedestrian -1 -1 -0.1618 581.6962 171.7100 596.4359 198.1768 1.6518 0.6547 0.8325 -1.3527 1.5808 45.4299 -0.1916 -0.2575
