Car -1 -1 2.3846 0.0000 188.9675 79.7586 337.5346 1.5233 1.6282 3.9056 -9.5670 1.7872 9.8105 1.6118 1.9799
Cyclist -1 -1 1.8076 454.7601 169.6491 470.7084 196.5413 1.6841 0.6185 1.6947 -9.4198 1.4837 46.0398 1.6058 0.7853
Pedestrian -1 -1 1.2749 788.9617 165.2809 818.3140 218.6262 1.6159 0.6935 0.7148 5.9114 1.3868 22.2229 1.5349 3.3127
Car -1 -1 -0.9672 818.5221 153.0668 880.7936 180.1791 1.4633 1.5631 3.6006 13.4869 0.3957 40.6478 -0.6468 -0.2657
Cyclist -1 -1 1.7217 514.8390 166.6356 528.1082 192.4728 1.7158 0.6364 1.7522 -6.0096 1.3032 48.7986 1.5991 0.1029
Pedestrian -1 -1 1.3169 765.7213 166.9458 791.9832 221.0802 1.6720 0.6457 0.7007 5.2467 1.4898 22.6407 1.5446 2.6787
Cyclist -1 -1 -1.4058 475.9949 173.5539 492.4613 206.3175 1.6895 0.5861 1.7083 -6.6681 1.7276 38.0976 -1.5791 -0.1013
Pedestrian -1 -1 1.7725 457.9874 169.9353 469.7205 196.1894 1.6611 0.6163 0.6469 -9.3415 1.4768 45.9731 1.5721 2.1823
Pedestrian -1 -1 2.0161 220.9659 167.6024 249.8284 217.8725 1.7569 0.6556 0.7381 -13.3261 1.5737 25.5946 1.5361 1.0448
Pedestrian -1 -1 -0.1836 723.3034 167.8764 740.7568 198.6653 1.5847 0.6443 0.7884 6.2959 1.3289 37.4644 -0.0171 0.5744
Pedestrian -1 -1 0.1998 476.3607 168.1579 494.0291 200.7766 1.7074 0.6178 0.8134 -6.6212 1.4620 38.0863 0.0277 0.2906
Pedestrian -1 -1 0.5592 734.6593 161.0496 751.6646 189.7370 1.7397 0.6382 0.8109 8.1360 1.0242 44.2622 0.7410 -0.1921
Pedestrian -1 -1 -0.6279 503.1176 171.5677 517.5641 195.8301 1.7110 0.6189 0.8102 -7.1253 1.6206 51.3831 -0.7657 -0.6541
Pedestrian -1 -1 2.8403 803.2935 180.6670 827.7129 229.7917 1.6637 0.6261 0.6516 7.0305 1.9367 24.8569 3.1159 -0.7959
