Car -1 -1 2.0069 248.7986 142.3073 305.7840 168.5608 1.5221 1.6271 4.0697 -20.4893 -0.2768 44.5350 1.5757 1.5638
Cyclist -1 -1 1.9149 380.4319 177.8174 406.4201 216.1142 1.7244 0.6140 1.7279 -10.1077 1.9619 33.5917 1.6226 1.3283
Pedestrian -1 -1 1.2092 996.7216 149.0916 1077.2321 290.4201 1.7281 0.6309 0.8424 5.4173 1.4379 9.2874 1.7373 5.4981
Car -1 -1 0.0975 734.3745 170.5206 852.5246 216.0177 1.5423 1.6296 3.9718 6.5481 1.4635 25.8946 0.3452 0.9132
Cyclist -1 -1 -2.3416 420.6276 179.6679 463.2441 225.1997 1.6470 0.5696 1.6392 -6.3350 1.9086 26.9829 -2.5722 1.2485
Pedestrian -1 -1 0.9612 1053.6906 152.4239 1156.3984 292.6985 1.6672 0.7247 0.8001 6.0792 1.4247 8.9780 1.5564 5.3901
Car -1 -1 -1.6727 700.4336 167.7630 725.7402 187.4877 1.4953 1.5627 4.0191 8.0454 1.1097 56.7361 -1.5319 0.6187
Cyclist -1 -1 1.3705 702.8032 172.6705 715.2264 195.1582 1.6836 0.6050 1.7172 7.4999 1.6703 54.8949 1.5063 0.4174
Pedestrian -1 -1 1.8601 385.1974 177.2319 403.0080 214.1695 1.6961 0.6166 0.7149 -10.0811 1.9023 33.5720 1.5684 1.4503
Car -1 -1 -0.3369 723.6525 175.9221 834.1834 215.1314 1.4576 1.6043 3.8602 6.4652 1.5813 27.9877 -0.1099 -0.3840
Cyclist -1 -1 0.1503 474.5332 166.2312 494.1310 184.4380 1.6841 0.6221 1.7215 -11.6960 1.0719 67.0688 -0.0224 0.0664
Pedestrian -1 -1 0.2358 428.6698 176.8036 453.5489 222.1585 1.6697 0.6069 0.7847 -6.3396 1.8191 26.9182 0.0045 0.9723
Car -1 -1 -0.8405 1196.8142 171.7081 1241.0000 328.6018 1.5140 1.6293 4.4192 9.2132 1.5033 7.8312 0.0258 -0.5011
Cyclist -1 -1 -1.4574 495.5580 174.0087 512.2687 209.5760 1.8030 0.6591 1.8412 -5.5497 1.8650 37.5652 -1.6041 0.0458
Pedestrian -1 -1 0.3217 493.4354 173.9977 513.5841 208.2515 1.7612 0.6325 0.8822 -5.5702 1.8217 37.5107 0.1742 0.6110
Car -1 -1 -1.4274 495.0763 175.2994 530.2921 203.5464 1.6464 1.6182 3.7908 -5.9600 1.8033 44.2852 -1.5611 -0.7861
Pedestrian -1 -1 -0.1186 680.9015 172.9892 694.5633 199.9086 1.7182 0.6318 0.8032 4.9620 1.7273 46.3760 -0.0120 0.1574
Pedestrian -1 -1 -0.7701 401.4383 180.1391 420.4399 209.3917 1.6270 0.6501 0.8165 -11.3178 2.0456 40.9034 -1.0401 -0.5077
