Car -1 -1 -1.5775 712.9726 172.9396 751.2421 209.2888 1.6290 1.6985 4.3088 5.7948 1.6337 34.6054 -1.4116 5.1109
Cyclist -1 -1 -1.4197 500.5585 175.9010 512.8769 201.4345 1.6661 0.5700 1.6710 -6.9114 1.8732 48.1179 -1.5624 1.3787
Pedestrian -1 -1 1.4679 809.9974 162.9323 843.1453 237.9365 1.7908 0.6916 0.8627 5.2570 1.5543 17.7124 1.7564 4.9560
Car -1 -1 1.4249 712.9655 175.0561 769.1873 216.7692 1.6218 1.7006 4.3785 5.4135 1.7221 30.4987 1.6005 4.7863
Cyclist -1 -1 -1.3380 433.8805 175.6934 450.9462 205.1398 1.6445 0.5935 1.6258 -9.6097 1.8104 41.2635 -1.5668 0.2622
Pedestrian -1 -1 1.2694 840.5240 164.3896 881.6656 237.7570 1.7174 0.7251 0.7984 5.9594 1.5196 17.2971 1.6012 3.2865
Car -1 -1 1.8055 412.8770 173.5415 450.5314 197.1980 1.5555 1.6199 4.0303 -12.2285 1.6050 49.5781 1.5637 0.4591
Cyclist -1 -1 1.4445 720.4410 173.5354 739.2910 216.9541 1.7157 0.5398 1.7363 4.8335 1.7446 29.4136 1.6074 -0.5831
Pedestrian -1 -1 -1.4191 500.6370 174.5919 512.2064 200.5750 1.7149 0.6415 0.8633 -6.9338 1.8322 48.1108 -1.5622 1.1283
Car -1 -1 -1.6913 704.3071 179.7335 740.1594 208.6179 1.5981 1.6400 3.8642 6.5767 2.0253 42.8074 -1.5389 -0.7273
Pedestrian -1 -1 0.9713 460.8924 176.0054 483.0886 212.8248 1.6975 0.6464 0.8683 -6.5231 1.8483 33.8901 0.7812 1.1007
Pedestrian -1 -1 -0.2507 753.6670 168.0509 768.6643 198.6149 1.7131 0.6328 0.6934 8.5041 1.4442 40.7706 -0.0451 0.6758
