Car -1 -1 -1.6875 776.6655 158.0190 855.7967 221.8956 1.6418 1.6744 4.2482 5.7682 1.2609 20.7706 -1.4166 3.5246
Cyclist -1 -1 -1.2854 468.9327 165.1937 494.7383 206.6496 1.7321 0.6337 1.7306 -5.5400 1.4124 31.0392 -1.4620 3.5013
Pedestrian -1 -1 0.3178 372.3048 167.1185 402.1787 227.3022 1.6762 0.6224 0.6465 -6.3429 1.5168 20.4098 0.0164 2.8385
Car -1 -1 -1.6968 775.6360 172.6640 837.8544 218.8348 1.4547 1.5795 3.7179 6.6012 1.4490 24.6787 -1.4354 3.3698
Cyclist -1 -1 -1.6519 695.8958 161.7517 708.5326 194.2240 1.7580 0.5503 1.7628 5.0632 1.1573 39.9535 -1.5258 1.5838
Pedestrian -1 -1 2.1524 299.2112 164.0079 330.4448 214.7208 1.8120 0.6534 0.9257 -10.7931 1.4962 26.2942 1.7629 2.5130
Car -1 -1 -2.7779 603.6794 163.7553 648.9535 181.6111 1.5589 1.6357 3.7033 1.4388 0.7649 64.4440 -2.7556 -0.1920
Cyclist -1 -1 -1.3076 482.0752 164.0330 502.1708 199.0600 1.7664 0.5813 1.7920 -6.1199 1.3219 37.3042 -1.4702 1.0758
Pedestrian -1 -1 3.0152 693.9570 162.1274 709.9478 193.5561 1.7202 0.6231 0.8021 5.0337 1.1335 39.8022 3.1410 1.9552
Car -1 -1 1.5491 536.0537 165.7297 557.1053 185.2405 1.5509 1.6349 4.0393 -5.2771 0.9849 59.4487 1.4606 -0.3483
Pedestrian -1 -1 -0.5458 976.5641 150.3311 1089.6433 345.6664 1.7088 0.6036 0.6788 3.8042 1.5121 6.6192 -0.0241 1.2014
Pedestrian -1 -1 -0.0760 485.9533 164.4076 503.9844 197.5127 1.6946 0.6583 0.8736 -5.9954 1.2626 37.3543 -0.2351 0.7498
Pedestrian -1 -1 3.2473 522.7829 164.5541 534.3758 188.4478 1.6930 0.6251 0.7602 -5.8306 1.1053 51.4374 3.1344 0.2466
Pedestrian -1 -1 -1.8557 824.4261 160.2128 847.4451 203.7084 1.7305 0.6898 0.7930 9.0664 1.2279 29.1061 -1.5537 -0.6093
Pedestrian -1 -1 -0.5283 1001.6443 137.2150 1047.6212 207.2705 1.8007 0.6153 0.8466 10.7787 0.8850 18.8552 -0.0090 -0.7075
Pedestrian -1 -1 0.2484 538.0906 163.1443 555.1530 193.6524 1.8185 0.6538 0.8896 -3.8427 1.2401 43.3995 0.1601 -0.7424
Pedestrian -1 -1 1.2907 936.7223 156.0600 973.9322 227.2090 1.6155 0.6003 0.7314 7.9766 1.2345 16.7896 1.7342 -0.8326
