Car -1 -1 -1.2410 455.7519 144.9215 558.5246 228.4834 2.6965 2.0480 5.3216 -3.5915 1.7955 26.0888 -1.3778 9.2528
Cyclist -1 -1 2.0395 183.7848 165.3759 294.9910 307.6239 1.8099 0.6129 1.8560 -5.1749 1.7151 10.1071 1.5663 7.6364
Pedestrian -1 -1 -1.9135 888.5811 168.2202 925.6615 226.7192 1.5976 0.7230 0.8148 8.2303 1.4714 20.1259 -1.5253 3.4097
Car -1 -1 -2.7102 382.4289 178.7411 461.8192 208.7207 1.5301 1.6169 3.7567 -10.0078 1.8529 38.3909 -2.9652 5.6499
Cyclist -1 -1 1.9414 257.9213 164.0001 334.5215 275.1370 1.8362 0.6146 1.8826 -5.5999 1.6902 12.8710 1.5310 6.9582
Pedestrian -1 -1 2.6526 953.0023 164.2263 991.2069 233.5171 1.6937 0.6602 0.6110 8.9631 1.4831 17.9718 3.1152 1.4819
Car -1 -1 1.6685 562.8785 153.2152 586.9549 172.1513 1.4613 1.5724 3.6937 -2.8003 -0.0577 57.7031 1.6200 4.6414
Cyclist -1 -1 -1.0151 627.2836 172.6803 666.0070 222.2399 1.7692 0.5512 1.8253 1.3266 1.7633 26.6616 -0.9654 6.6263
Pedestrian -1 -1 0.5648 171.0524 185.8159 222.4876 251.7722 1.4893 0.6949 0.7907 -9.6593 1.7980 16.7972 0.0430 0.7793
Car -1 -1 -1.7828 715.9860 177.2937 744.5715 195.8016 1.4684 1.5803 3.7939 9.9595 1.8505 60.1024 -1.6186 -0.1749
Cyclist -1 -1 -3.2783 797.2949 165.1402 832.5545 196.3924 1.7592 0.6781 1.8550 11.6211 1.3253 41.0774 -3.0026 1.0387
Pedestrian -1 -1 -1.1493 630.7955 173.2099 656.1738 220.3174 1.6890 0.6352 0.8533 1.1857 1.7027 26.3996 -1.1044 0.4573
Car -1 -1 -0.2704 790.5285 173.5323 867.9561 199.5437 1.4790 1.6241 4.0152 12.6599 1.5196 41.9257 0.0228 -0.5041
Pedestrian -1 -1 -0.5103 985.4933 162.0728 1029.1491 235.9964 1.6770 0.6428 0.6529 9.1326 1.4327 16.6898 -0.0096 0.2136
Pedestrian -1 -1 2.8232 823.4023 176.4586 856.8497 225.3204 1.4896 0.6379 0.8288 7.0808 1.6034 22.3661 3.1298 0.1158
Pedestrian -1 -1 1.5634 595.2976 175.1721 606.4258 202.8909 1.6143 0.6483 0.6808 -0.5738 1.7521 42.4239 1.5499 -0.4197
Pedestrian -1 -1 2.1659 98.7367 187.2160 151.1331 254.1900 1.4303 0.6471 0.7606 -10.7609 1.7557 15.9502 1.5724 -0.5687
