Car -1 -1 1.5716 504.5377 171.9844 529.9750 195.7618 1.5517 1.6503 4.0336 -6.3516 1.4953 49.1892 1.4432 0.7840
Cyclist -1 -1 -1.2220 736.1109 166.6299 771.3366 218.8350 1.7535 0.6346 1.7873 4.9827 1.5448 25.1617 -1.0265 3.9166
Pedestrian -1 -1 2.2068 4.2977 166.5330 67.8495 251.8008 1.7015 0.6779 0.8020 -11.8140 1.5757 14.8088 1.5334 5.2435
Car -1 -1 -2.4557 384.3355 174.5293 459.5086 202.9120 1.4717 1.5742 3.8040 -10.2320 1.5664 39.0978 -2.7116 0.5997
Cyclist -1 -1 -1.6992 712.3695 167.7594 731.0112 209.9986 1.7013 0.5464 1.7045 4.5788 1.4964 29.9174 -1.5473 2.9201
Pedestrian -1 -1 -1.3106 445.3242 168.4777 467.9447 210.8391 1.6893 0.7040 0.8422 -6.2447 1.5151 29.2088 -1.5212 2.7540
Cyclist -1 -1 0.1361 466.7519 160.0051 490.5106 182.2026 1.7681 0.6330 1.8048 -10.5477 0.7450 57.8274 -0.0443 0.5035
Pedestrian -1 -1 1.8499 393.5780 166.7758 422.3461 229.1571 1.7757 0.6718 0.5611 -5.8714 1.6030 20.8175 1.5750 2.5506
Cyclist -1 -1 2.0322 605.6344 169.7837 624.4390 195.5122 1.7005 0.5707 1.6987 0.3171 1.4980 48.5745 2.0388 0.4088
Pedestrian -1 -1 -0.1635 710.9812 167.7629 732.1586 210.1211 1.7335 0.6342 0.7717 4.5695 1.5255 29.8474 -0.0116 2.3611
Cyclist -1 -1 -0.9829 501.7205 168.2506 532.0506 205.2713 1.6592 0.5566 1.6641 -4.3120 1.4533 33.2053 -1.1120 0.3566
Pedestrian -1 -1 0.5819 124.8689 167.3457 195.9132 290.6839 1.6989 0.6236 0.6168 -6.4302 1.6234 10.2546 0.0219 2.2751
Cyclist -1 -1 2.1940 624.4340 170.9120 645.5861 195.5842 1.7406 0.5916 1.7785 1.7745 1.6040 51.7857 2.2282 -0.4180
Pedestrian -1 -1 0.1134 505.5968 167.9608 524.8182 206.9709 1.7745 0.6596 0.8073 -4.3913 1.5523 33.1557 -0.0182 1.8383
Pedestrian -1 -1 -0.6874 737.0268 163.5974 769.0328 214.1287 1.7251 0.6371 0.8915 4.9344 1.4094 25.1217 -0.4935 0.6782
Pedestrian -1 -1 0.6083 432.4583 179.4493 453.3517 213.0763 1.7313 0.6357 0.8563 -8.7839 2.0811 37.7771 0.3798 0.3155
Pedestrian -1 -1 -2.9579 484.8337 170.6870 500.7308 200.6522 1.6972 0.6247 0.7957 -6.7225 1.5748 41.1847 -3.1197 -0.4670
Pedestrian -1 -1 -2.0582 901.5095 159.5847 936.7136 218.7040 1.6774 0.6827 0.7069 8.8789 1.3013 20.8510 -1.6557 -0.6443
