Car -1 -1 -0.8391 130.8323 176.5378 206.0075 207.6151 1.6441 1.5821 3.6334 -24.7723 1.8614 40.5575 -1.3875 0.8997
Cyclist -1 -1 1.8230 696.1758 166.5771 714.0266 197.6368 1.6871 0.5815 1.6901 5.2562 1.3465 40.0812 1.9534 2.0071
Pedestrian -1 -1 1.1449 1073.8221 135.3251 1189.1939 318.7571 1.7899 0.6780 0.8550 5.3448 1.4240 7.5221 1.7627 5.2934
Car -1 -1 1.5380 502.0466 171.6812 521.9458 189.1554 1.4781 1.5961 3.7184 -8.6020 1.3793 62.9985 1.4023 0.7780
Cyclist -1 -1 -1.3277 489.1311 170.4697 510.0051 205.8261 1.7273 0.6417 1.7134 -5.5558 1.6111 36.1284 -1.4803 1.4269
Pedestrian -1 -1 0.9061 1152.4609 138.1094 1241.0000 322.8282 1.7441 0.6719 0.8258 6.0258 1.4164 7.2327 1.6007 4.7261
Car -1 -1 -1.5574 738.0790 154.3957 769.3438 183.0561 1.4803 1.5907 3.9331 7.8244 0.5273 39.3533 -1.3611 0.5730
Cyclist -1 -1 -2.4206 408.3927 173.0759 456.4559 221.4919 1.6718 0.5866 1.6845 -6.3411 1.6803 25.5661 -2.6637 0.6093
Pedestrian -1 -1 1.6303 699.4211 166.2734 711.6212 195.8168 1.6254 0.6286 0.7795 5.2813 1.2637 40.1369 1.7612 1.3412
Car -1 -1 -0.2820 732.0885 172.3266 854.1401 213.5529 1.4736 1.6384 4.0780 6.6660 1.4551 26.6828 -0.0372 -0.8043
Pedestrian -1 -1 0.2527 419.0616 173.3600 443.4656 221.6129 1.6838 0.6063 0.7087 -6.3537 1.7023 25.4881 0.0084 1.0983
Pedestrian -1 -1 1.8791 369.8988 169.5768 390.5908 210.3703 1.7827 0.6502 0.8390 -10.2082 1.6398 31.9479 1.5698 -0.0658
