Car -1 -1 -2.7708 525.9984 176.9628 575.5091 195.9670 1.5587 1.6226 3.8511 -5.0298 1.9144 61.0748 -2.8529 1.7361
Cyclist -1 -1 -1.3134 768.8179 166.1602 817.3342 241.0898 1.7125 0.7076 1.7902 4.3977 1.5598 17.4420 -1.0664 4.2672
Pedestrian -1 -1 -1.2453 381.3930 167.4568 410.5269 224.0377 1.7508 0.6257 0.9101 -6.7983 1.5841 22.7898 -1.5352 5.2550
Car -1 -1 -1.3675 587.6843 158.1880 632.2958 194.7261 2.2919 1.9364 5.3168 0.0432 1.3723 48.0567 -1.3666 0.5943
Cyclist -1 -1 -1.6706 727.1208 166.6087 751.7647 225.7910 1.7472 0.5699 1.7410 3.9196 1.5632 22.1884 -1.4957 1.2865
Pedestrian -1 -1 -1.5186 776.3577 163.1637 808.6113 236.2573 1.7086 0.7089 0.9527 4.3657 1.4824 17.4227 -1.2731 3.2414
Car -1 -1 3.1632 417.9052 176.1770 489.3850 204.0197 1.4818 1.6095 3.7808 -8.6307 1.6709 39.8238 2.9498 -0.5595
Cyclist -1 -1 -0.9853 585.3627 172.9119 610.4888 203.4386 1.7306 0.5556 1.7994 -0.7235 1.7344 41.8132 -1.0026 -0.2213
Pedestrian -1 -1 0.4108 449.2677 168.2619 479.5540 219.3059 1.7610 0.6248 0.8634 -5.1424 1.6029 25.2854 0.2102 3.1740
Pedestrian -1 -1 -0.5383 842.8815 165.3046 886.9499 231.1853 1.7565 0.6538 0.9271 6.8876 1.5556 19.6477 -0.2011 2.1000
Pedestrian -1 -1 2.0335 235.7124 165.0306 290.6629 267.8012 1.7943 0.6789 0.6273 -6.2480 1.6581 12.9126 1.5829 1.7492
Pedestrian -1 -1 2.9523 618.8819 165.3411 632.5705 192.0375 1.7740 0.6324 0.8115 1.0206 1.2751 48.3232 2.9734 -0.3879
Pedestrian -1 -1 -0.0085 583.3309 169.4580 596.9099 198.5890 1.7176 0.6365 0.8003 -1.2178 1.5177 42.8715 -0.0369 -0.5971
Pedestrian -1 -1 -1.6033 487.1829 166.0342 497.4322 191.4855 1.7343 0.6677 0.8530 -8.1308 1.2700 49.6486 -1.7656 -0.6817
