Car -1 -1 -1.2905 554.9915 156.2837 614.1188 200.4897 2.3374 1.9650 5.2838 -1.3839 1.4616 40.9497 -1.3243 7.3684
Cyclist -1 -1 -1.3118 852.2642 163.2068 933.2267 289.0390 1.7010 0.6841 1.7874 4.1600 1.5710 10.6748 -0.9402 7.5697
Pedestrian -1 -1 -0.4724 936.5834 160.0161 1008.1660 262.0342 1.7601 0.6410 0.9432 6.3480 1.5390 12.7718 -0.0111 5.9515
Car -1 -1 -0.2197 774.7613 172.6036 854.0382 204.8047 1.6230 1.6289 3.6714 10.4734 1.6107 37.2765 0.0542 0.7777
Cyclist -1 -1 -0.5028 579.5365 170.9582 615.5394 205.9961 1.7602 0.5291 1.8123 -0.6696 1.6653 36.9249 -0.5209 4.1240
Pedestrian -1 -1 -1.1856 277.0272 170.3815 323.1695 242.9430 1.6739 0.7233 0.8942 -7.3793 1.6172 17.0973 -1.5931 5.0903
Car -1 -1 -1.2995 426.4460 174.8108 465.7891 197.3713 1.4700 1.6210 3.9752 -11.1943 1.6098 49.3862 -1.5224 0.5347
Cyclist -1 -1 -1.0138 528.8888 172.8763 560.1231 212.5404 1.7523 0.5461 1.8017 -3.0027 1.7537 32.8017 -1.1051 4.0863
Pedestrian -1 -1 0.3016 357.9777 170.5900 395.9148 240.7192 1.7153 0.7046 0.7257 -5.8551 1.6603 18.0027 -0.0129 4.2554
Car -1 -1 1.3132 820.7534 134.7753 867.8103 163.8397 1.5494 1.6190 3.9827 13.4575 -0.5467 41.7535 1.6250 -0.6435
Cyclist -1 -1 1.8651 512.0808 168.5629 539.7779 213.8492 1.8033 0.6284 1.8379 -3.4850 1.6328 29.6891 1.7482 3.8054
Pedestrian -1 -1 1.1620 918.3074 162.3269 965.3029 253.0748 1.7604 0.6501 0.6267 6.5219 1.5565 14.3134 1.5895 4.0517
Car -1 -1 1.8400 394.2660 176.6942 432.3224 199.2283 1.4732 1.5752 3.8089 -13.5368 1.7484 49.7276 1.5742 -0.7703
Cyclist -1 -1 1.2578 1146.2819 159.1921 1241.0000 374.0000 1.6935 0.5649 1.6982 4.3507 1.6138 5.1184 1.9623 0.3178
Pedestrian -1 -1 2.9032 747.1134 167.0224 790.8428 251.5724 1.7435 0.6471 0.7672 3.2916 1.6236 15.2092 3.1163 3.2132
Pedestrian -1 -1 2.1215 1157.6240 153.5714 1241.0000 290.1653 1.6572 0.6930 0.8647 7.6086 1.4236 9.2190 2.8115 2.3304
Pedestrian -1 -1 -0.6074 851.8531 153.1956 934.9253 278.2003 1.7807 0.6625 0.9371 4.1414 1.5010 10.7083 -0.2384 1.4566
Pedestrian -1 -1 0.7606 445.4243 170.6138 462.6747 199.2160 1.6555 0.6354 0.7577 -9.1609 1.5262 42.2284 0.5470 -0.2604
Pedestrian -1 -1 -0.0754 638.2841 170.6573 648.6463 192.2301 1.7031 0.5996 0.7781 2.6295 1.5301 57.2719 -0.0295 -0.6127
Pedestrian -1 -1 0.2497 429.6806 168.0944 446.4087 197.7529 1.7038 0.6354 0.8109 -9.9861 1.4307 41.7706 0.0151 -0.8290
