Car -1 -1 -1.8296 788.6217 170.8765 876.3740 225.0133 1.4872 1.5904 3.7658 6.5382 1.4333 21.7275 -1.5373 0.7014
Cyclist -1 -1 -1.3683 464.1352 167.9685 487.9938 211.1860 1.7222 0.6353 1.7046 -5.5244 1.5279 29.6085 -1.5528 3.9515
Pedestrian -1 -1 0.3710 355.6909 169.9198 388.9929 235.4174 1.6909 0.6064 0.6564 -6.2822 1.6155 18.9438 0.0508 2.7122
Car -1 -1 -1.3457 618.0297 163.7382 647.0255 183.7808 1.7167 1.6895 4.1491 2.0141 0.9362 64.0183 -1.3143 0.4993
Cyclist -1 -1 -1.1143 711.5231 165.3100 739.6201 203.5282 1.7354 0.5830 1.7516 5.3607 1.3932 33.6440 -0.9563 3.3439
Pedestrian -1 -1 1.9924 277.0346 168.0061 306.9897 221.1690 1.7921 0.6737 0.7954 -10.9319 1.6291 24.7197 1.5760 1.8760
Car -1 -1 -1.4847 578.2631 168.2012 601.9879 187.8331 1.5717 1.6315 3.9731 -1.6386 1.1996 59.7937 -1.5121 0.0525
Cyclist -1 -1 -1.4336 482.4627 169.7198 499.1549 204.0796 1.6842 0.6035 1.6890 -6.0109 1.5309 36.2161 -1.5980 3.2581
Pedestrian -1 -1 -0.1513 697.5456 165.0907 714.8943 197.6397 1.7219 0.6219 0.8323 5.0929 1.3116 38.4879 -0.0197 1.4718
Car -1 -1 1.4832 254.9410 138.0456 299.7295 170.8043 1.4815 1.6199 4.0416 -16.2428 -0.1054 35.0531 1.0493 -0.0961
Cyclist -1 -1 -3.2198 575.7525 167.8859 597.5387 188.9508 1.6852 0.5719 1.7135 -1.9078 1.2881 58.0990 -3.2527 2.7574
Pedestrian -1 -1 0.1311 537.3162 165.0808 552.9097 196.1811 1.7903 0.6365 0.8259 -3.7964 1.3432 41.8678 0.0407 1.3353
Car -1 -1 2.5100 0.0000 182.3785 24.9021 221.8581 1.4771 1.5885 3.7572 -26.8613 1.8994 29.9614 1.7791 -0.8290
Cyclist -1 -1 2.1658 630.2985 166.9739 647.2372 187.8867 1.6998 0.5234 1.7183 2.3548 1.2222 59.4917 2.2054 0.7624
Pedestrian -1 -1 2.7768 859.5858 144.9084 883.6004 190.6451 1.8514 0.6403 0.7438 10.6605 0.7205 29.5312 3.1232 0.8138
Cyclist -1 -1 0.7948 455.5474 159.5216 476.9580 180.2520 1.6739 0.6968 1.7421 -11.7886 0.5977 59.0357 0.5977 -0.0039
Pedestrian -1 -1 1.2682 841.8103 172.2451 881.9253 245.7004 1.4834 0.6031 0.6898 5.1491 1.4714 14.9217 1.6005 0.3239
Pedestrian -1 -1 -2.1013 1043.3656 140.3156 1087.6489 210.6099 1.6542 0.6257 0.7102 10.8891 0.8889 17.3417 -1.5406 0.2894
Pedestrian -1 -1 1.9378 464.8496 164.5577 487.6690 209.8337 1.8234 0.6712 0.8151 -5.5083 1.4897 29.5180 1.7533 0.1760
Pedestrian -1 -1 -0.6436 1078.4161 122.8096 1239.7821 374.0000 1.7318 0.6374 0.6724 3.8498 1.3951 5.1772 -0.0042 -0.2044
Pedestrian -1 -1 0.1603 346.5463 174.6775 362.4009 205.6551 1.7708 0.6234 0.7742 -14.7858 1.8774 41.6629 -0.1807 -0.2793
