Car -1 -1 -2.7336 512.8951 172.0304 562.2840 190.4878 1.4563 1.5821 3.6372 -5.8614 1.3916 58.2306 -2.8340 2.0998
Cyclist -1 -1 -1.3550 791.8066 164.8062 844.6100 256.4744 1.7395 0.6639 1.7945 4.1966 1.5872 14.6368 -1.0757 6.4131
Pedestrian -1 -1 -1.6234 800.7161 161.7258 840.8938 251.7667 1.7628 0.7311 0.9440 4.2195 1.5453 14.6654 -1.3432 5.1846
Car -1 -1 -1.3236 574.5814 155.1010 626.5352 197.6910 2.4992 2.0118 5.3047 -0.5387 1.4578 45.1520 -1.3355 2.0675
Cyclist -1 -1 1.9525 547.7890 167.9642 572.1480 204.9133 1.7472 0.5578 1.7851 -2.4562 1.5163 35.0509 1.8825 3.8244
Pedestrian -1 -1 -0.5972 871.1079 161.0982 924.9272 239.7016 1.7917 0.6669 0.9601 6.6792 1.5241 16.8746 -0.2203 3.9325
Car -1 -1 -1.2029 720.5252 176.0157 770.8259 204.0031 1.4763 1.5810 3.6064 7.6098 1.6624 40.4467 -1.0169 -0.6647
Cyclist -1 -1 2.0713 565.1484 168.5772 590.4484 202.2261 1.7360 0.5693 1.7463 -1.7269 1.5157 38.1324 2.0260 2.2736
Pedestrian -1 -1 1.6642 351.5663 166.4495 378.9845 228.2159 1.7133 0.6594 0.9031 -7.0008 1.5360 20.5277 1.3355 3.3383
Cyclist -1 -1 -0.2321 773.0292 175.7005 805.9830 206.3853 1.7154 0.5130 1.7297 10.0724 1.8772 40.6492 0.0108 0.4168
Pedestrian -1 -1 2.9409 729.9010 165.2749 762.1733 231.9215 1.7587 0.6650 0.7321 3.5984 1.5591 19.3762 3.1245 2.9841
Cyclist -1 -1 -0.5048 577.5416 169.9498 608.1476 200.1505 1.6695 0.4740 1.7019 -0.9937 1.5093 40.5174 -0.5293 -0.6200
Pedestrian -1 -1 2.1550 113.8327 160.5720 188.5704 292.8614 1.7771 0.6809 0.5518 -6.3817 1.6125 9.9710 1.5857 2.6511
Pedestrian -1 -1 -3.3587 773.8044 172.9054 806.1852 224.3219 1.5686 0.5907 0.8636 5.5147 1.5706 22.3166 -3.1165 1.1506
Pedestrian -1 -1 0.5782 453.2406 162.0241 470.5573 188.1775 1.6567 0.6751 0.8561 -9.5082 0.9711 46.1755 0.3751 0.4778
Pedestrian -1 -1 0.7659 0.0000 156.6932 27.7080 203.7714 1.7851 0.6350 0.8787 -23.0945 1.1727 27.7050 0.0710 0.2560
Pedestrian -1 -1 0.0024 582.5805 170.5240 596.8711 201.0361 1.6934 0.6291 0.7930 -1.1691 1.5645 40.3677 -0.0265 0.0008
