Car -1 -1 -0.1702 647.7781 170.7447 778.6117 220.6145 1.6028 1.6573 4.0965 3.3306 1.5354 24.0825 -0.0328 1.4350
Cyclist -1 -1 -1.0244 1013.7835 165.8807 1129.3990 290.7405 1.7417 0.6086 1.7946 6.8238 1.6448 10.7316 -0.4581 5.5853
Pedestrian -1 -1 -1.2006 1033.0318 162.8861 1108.3754 283.7901 1.7007 0.6546 0.9185 6.7701 1.5609 10.6831 -0.6358 1.7967
Car -1 -1 -1.7118 755.0157 150.2926 794.8327 179.9368 1.5697 1.6190 3.9198 9.1036 0.3754 40.2235 -1.4892 1.1406
Cyclist -1 -1 1.1469 633.5640 168.1634 662.4521 209.2500 1.7202 0.5807 1.7304 1.5845 1.5242 31.1185 1.1978 3.0559
Pedestrian -1 -1 2.8541 784.8056 170.9743 816.4415 224.4359 1.6009 0.6499 0.7765 5.7438 1.5449 21.9400 3.1101 0.9080
Car -1 -1 1.4299 636.8769 158.9435 660.9153 176.4493 1.5205 1.6169 3.8857 3.4351 0.3126 64.6728 1.4830 -0.0708
Cyclist -1 -1 1.5715 567.7183 164.6614 576.9698 187.0640 1.7006 0.7016 1.7790 -2.9319 1.0791 55.6766 1.5188 1.1850
Pedestrian -1 -1 1.6154 568.3177 163.8760 576.8655 185.8114 1.6795 0.6276 0.7072 -2.9064 0.9925 55.5983 1.5632 -0.3794
Cyclist -1 -1 1.6950 547.3139 167.2321 560.1340 197.1293 1.6695 0.5255 1.6920 -3.2367 1.3559 41.1458 1.6165 0.5339
Pedestrian -1 -1 1.7244 414.1359 159.6094 438.1127 212.8765 1.6761 0.6424 0.7202 -5.9243 1.2597 23.0903 1.4732 -0.6712
Cyclist -1 -1 1.6097 561.3861 163.0985 569.5563 183.9194 1.6599 0.5969 1.6665 -3.6213 0.8825 58.3617 1.5477 -0.1369
