Car -1 -1 -0.1885 762.4625 157.9695 882.6545 198.3560 1.4711 1.6174 4.1244 7.9101 0.9293 27.2773 0.0937 0.8537
Cyclist -1 -1 1.3468 621.4343 166.7641 646.9862 213.7539 1.7520 0.6024 1.7708 0.8766 1.5253 27.8268 1.3783 5.0923
Pedestrian -1 -1 -1.5499 612.4617 168.6061 626.2572 204.1577 1.6697 0.6405 0.7954 0.4097 1.4706 34.2933 -1.5380 0.8357
Car -1 -1 3.0008 654.5016 172.7715 734.2993 203.2473 1.4714 1.5854 3.7304 4.0944 1.4678 35.6764 3.1150 -0.7020
Cyclist -1 -1 1.5660 627.7603 161.3718 635.0502 182.1850 1.6938 0.5917 1.7280 1.7400 0.7597 59.5894 1.5952 -0.2029
Pedestrian -1 -1 1.5519 625.0151 164.6847 642.4750 208.7896 1.6812 0.6574 0.8759 0.8716 1.3702 27.9437 1.5830 0.4996
Cyclist -1 -1 1.5465 585.2746 167.2010 592.1357 184.7961 1.6775 0.6195 1.6919 -2.0770 1.1389 69.6515 1.5167 -0.5792
Pedestrian -1 -1 1.5657 697.9965 163.3486 717.1121 213.5859 1.7427 0.6582 0.7187 3.3904 1.4133 25.4254 1.6982 0.3375
Pedestrian -1 -1 0.1383 343.4116 151.6005 369.5141 198.1103 1.7295 0.6243 0.8522 -9.6012 0.9395 27.2183 -0.2009 -0.2743
Pedestrian -1 -1 1.3855 716.4850 169.5006 736.8463 215.6323 1.6100 0.5931 0.6889 4.0795 1.4933 25.5305 1.5440 -0.4779
Pedestrian -1 -1 0.3592 469.5483 155.8104 494.1426 199.3041 1.8255 0.6270 0.8647 -5.4848 1.1105 30.6683 0.1822 -0.4874
Pedestrian -1 -1 -1.9932 782.1593 165.6530 817.8111 230.7912 1.7200 0.6473 0.8302 5.0819 1.5302 19.5131 -1.7385 -0.5632
Pedestrian -1 -1 1.6613 544.3209 161.3079 553.7563 184.0897 1.6292 0.6219 0.6402 -4.4128 0.8039 51.9190 1.5765 -0.8093
Pedestrian -1 -1 2.7765 860.5875 169.4651 898.9688 238.0392 1.7032 0.6076 0.7388 6.7589 1.6194 18.2259 3.1316 -0.8279
