Car -1 -1 -0.9263 0.0000 86.9334 308.8315 374.0000 2.2964 1.8990 4.7077 -5.0832 1.7156 7.2619 -1.5370 4.0073
Cyclist -1 -1 -1.5651 682.8368 165.1460 708.7575 241.7033 1.8068 0.6087 1.8781 2.0929 1.6252 17.9945 -1.4494 8.1392
Pedestrian -1 -1 0.8781 347.6716 177.5044 416.0642 287.7093 1.6541 0.6702 0.8005 -3.6445 1.7310 11.3669 0.5678 4.7369
Car -1 -1 1.2597 784.1283 174.4329 835.4299 202.2988 1.4679 1.6049 3.9885 11.0442 1.5608 40.2640 1.5274 2.1940
Cyclist -1 -1 0.9775 1093.3399 205.1255 1241.0000 374.0000 1.7129 0.5437 1.7319 2.7730 1.8921 3.1013 1.7071 2.5126
Pedestrian -1 -1 -0.5434 1034.0473 151.1403 1084.5560 242.2397 1.7368 0.6366 0.5915 8.7033 1.3232 14.0743 0.0104 0.4163
Car -1 -1 -2.2028 918.3221 155.5643 980.0664 181.4873 1.6105 1.6484 3.8861 21.9385 0.5367 46.8906 -1.7651 0.4865
Cyclist -1 -1 1.5125 660.0704 171.7542 667.6529 190.8699 1.6951 0.5795 1.7033 4.8153 1.5979 64.8354 1.5866 0.2375
Pedestrian -1 -1 -0.0216 719.4985 153.1628 734.5277 182.9997 1.7531 0.6153 0.8651 6.8969 0.5965 42.7568 0.1383 -0.1141
Car -1 -1 -1.5030 542.6948 160.0284 567.6172 181.1433 1.4714 1.5555 3.6065 -3.9562 0.5780 52.0883 -1.5789 -0.3580
