Car -1 -1 -2.7314 241.6775 173.8807 390.6502 224.7404 1.4649 1.5665 3.8332 -8.7855 1.4972 21.6428 -3.1170 1.7117
Cyclist -1 -1 1.9980 558.5326 171.5927 590.3584 214.5950 1.6242 0.6203 1.6329 -1.4144 1.5770 28.1238 1.9478 2.3647
Pedestrian -1 -1 -1.9806 850.1896 175.6688 898.7101 253.4370 1.6155 0.7089 0.8106 5.5979 1.6778 15.4435 -1.6329 2.3297
Car -1 -1 1.9130 528.0085 171.9360 568.5765 194.2786 1.4830 1.5946 3.8677 -4.2556 1.4224 49.9631 1.8280 -0.6605
Pedestrian -1 -1 3.0978 240.8593 150.1363 274.3445 209.4345 1.7902 0.6488 0.9005 -10.9308 1.1047 22.2803 2.6417 2.2324
Pedestrian -1 -1 -1.4000 492.5109 167.9432 504.9929 194.1993 1.6448 0.6636 0.7422 -7.0559 1.3375 45.5734 -1.5536 1.4439
Pedestrian -1 -1 -1.2758 564.1753 170.8097 587.4787 214.9443 1.6908 0.6785 0.8961 -1.3706 1.6128 28.1565 -1.3244 0.6376
Pedestrian -1 -1 0.1288 482.5382 170.2819 498.6194 202.8204 1.6818 0.6195 0.7546 -6.2590 1.5492 37.6130 -0.0361 0.0972
Pedestrian -1 -1 1.2877 647.3717 181.8317 664.3830 219.4353 1.7565 0.6237 0.7450 2.1411 2.1895 34.3381 1.3500 -0.5344
Pedestrian -1 -1 -1.7453 818.4399 182.1746 853.5968 250.1293 1.6454 0.7200 0.7195 5.5746 1.8833 17.9809 -1.4447 -0.6095
