Car -1 -1 -0.9242 737.0217 180.9490 884.4682 248.3292 1.4641 1.5766 3.7504 4.9744 1.6847 17.8646 -0.6527 1.8726
Cyclist -1 -1 -1.5972 685.2327 161.4881 713.6984 240.7860 1.8956 0.6545 1.9835 2.1961 1.6243 18.2636 -1.4775 8.2129
Pedestrian -1 -1 0.8637 363.4552 172.6847 426.0365 277.7964 1.6877 0.6910 0.7357 -3.6507 1.6854 12.0721 0.5700 5.1832
Car -1 -1 1.7980 443.3788 137.8468 489.7546 168.2395 1.5807 1.6570 4.0900 -7.9667 -0.2701 40.2223 1.6025 0.0376
Cyclist -1 -1 1.4747 661.4612 172.6069 669.5445 191.3095 1.6747 0.5711 1.6786 5.0104 1.6529 65.4515 1.5511 0.6832
Pedestrian -1 -1 -0.3901 722.1113 151.9325 739.6188 180.8982 1.7201 0.6311 0.8591 7.2089 0.4780 43.2479 -0.2249 0.1485
Car -1 -1 -1.9895 784.2100 171.0299 839.3763 198.3417 1.4619 1.5907 3.7567 11.2521 1.3646 40.5939 -1.7191 -0.1353
Cyclist -1 -1 1.3546 713.4742 169.7015 728.4112 194.3191 1.6715 0.6638 1.7248 7.6305 1.4578 49.8712 1.5064 0.3386
Pedestrian -1 -1 -1.3623 680.7187 166.5008 711.9865 236.2466 1.7165 0.6509 0.7145 2.1345 1.5605 18.1970 -1.2456 -0.1372
Car -1 -1 -1.5737 735.4761 171.5929 764.3086 197.8748 1.5011 1.6224 3.9360 8.3485 1.4294 43.2922 -1.3832 -0.8216
Cyclist -1 -1 1.4395 674.3723 169.8477 683.6190 189.6370 1.6831 0.5777 1.6745 5.9219 1.4277 62.2106 1.5344 -0.2024
