Car -1 -1 -1.6103 631.8600 151.4062 654.2003 171.0115 1.4664 1.5819 3.9047 2.5212 -0.1484 56.2897 -1.5655 0.1571
Cyclist -1 -1 1.5584 570.6983 172.4592 577.4788 191.6577 1.6941 0.5831 1.6933 -3.2361 1.6596 64.5281 1.5083 0.6180
Pedestrian -1 -1 2.7253 256.8852 153.2723 296.5972 213.9847 1.7924 0.6402 0.9107 -10.1370 1.2146 21.8520 2.2909 2.1619
Car -1 -1 -1.3478 359.3956 173.7959 456.6924 238.8105 1.4973 1.6008 3.8213 -5.1288 1.5245 18.6165 -1.6166 -0.0467
Cyclist -1 -1 1.6039 539.9023 169.6092 548.4123 193.2793 1.6944 0.5625 1.7058 -4.8150 1.4624 52.5140 1.5125 0.4318
Pedestrian -1 -1 1.8011 588.8049 172.2000 612.1788 215.1110 1.5814 0.6990 0.8688 -0.3946 1.5576 27.0865 1.7865 1.9546
Car -1 -1 2.1613 58.9181 127.7616 200.4944 181.2200 1.4756 1.6252 3.9884 -14.4401 0.2313 21.9136 1.5786 -0.5437
Cyclist -1 -1 1.5974 580.9915 188.2769 590.7581 214.1782 1.6730 0.6124 1.7189 -1.6458 2.7283 48.4900 1.5635 -0.5175
Pedestrian -1 -1 -2.3647 812.7122 167.6516 867.5515 256.4497 1.7563 0.6383 0.8749 4.6628 1.6538 14.8042 -2.0596 1.3745
Pedestrian -1 -1 -1.8817 900.9566 180.9248 945.4449 261.4157 1.5544 0.6212 0.7219 6.1878 1.7202 14.3977 -1.4758 0.3149
Pedestrian -1 -1 -1.8818 831.4412 192.2731 882.1983 280.6030 1.4698 0.6406 0.7246 4.2225 1.8173 12.5312 -1.5568 -0.5225
Pedestrian -1 -1 0.0864 518.2642 168.4958 532.3695 196.6494 1.7326 0.6521 0.8163 -5.2805 1.4648 44.7408 -0.0311 -0.5999
