Car -1 -1 -2.5134 84.9577 141.8728 173.4152 169.5930 1.4652 1.5948 3.7875 -26.1248 -0.1808 39.2140 -3.1011 0.6320
Cyclist -1 -1 -1.1232 788.2437 158.5395 871.1873 273.0818 1.8738 0.6168 1.9572 3.8549 1.6400 12.7307 -0.8291 7.3712
Pedestrian -1 -1 -0.4740 793.2540 169.7497 860.0322 269.2542 1.6852 0.6823 0.9078 3.7312 1.6330 12.6366 -0.1869 3.1414
Car -1 -1 -1.6472 624.4899 170.1214 655.2757 196.4798 1.5816 1.6322 3.8410 1.8012 1.4180 45.2404 -1.6074 0.3692
Cyclist -1 -1 1.2987 627.1675 165.1705 647.9829 199.8207 1.7242 0.6008 1.7871 1.3591 1.3422 36.8392 1.3355 1.6348
Pedestrian -1 -1 -1.8557 778.1526 166.3938 806.8774 214.9419 1.6623 0.7671 0.8264 6.3054 1.4415 25.1315 -1.6099 2.4574
Car -1 -1 -2.0411 908.7765 142.5888 993.9308 182.0959 1.5117 1.5985 3.7766 13.8149 0.3540 29.5190 -1.6034 -0.1012
Cyclist -1 -1 1.6408 572.8698 163.9754 581.6373 184.1033 1.6885 0.6299 1.6903 -2.8030 0.9440 61.3777 1.5952 0.2443
Pedestrian -1 -1 3.8194 0.0000 142.4784 93.7746 355.6447 1.7265 0.7090 0.7178 -5.1048 1.4808 6.1997 3.1305 1.8045
Car -1 -1 -1.7413 726.9994 158.0306 757.9704 179.0048 1.4749 1.5750 3.9256 9.6082 0.4329 52.7062 -1.5610 -0.1872
Cyclist -1 -1 0.3241 688.1844 165.4718 727.6618 203.1554 1.6454 0.4977 1.6683 4.3118 1.3234 32.0944 0.4576 -0.0953
Pedestrian -1 -1 -1.7523 757.7722 180.1358 784.6309 220.7643 1.3128 0.7358 0.7839 5.2790 1.5581 23.8625 -1.5346 1.5468
Pedestrian -1 -1 -1.4833 527.6888 163.7940 540.2164 195.7949 1.6959 0.6072 0.7161 -4.1015 1.2161 38.5984 -1.5891 1.1282
Pedestrian -1 -1 -1.6729 552.8027 165.7240 565.2506 194.5684 1.7286 0.6615 0.9186 -3.1273 1.3017 43.7479 -1.7443 0.9224
Pedestrian -1 -1 0.6940 625.2952 166.0821 646.1934 199.6288 1.6894 0.6494 0.8475 1.2773 1.3487 36.8578 0.7286 0.0504
