Car -1 -1 -2.2055 1156.4501 172.6213 1241.0000 219.8029 1.5299 1.5897 3.7528 21.2621 1.5227 25.3165 -1.5069 1.4173
Cyclist -1 -1 -1.3895 691.6537 167.4148 741.3180 267.9209 1.8125 0.6324 1.8551 2.0404 1.7147 13.9890 -1.2446 6.7520
Pedestrian -1 -1 -1.3494 698.3884 169.4536 740.0997 260.8433 1.7009 0.6383 0.7965 2.0630 1.6380 13.9130 -1.2022 3.2211
Car -1 -1 -1.3171 451.7118 149.7721 496.0188 177.6812 1.6178 1.6618 4.1600 -8.2645 0.2802 43.9543 -1.5030 0.1939
Cyclist -1 -1 1.6132 622.8573 169.5438 634.6719 199.4828 1.7298 0.6259 1.7392 1.0804 1.5389 42.5750 1.6385 2.3299
Pedestrian -1 -1 0.1791 458.2913 168.5202 478.1598 208.0840 1.6836 0.6444 0.7365 -6.1340 1.4995 31.0299 -0.0161 3.1570
Car -1 -1 -1.6127 723.2118 155.0370 745.7496 174.5634 1.4784 1.5792 3.7923 9.7107 0.1298 56.6100 -1.4428 -0.2803
Cyclist -1 -1 0.2878 674.0875 168.0754 709.3168 201.7384 1.6739 0.5292 1.6875 4.0878 1.4366 36.4477 0.3995 0.5662
Pedestrian -1 -1 0.0826 533.6533 165.1982 547.6898 194.6867 1.7380 0.6379 0.7806 -4.1477 1.2871 42.8470 -0.0139 0.2989
Car -1 -1 1.4930 660.3494 155.4991 678.7334 170.7446 1.4677 1.5232 3.9128 5.8975 -0.2157 71.9599 1.5747 -0.3441
Cyclist -1 -1 -2.9174 449.7714 147.7057 482.4758 178.2248 1.7616 0.5189 1.7938 -8.3901 0.3104 41.9287 -3.1149 -0.3405
Pedestrian -1 -1 1.5815 557.9457 171.5294 567.5687 197.7363 1.6745 0.6118 0.7198 -3.0722 1.5902 46.4761 1.5155 0.2070
Cyclist -1 -1 1.6389 574.8112 167.2162 582.1312 185.6106 1.6835 0.5666 1.6731 -2.9373 1.1679 66.8785 1.5950 -0.4748
Pedestrian -1 -1 -0.6658 1192.6406 207.3012 1241.0000 318.3145 1.7678 0.6245 0.8489 10.3361 2.3581 12.0234 0.0443 -0.2319
Cyclist -1 -1 1.4061 555.4453 168.3229 568.6428 194.9280 1.6893 0.5760 1.7202 -3.1433 1.4019 46.7142 1.3389 -0.5302
