Car -1 -1 -3.6161 901.4890 175.4279 1091.6226 239.9948 1.4902 1.5922 3.7621 9.2368 1.5560 17.5308 -3.1312 0.6889
Cyclist -1 -1 -1.3107 707.5481 160.1111 766.0420 264.9708 1.8701 0.6324 1.9476 2.4190 1.6432 13.8820 -1.1382 6.0767
Pedestrian -1 -1 0.1747 456.8365 168.8347 475.0872 209.5624 1.6877 0.6444 0.6487 -6.0719 1.5215 30.2273 -0.0235 2.2187
Car -1 -1 0.8473 1082.2716 123.0134 1227.0362 171.5765 1.4915 1.6259 4.0265 18.1357 -0.0464 24.3401 1.4877 -0.2929
Cyclist -1 -1 1.4895 624.2481 166.4321 637.0386 197.0584 1.7179 0.5909 1.7365 1.1411 1.3580 41.3530 1.5170 1.2728
Pedestrian -1 -1 -1.2636 712.8642 170.1490 760.2298 260.4652 1.6508 0.6618 0.8546 2.3623 1.6017 13.7173 -1.0930 1.9915
Car -1 -1 -1.7239 722.6643 157.4126 751.7744 178.1869 1.5492 1.6282 3.9404 9.7715 0.3980 55.7906 -1.5506 -0.6017
Cyclist -1 -1 -1.6829 556.0125 169.8920 567.0774 196.1386 1.6432 0.5191 1.6664 -3.1294 1.4581 46.0354 -1.7507 -0.8033
Pedestrian -1 -1 -1.9967 759.1352 170.3064 784.4755 213.3773 1.6411 0.6624 0.8578 6.2258 1.5444 27.9780 -1.7778 1.8691
Pedestrian -1 -1 -1.4663 556.5973 169.6140 567.3633 196.0699 1.6696 0.6054 0.7947 -3.0866 1.4655 45.9409 -1.5334 0.4122
Pedestrian -1 -1 0.0921 531.4318 165.0104 545.4741 196.0155 1.7882 0.6222 0.7588 -4.1888 1.3362 41.9257 -0.0074 -0.1250
Pedestrian -1 -1 -4.0982 744.2080 172.7856 768.1423 216.5626 1.7550 0.6403 0.7522 5.9182 1.7526 29.4149 -3.8997 -0.3628
