Car -1 -1 -1.1314 274.9674 122.4124 483.4138 268.8002 2.5153 2.0020 5.4175 -4.5552 1.6489 15.2220 -1.4221 10.2982
Cyclist -1 -1 -1.3189 676.4556 165.2672 713.5948 228.5788 1.7697 0.6430 1.8510 2.4643 1.5580 21.1448 -1.2029 6.7785
Pedestrian -1 -1 2.6448 946.7986 169.3729 1026.9944 267.8565 1.5899 0.6359 0.9966 6.1862 1.5341 11.9736 3.1217 4.0016
Car -1 -1 -1.8200 701.6561 175.2841 736.7334 197.4657 1.4654 1.5788 3.4937 7.4793 1.6399 49.8796 -1.6712 2.4560
Pedestrian -1 -1 -2.2663 1059.5778 152.4183 1156.2496 261.3320 1.6599 0.8461 0.9663 7.8659 1.3488 11.5152 -1.6670 2.9458
Car -1 -1 0.5074 241.7918 180.5083 365.7607 221.8196 1.4865 1.6326 4.0459 -11.6076 1.7881 27.3669 0.1062 0.4798
Pedestrian -1 -1 0.5461 125.9190 155.9794 179.8218 239.2010 1.7949 0.7235 0.7377 -10.1293 1.4313 15.9282 -0.0203 2.9193
Car -1 -1 -1.8015 791.9216 170.9656 829.1209 193.5641 1.4655 1.5665 3.8912 13.4715 1.3434 48.7632 -1.5320 0.3432
Pedestrian -1 -1 0.5319 148.7898 158.4064 194.5491 235.5448 1.7407 0.6960 0.6376 -10.1444 1.4150 16.6325 -0.0157 2.8178
Car -1 -1 1.7931 450.1231 142.7936 494.6077 171.5909 1.5500 1.6388 4.0288 -7.8053 -0.0751 41.0544 1.6052 -0.7648
Pedestrian -1 -1 -3.5755 921.0568 171.6551 986.7741 258.7599 1.5811 0.6711 0.9051 6.3368 1.5597 13.4327 -3.1347 1.9923
