Car -1 -1 2.1937 3.1321 123.2867 151.5222 178.8357 1.4685 1.5879 3.7152 -15.3138 0.1585 20.9366 1.5622 0.8313
Cyclist -1 -1 -1.0758 553.1748 171.5739 586.0777 215.3696 1.6828 0.5602 1.7093 -1.6287 1.6340 28.6142 -1.1327 2.1162
Pedestrian -1 -1 -1.4373 558.1527 168.5351 578.6210 212.9083 1.7232 0.6946 0.9029 -1.6799 1.5559 28.4940 -1.4962 3.1994
Car -1 -1 -0.1141 639.6946 173.3417 722.0359 204.0180 1.4638 1.5940 3.8477 3.3840 1.4885 35.2851 -0.0185 0.0883
Cyclist -1 -1 1.6938 508.9897 170.8823 519.6772 193.9810 1.6966 0.5890 1.6939 -7.1599 1.5521 53.8425 1.5616 0.4942
Pedestrian -1 -1 2.8790 768.6704 172.7013 811.2069 250.9871 1.6949 0.6281 0.7737 3.9170 1.6920 15.9412 3.1199 2.4539
Car -1 -1 -0.1330 623.8932 177.6912 686.6106 200.3265 1.4806 1.6208 4.0309 2.9862 1.8129 48.5536 -0.0715 -0.1680
Pedestrian -1 -1 0.3291 472.9613 169.4741 492.8189 202.8224 1.7214 0.6356 0.8612 -6.6617 1.5473 37.6226 0.1538 -0.1941
Pedestrian -1 -1 -1.4010 485.8398 165.6104 497.4141 193.5270 1.7615 0.6282 0.6347 -7.5510 1.3048 45.8456 -1.5642 -0.3259
Pedestrian -1 -1 3.3493 235.3690 151.9001 270.0973 208.4552 1.7227 0.6391 0.8535 -11.1248 1.0848 22.3919 2.8882 -0.3911
Pedestrian -1 -1 -1.2202 729.9799 166.7947 758.0893 220.7016 1.7047 0.6423 0.8508 4.2953 1.5134 23.3437 -1.0382 -0.5964
