Car -1 -1 -1.2182 396.7993 145.4157 528.9148 244.3854 2.4851 2.0049 5.3173 -4.0839 1.7965 20.8993 -1.4112 6.6749
Cyclist -1 -1 -1.0607 650.5256 173.0329 692.9111 228.7657 1.7735 0.5792 1.8329 2.0155 1.7800 23.8846 -0.9765 6.9582
Pedestrian -1 -1 -0.6777 1054.8754 161.0059 1118.5418 255.8613 1.6669 0.6578 0.7023 8.5512 1.4590 13.0383 -0.0972 2.9653
Car -1 -1 -2.6416 330.2441 179.9508 419.4203 214.1241 1.4973 1.5908 3.5748 -10.8273 1.8349 33.1819 -2.9570 5.5233
Cyclist -1 -1 -2.3657 0.0000 179.2720 39.9113 367.1902 1.6759 0.5813 1.6752 -6.4566 1.7391 6.7543 -3.1286 -0.0688
Pedestrian -1 -1 -1.9367 949.9683 165.5354 1002.5921 238.3651 1.5648 0.7709 0.8866 8.0458 1.4079 15.9798 -1.4702 2.9413
Car -1 -1 3.8137 0.0000 182.6625 45.9196 226.4062 1.4689 1.6112 4.0058 -22.6881 1.8289 25.5474 3.0875 2.9590
Pedestrian -1 -1 -3.5077 861.8797 174.3861 911.7493 238.8615 1.5195 0.6255 0.9569 6.5898 1.5573 17.3306 -3.1443 2.7497
Car -1 -1 -1.8320 707.4571 174.1667 741.6152 196.2493 1.6292 1.6450 3.8674 8.7375 1.7341 55.4780 -1.6758 1.5624
Pedestrian -1 -1 -1.5971 657.6789 172.1317 679.4132 224.5261 1.6820 0.6838 0.8855 1.8645 1.6592 23.6212 -1.5183 2.1103
Car -1 -1 -1.3580 723.9091 177.2422 774.5074 210.3967 1.4882 1.6046 4.0271 6.7928 1.7154 35.1249 -1.1669 1.2025
Pedestrian -1 -1 0.9836 271.1875 164.0546 308.2621 221.7450 1.7445 0.6666 0.8909 -9.9608 1.4788 22.3361 0.5641 1.7442
Car -1 -1 3.6707 116.6172 180.1597 222.3868 215.7935 1.6772 1.6747 4.1233 -21.4614 2.0428 35.1935 3.1231 0.3375
Pedestrian -1 -1 2.5339 1055.3769 159.2780 1111.7226 251.4199 1.6830 0.6330 0.6327 8.7999 1.4354 13.5024 3.1115 0.3149
Car -1 -1 -0.2223 723.1719 179.4488 827.8179 215.5466 1.4715 1.6083 4.0552 6.8985 1.7580 30.5079 0.0001 0.2328
Pedestrian -1 -1 0.0841 517.4286 170.8008 534.0075 204.8316 1.6439 0.5993 0.7558 -4.1425 1.5450 35.1634 -0.0332 0.1396
Car -1 -1 1.3625 730.3194 142.0087 772.5581 169.6996 1.4909 1.5754 3.9729 8.0041 -0.1890 41.3006 1.5540 -0.5069
Pedestrian -1 -1 -3.4650 845.3652 178.1304 889.2045 236.1452 1.4883 0.5817 0.9425 6.6687 1.6288 18.8601 -3.1252 -0.0414
Car -1 -1 -1.9506 859.1981 173.7278 984.5556 237.3022 1.4702 1.6129 3.9229 7.8696 1.4956 18.7130 -1.5526 -0.6993
