Car -1 -1 -1.4875 526.7900 151.5603 565.5742 187.8259 1.7609 1.6681 3.8044 -3.2533 0.7273 36.9371 -1.5753 1.4669
Cyclist -1 -1 -1.0632 1074.9919 168.2023 1200.5433 304.1796 1.8287 0.6230 1.8873 7.5513 1.7665 10.3806 -0.4343 6.0464
Pedestrian -1 -1 2.8515 792.7104 166.1140 826.1019 225.3666 1.7207 0.6376 0.7990 5.8274 1.5253 21.2786 3.1188 2.4698
Car -1 -1 1.5219 609.1493 173.5636 631.4872 193.0691 1.5092 1.6001 3.8774 0.7745 1.5685 57.9352 1.5353 0.9005
Cyclist -1 -1 1.4564 648.5301 160.4344 657.8682 180.1043 1.6688 0.6106 1.6959 3.6894 0.6155 62.0761 1.5157 -0.0829
Pedestrian -1 -1 -0.1435 546.3950 162.1919 562.7903 192.5311 1.6965 0.6430 0.8392 -3.1669 1.1007 40.7496 -0.2211 1.6822
Car -1 -1 1.4429 603.2391 170.5306 625.6377 186.6333 1.4841 1.6241 4.0273 0.3745 1.2703 68.5955 1.4484 -0.4092
Cyclist -1 -1 -1.4116 558.5362 164.6825 568.6892 185.8656 1.6629 0.5529 1.6586 -3.7153 1.0218 57.4903 -1.4762 -0.1667
Pedestrian -1 -1 -1.3940 829.0942 164.4641 857.1601 222.0770 1.6768 0.6651 0.8134 6.9088 1.4330 21.5127 -1.0832 1.4745
Cyclist -1 -1 1.5361 599.6053 166.1361 607.7895 185.4750 1.6663 0.6543 1.7116 -0.5768 1.0879 63.0381 1.5270 -0.8269
Pedestrian -1 -1 -0.6577 1078.9199 170.5115 1177.4478 295.3314 1.7266 0.6725 0.9289 7.3473 1.6946 10.3327 -0.0396 1.3399
Pedestrian -1 -1 1.4807 640.4624 166.8767 657.6561 207.5622 1.6901 0.6490 0.8380 1.5997 1.4421 30.4004 1.5332 1.1057
Pedestrian -1 -1 -1.8063 846.9890 171.0511 876.0471 222.9947 1.4816 0.6538 0.6831 7.2489 1.4305 20.9490 -1.4732 0.5532
Pedestrian -1 -1 0.0238 565.7423 162.6110 576.0468 185.4007 1.7179 0.6238 0.7663 -2.9895 0.9462 54.7121 -0.0308 -0.7217
