Cyclist -1 -1 -1.3113 697.0095 169.2299 753.4250 269.1621 1.7904 0.6222 1.8522 2.1964 1.7258 13.8970 -1.1545 7.4593
Pedestrian -1 -1 -1.0161 3.5954 159.1656 78.4910 277.6292 1.7736 0.6231 0.7295 -8.8647 1.5691 11.1983 -1.6857 1.8885
Cyclist -1 -1 1.6378 623.2424 170.6826 635.4664 201.0739 1.7323 0.5979 1.7519 1.1003 1.6089 42.0259 1.6640 4.1367
Pedestrian -1 -1 0.0188 458.8614 169.4886 475.2980 210.0778 1.7015 0.6399 0.6735 -6.1021 1.5607 30.6177 -0.1779 1.8611
Cyclist -1 -1 1.4873 746.7883 153.0416 758.9026 182.7312 1.7099 0.5543 1.7276 8.3616 0.5692 42.4423 1.6818 1.7708
Pedestrian -1 -1 -0.8088 699.8469 167.8066 755.8811 261.1727 1.7288 0.6527 0.8578 2.2159 1.6357 13.8771 -0.6504 1.5448
Cyclist -1 -1 1.4934 632.0143 178.8137 640.9324 200.5417 1.6929 0.5796 1.6950 2.0815 2.1756 57.5436 1.5296 0.2820
Pedestrian -1 -1 -1.9756 752.8612 174.2742 777.8274 216.1543 1.6171 0.6879 0.8278 6.0586 1.6742 28.3627 -1.7651 1.2393
Pedestrian -1 -1 -1.7239 698.9154 171.0792 720.5475 220.4462 1.7976 0.6604 0.9136 3.6452 1.7334 26.7334 -1.5883 1.1489
Pedestrian -1 -1 -1.9173 734.4848 179.1555 758.2483 222.4991 1.6229 0.6638 0.7865 5.1651 1.8680 27.5833 -1.7322 0.1102
Pedestrian -1 -1 0.4192 252.5140 154.7194 291.4470 251.9575 1.7198 0.5458 0.4557 -6.1531 1.3995 13.0368 -0.0218 -0.0236
Pedestrian -1 -1 -0.3586 732.5168 169.1486 751.4151 202.3662 1.6995 0.6335 0.7881 6.7815 1.5103 37.2957 -0.1788 -0.4534
Pedestrian -1 -1 0.2215 439.9832 159.8807 460.3548 201.6253 1.7933 0.6785 0.7336 -6.9772 1.2363 31.3329 0.0024 -0.5775
