Car -1 -1 -1.7694 667.0308 172.6461 712.5953 203.6629 1.4700 1.5581 3.6896 3.9001 1.4605 36.1013 -1.6618 2.1539
Cyclist -1 -1 1.6647 541.4652 168.6458 551.3884 190.0427 1.7051 0.6405 1.7442 -5.1612 1.3701 58.3685 1.5765 0.7088
Pedestrian -1 -1 -1.2352 735.3425 164.4954 759.2846 212.2543 1.6875 0.6157 0.8113 4.9072 1.3925 25.9965 -1.0486 1.2743
Car -1 -1 -1.7256 648.9971 170.9250 689.1129 200.3768 1.5123 1.5965 3.7084 3.1028 1.4136 38.9560 -1.6461 1.8176
Cyclist -1 -1 1.3200 594.1019 169.4061 620.8471 217.0138 1.6834 0.5747 1.6832 -0.1499 1.5619 26.3983 1.3143 0.6901
Pedestrian -1 -1 1.5277 597.5753 166.4427 617.7023 214.4648 1.7345 0.7024 0.8155 -0.1358 1.5033 26.4827 1.5226 1.2231
Car -1 -1 0.3679 277.2772 139.3571 390.2275 176.2904 1.4819 1.6296 4.0372 -11.3764 0.1382 29.7681 0.0028 0.6402
Pedestrian -1 -1 -1.6796 585.9631 168.9881 601.6760 206.1536 1.6648 0.6332 0.7547 -0.7776 1.4920 32.7348 -1.7034 1.1955
Car -1 -1 -3.3644 634.6017 175.3665 694.3905 196.7142 1.4762 1.6314 3.9714 3.8213 1.6589 51.2513 -3.2900 0.4421
Pedestrian -1 -1 0.2027 302.2106 154.3016 328.7513 203.9587 1.7428 0.6639 0.7589 -10.5352 1.0920 25.7171 -0.1861 0.6051
Car -1 -1 -1.5704 738.5960 137.9091 771.7130 168.8787 1.4603 1.5594 3.5274 7.2771 -0.2105 36.3864 -1.3730 -0.2391
Pedestrian -1 -1 -0.1895 613.4558 162.3871 650.6397 227.4220 1.7241 0.6386 0.8995 0.5421 1.4469 19.5127 -0.1617 -0.0706
Car -1 -1 2.0695 137.3270 138.4214 244.3578 183.8487 1.4771 1.6149 3.8344 -14.6553 0.3579 25.3959 1.5462 -0.6474
Pedestrian -1 -1 -1.6483 802.3560 169.5682 828.2097 229.0855 1.6866 0.6690 0.6300 5.8701 1.5939 20.8191 -1.3735 -0.3196
