Car -1 -1 -0.8330 1051.4786 173.0472 1241.0000 251.0311 1.6185 1.6527 3.7952 12.1284 1.6235 16.1454 -0.1887 4.0131
Cyclist -1 -1 -1.1535 736.9911 157.4994 809.8719 262.2330 1.8072 0.6149 1.8743 3.0091 1.5426 13.3833 -0.9324 6.4153
Pedestrian -1 -1 1.4307 694.6813 164.0798 712.1693 200.0636 1.6670 0.7070 0.7999 4.3363 1.2609 33.8271 1.5581 1.2060
Car -1 -1 -1.1365 440.5742 146.5823 495.8321 174.2549 1.5023 1.6147 3.8859 -8.0765 0.0764 41.2485 -1.3298 0.4038
Cyclist -1 -1 1.5240 625.7734 164.2836 640.0215 197.6766 1.7605 0.6814 1.8200 1.1912 1.3090 38.9517 1.5546 3.0750
Pedestrian -1 -1 -1.0979 624.0707 163.7416 642.0194 195.3503 1.6841 0.6435 0.8715 1.2117 1.1989 38.9767 -1.0668 -0.3737
Car -1 -1 2.0890 174.7889 140.4368 240.2249 167.7505 1.4860 1.5484 4.0013 -23.3803 -0.3110 42.0111 1.5811 -0.6278
Cyclist -1 -1 1.5583 574.5868 163.7917 581.7639 183.1407 1.6807 0.6084 1.7103 -2.8279 0.8939 63.5410 1.5138 -0.0771
Pedestrian -1 -1 -1.2609 750.8107 158.9997 798.9435 252.8918 1.6640 0.6526 0.8050 2.9935 1.4189 13.2974 -1.0395 -0.4582
Cyclist -1 -1 1.5328 637.2675 161.7791 643.9811 179.1347 1.6713 0.5892 1.6704 2.9637 0.6052 70.3152 1.5749 -0.3137
Pedestrian -1 -1 0.2407 450.7530 164.8417 471.0480 207.1391 1.6608 0.6361 0.6577 -5.9604 1.3465 28.6572 0.0356 -0.4787
Cyclist -1 -1 1.6416 566.6669 163.9659 574.2298 182.6863 1.6903 0.5737 1.6950 -3.6330 0.8881 65.9976 1.5866 -0.7636
