Car -1 -1 -2.1200 905.3533 145.5978 993.1999 184.4871 1.5282 1.6097 3.7443 14.1009 0.4575 30.3025 -1.6845 0.2546
Cyclist -1 -1 -1.1616 764.4860 156.1678 836.4871 260.9492 1.7644 0.5809 1.8329 3.4203 1.4838 13.0471 -0.9052 7.2055
Pedestrian -1 -1 -0.4305 771.3781 166.2117 799.4548 214.7521 1.7127 0.6442 0.7789 6.2356 1.4787 25.8468 -0.1937 1.1693
Car -1 -1 -0.7042 0.0000 59.8872 29.2076 197.1509 1.4989 1.6179 4.1211 -10.6186 0.2657 9.9748 -1.5209 -0.4249
Cyclist -1 -1 1.4850 627.9306 165.3247 643.1691 199.0479 1.7268 0.6466 1.7678 1.2943 1.3416 37.8431 1.5192 1.9037
Pedestrian -1 -1 -1.4999 554.4133 164.5619 565.5670 192.2468 1.6797 0.6276 0.7934 -3.0916 1.1770 44.1727 -1.5698 0.4313
Car -1 -1 -0.8999 148.2355 138.7413 222.4254 166.5829 1.4753 1.5752 3.8851 -24.1805 -0.3753 41.1807 -1.4308 -0.5632
Cyclist -1 -1 1.5227 555.4366 165.0797 565.8129 193.0608 1.6835 0.5520 1.6974 -3.0692 1.2161 44.2835 1.4535 1.4435
Pedestrian -1 -1 -1.4182 777.4290 157.0448 822.8122 255.9923 1.7046 0.6702 0.8401 3.3679 1.4326 12.9457 -1.1637 -0.0597
Cyclist -1 -1 1.5601 638.3245 163.9328 645.1525 181.6675 1.6804 0.6347 1.7117 3.0236 0.8354 69.2290 1.6038 0.3341
Pedestrian -1 -1 -0.9200 111.3868 138.3122 189.0537 268.1421 1.7349 0.6277 0.6759 -6.4119 1.2737 10.0015 -1.4901 -0.3548
