Car -1 -1 0.1533 450.5025 171.3219 523.5241 197.6609 1.4652 1.6037 3.8889 -6.9761 1.3803 40.9672 -0.0154 0.8860
Cyclist -1 -1 -1.4110 681.2763 165.0087 728.6588 259.7479 1.7422 0.6540 1.7836 1.8450 1.5983 14.2136 -1.2819 7.5403
Pedestrian -1 -1 0.0114 462.0366 166.6820 478.3862 205.9924 1.7179 0.6431 0.7030 -6.2190 1.4486 31.9094 -0.1810 0.4785
Car -1 -1 0.8528 0.0000 130.8734 157.3638 192.5513 1.4723 1.5296 3.5486 -13.6870 0.4706 18.3420 0.2118 0.1367
Cyclist -1 -1 1.5462 621.1132 169.2318 631.4589 197.3628 1.6829 0.5871 1.6851 0.9543 1.4666 44.0063 1.5679 -0.6124
Pedestrian -1 -1 2.7713 734.6036 168.3455 756.1555 206.4058 1.6289 0.6311 0.7386 5.8206 1.4363 31.2558 2.9554 0.2598
Car -1 -1 -1.5529 618.7389 170.2962 642.5894 193.8356 1.6160 1.6347 3.9022 1.4787 1.4408 51.5182 -1.5242 0.0997
Pedestrian -1 -1 -0.2369 745.2146 169.3019 767.2587 211.2046 1.7034 0.6247 0.7617 5.9646 1.5593 29.6551 -0.0384 0.1009
Pedestrian -1 -1 -0.8434 679.5671 170.3346 733.7274 261.1864 1.7243 0.6403 0.8733 1.8555 1.6769 14.2195 -0.7136 -0.0851
Pedestrian -1 -1 0.1797 466.2780 175.4456 487.1473 212.9427 1.7955 0.6429 0.8935 -6.4841 1.9224 34.9151 -0.0039 -0.8151
Pedestrian -1 -1 -0.1358 557.0968 166.9089 571.5920 193.6105 1.7270 0.6542 0.8625 -3.0121 1.3429 47.0720 -0.1997 -0.8289
