Car -1 -1 -1.7731 752.2032 150.6668 800.6299 184.9573 1.6225 1.6259 3.7450 8.2086 0.5730 36.0266 -1.5491 1.4345
Cyclist -1 -1 -1.0087 962.7107 160.3061 1072.5257 280.8200 1.7440 0.6145 1.8009 6.2529 1.5627 11.1382 -0.4972 6.8715
Pedestrian -1 -1 -1.0160 970.3729 169.2871 1044.4380 279.0289 1.6073 0.6545 0.8340 6.0336 1.5554 11.0557 -0.5165 2.9694
Car -1 -1 1.4996 680.0493 170.0487 705.2936 189.8213 1.4968 1.6637 4.3313 6.4467 1.2848 56.8177 1.6125 1.3383
Cyclist -1 -1 1.6847 547.9966 166.6659 562.3743 196.5519 1.6874 0.6391 1.7040 -3.1866 1.3384 41.6003 1.6083 3.6674
Pedestrian -1 -1 -1.3790 809.7747 161.8204 836.2092 217.0189 1.6800 0.6413 0.8493 6.5953 1.3445 22.4815 -1.0936 2.6260
Car -1 -1 -0.8931 1203.5812 186.1593 1241.0000 295.9741 1.5118 1.6158 3.8941 11.6462 1.7355 11.1371 -0.0854 0.5664
Cyclist -1 -1 1.1520 633.1571 165.2779 660.9703 205.5052 1.7441 0.5783 1.7410 1.6001 1.4160 32.1958 1.2016 1.8594
Pedestrian -1 -1 1.4348 550.3573 167.2236 563.1413 196.9102 1.6894 0.6271 0.8218 -3.1024 1.3694 41.5263 1.3603 0.3254
Car -1 -1 -0.6331 624.7745 180.4604 751.7793 233.9139 1.4646 1.5589 3.5879 2.3376 1.7113 21.7899 -0.5262 -0.0288
Cyclist -1 -1 1.5728 569.9168 166.1815 578.1622 188.1521 1.6983 0.6368 1.7426 -2.8481 1.1829 56.6561 1.5226 1.8556
Pedestrian -1 -1 -1.4119 833.0322 170.4409 860.7773 221.3445 1.5392 0.7090 0.7334 7.2805 1.4666 22.3026 -1.0964 -0.0488
Car -1 -1 -1.0417 594.2036 169.8412 631.0084 186.2762 1.4702 1.6104 3.9850 0.2550 1.2010 66.6662 -1.0378 -0.3806
Pedestrian -1 -1 -0.0630 655.9051 160.8328 684.6334 215.4642 1.7828 0.6427 0.9070 1.9424 1.3908 23.8723 0.0182 -0.7245
