Car -1 -1 -0.1716 722.4967 162.7428 814.0122 196.0783 1.5166 1.6305 3.9541 7.3004 1.0570 33.7207 0.0416 2.6617
Cyclist -1 -1 -1.4271 664.4228 166.5438 706.7664 259.2096 1.7630 0.6076 1.8129 1.5108 1.6433 14.6779 -1.3245 5.7403
Pedestrian -1 -1 1.5151 622.5827 168.0732 633.0866 194.7970 1.7172 0.6399 0.7238 1.1214 1.4104 46.7344 1.5391 1.7459
Car -1 -1 2.4730 0.0000 203.5565 50.8736 374.0000 1.4649 1.5656 3.6811 -8.1058 1.8620 7.4281 1.6440 0.7883
Cyclist -1 -1 1.4066 620.5780 170.2231 634.2399 196.2006 1.6525 0.6170 1.6786 1.0898 1.4855 46.7696 1.4299 1.7659
Pedestrian -1 -1 -1.1865 662.8543 162.9638 708.4565 251.6540 1.7484 0.6530 0.8646 1.5039 1.5538 14.7559 -1.0849 1.3524
Car -1 -1 -0.1837 0.0000 156.1037 224.9508 245.9224 1.5487 1.5876 3.5291 -9.8323 1.2603 14.2493 -0.7877 -0.8188
Pedestrian -1 -1 -1.8888 734.5928 170.4674 754.6312 210.1513 1.7056 0.6247 0.8459 5.8258 1.6034 31.4704 -1.7058 1.2063
Pedestrian -1 -1 -0.0038 468.1359 169.7976 484.9253 205.8856 1.6730 0.6493 0.7671 -6.2999 1.5317 33.8377 -0.1878 -0.3810
Pedestrian -1 -1 0.5124 185.1089 153.5819 232.2583 228.8677 1.6376 0.6323 0.6943 -8.9454 1.2187 16.0089 0.0028 -0.5825
Pedestrian -1 -1 -1.8514 720.9281 172.5119 742.2772 210.5406 1.6055 0.7070 0.7978 5.1612 1.5914 30.8961 -1.6859 -0.7433
