Car -1 -1 -1.2024 341.8705 136.5281 500.1346 253.1593 2.4196 1.9627 5.2015 -4.4081 1.6664 17.6685 -1.4469 7.7692
Cyclist -1 -1 -1.1533 666.5640 169.3964 707.3821 228.9701 1.7647 0.5613 1.8360 2.3522 1.6626 22.3057 -1.0483 6.3445
Pedestrian -1 -1 2.3938 1175.4291 157.3102 1241.0000 281.4106 1.6627 0.6806 0.7408 8.4410 1.4548 10.0219 3.0938 3.2042
Car -1 -1 -2.6360 280.0629 177.9310 388.0743 219.8257 1.6605 1.6562 3.8708 -11.4552 1.8793 29.9505 -3.0013 4.1929
Pedestrian -1 -1 -2.1789 1001.8908 159.2999 1072.7374 250.7575 1.6483 0.7588 0.9008 7.9124 1.4044 13.4796 -1.6481 2.9543
Car -1 -1 1.2731 702.0165 174.4247 739.5945 196.5945 1.5325 1.6173 3.8663 7.9407 1.6509 52.1916 1.4241 0.2478
Pedestrian -1 -1 2.6050 1159.6311 151.9203 1232.0914 272.5288 1.7057 0.6754 0.5560 8.5166 1.4100 10.5750 3.2830 2.8521
Car -1 -1 -1.0318 718.3026 175.5699 797.6179 212.7471 1.5003 1.6364 3.8474 6.4410 1.6261 31.3737 -0.8293 -0.0075
Pedestrian -1 -1 -3.5696 901.2931 174.0832 966.2492 251.8933 1.5062 0.6870 0.9787 6.3624 1.5316 14.3240 -3.1516 2.1308
Car -1 -1 -1.8642 707.6333 176.8620 764.7613 209.6452 1.5056 1.6380 4.2001 6.1547 1.7172 35.8528 -1.6942 -0.5468
Pedestrian -1 -1 -3.5299 877.6619 175.6044 934.6686 245.5882 1.4921 0.7292 0.9461 6.4118 1.5540 15.7755 -3.1438 1.5471
