Car -1 -1 1.6374 687.6533 189.1736 770.4846 268.8225 1.4555 1.5590 3.6398 2.6709 1.8604 15.9329 1.8035 2.6336
Cyclist -1 -1 1.5498 474.7525 166.4996 484.5120 192.8889 1.6951 0.5907 1.7184 -8.5729 1.2873 47.2444 1.3703 2.7445
Pedestrian -1 -1 1.7472 473.4022 166.3634 485.1308 192.7858 1.7132 0.6298 0.7707 -8.5744 1.2927 47.1667 1.5674 1.5921
Car -1 -1 1.5049 639.0325 170.5012 678.0032 203.3895 1.4989 1.6077 3.9902 2.2531 1.3920 34.8784 1.5694 1.5344
Pedestrian -1 -1 -1.6198 546.6176 170.2847 564.3800 211.1266 1.6754 0.6965 0.8246 -2.3159 1.5703 30.0479 -1.6967 0.9568
Car -1 -1 2.1803 6.2809 124.6861 152.1442 178.2933 1.4725 1.6023 3.8857 -15.8689 0.1498 21.7749 1.5505 1.0369
Pedestrian -1 -1 1.5782 565.6128 167.6536 584.9833 219.6515 1.7138 0.6381 0.8604 -1.2078 1.5428 24.2221 1.5284 0.4778
Car -1 -1 1.6718 522.8866 178.5461 550.3945 200.1400 1.4894 1.6073 4.0392 -5.3625 1.9226 52.8487 1.5706 0.5034
Pedestrian -1 -1 2.1370 233.3919 166.9041 276.2438 237.7801 1.6008 0.6613 0.6134 -8.2311 1.4668 16.6338 1.6775 0.0325
Car -1 -1 3.1242 156.9400 162.8419 280.9399 214.7686 1.6396 1.6129 3.5765 -13.1901 1.3238 24.3609 2.6280 -0.6620
Pedestrian -1 -1 -1.7397 755.1749 178.4088 792.7917 261.1035 1.6363 0.6344 0.7080 3.2796 1.7527 14.6939 -1.5202 -0.3999
Car -1 -1 1.5600 593.7420 149.5726 615.0013 169.5955 1.4870 1.5982 3.8882 -0.4875 -0.2622 56.1794 1.5513 -0.6716
Pedestrian -1 -1 -1.7634 811.4913 171.8794 848.8475 245.1167 1.6634 0.6907 0.7957 5.0713 1.6417 16.8160 -1.4705 -0.5619
Car -1 -1 -1.7491 607.5025 178.4575 642.9764 202.7706 1.4802 1.6112 4.0475 0.9163 1.8623 47.0305 -1.7296 -0.8283
