Cyclist -1 -1 -1.0904 1155.0454 160.4107 1241.0000 302.2596 1.8120 0.6123 1.8599 8.3131 1.6534 9.8506 -0.3894 5.6960
Pedestrian -1 -1 -0.8988 1161.3766 167.4972 1241.0000 299.8440 1.7161 0.6784 0.9314 8.1282 1.6470 9.7801 -0.2054 2.7893
Cyclist -1 -1 1.3945 633.5788 164.4756 657.8870 210.1211 1.7709 0.6590 1.8287 1.3766 1.4462 28.9402 1.4420 3.2064
Pedestrian -1 -1 2.8618 790.3995 164.6480 824.3833 226.3336 1.7150 0.6344 0.7798 5.5215 1.4872 20.3803 3.1263 0.9256
Cyclist -1 -1 1.7596 622.3034 168.8689 640.4063 203.7633 1.6721 0.5862 1.6816 1.0208 1.4815 35.4573 1.7884 3.1337
Pedestrian -1 -1 1.7687 624.1139 165.6596 640.7277 200.7353 1.7040 0.6619 0.8661 1.0705 1.3548 35.5466 1.7988 0.9246
Cyclist -1 -1 1.4244 558.0647 163.4049 569.6148 186.4953 1.6783 0.6088 1.6990 -3.4458 0.9919 53.3361 1.3598 0.6295
Pedestrian -1 -1 -1.1831 537.8919 163.1169 554.9775 194.5266 1.7239 0.6568 0.8976 -3.5665 1.1899 40.1251 -1.2718 0.6998
Cyclist -1 -1 1.5483 589.7222 165.9056 597.0668 185.7525 1.6701 0.5869 1.6986 -1.4436 1.0857 61.5742 1.5249 0.4533
Pedestrian -1 -1 -0.8317 833.3790 169.0591 870.8018 226.4776 1.6163 0.6681 0.7851 6.9272 1.5099 20.7917 -0.5101 0.3844
Pedestrian -1 -1 0.0537 549.9038 165.4513 560.7596 187.5306 1.7063 0.6176 0.8100 -4.2721 1.1346 56.0766 -0.0223 -0.5804
Pedestrian -1 -1 -0.2421 639.6930 162.4291 669.8638 212.3627 1.7210 0.6812 0.9176 1.5196 1.3620 25.2832 -0.1821 -0.8217
