Car -1 -1 -1.0046 0.0000 82.4477 366.6354 356.2960 2.4298 1.9648 5.1245 -5.0589 1.6280 9.0115 -1.5161 10.9137
Cyclist -1 -1 -1.5887 688.3576 162.0980 716.3563 238.2928 1.8645 0.6753 1.9606 2.3213 1.6017 18.6642 -1.4650 8.8727
Pedestrian -1 -1 0.8387 395.1346 174.3509 446.9176 262.8341 1.5819 0.6457 0.6698 -3.5497 1.6109 13.3654 0.5791 4.4005
Car -1 -1 1.8307 380.5813 137.3269 433.5924 169.8060 1.4573 1.5385 3.7370 -9.7018 -0.1538 34.6037 1.5574 2.6160
Cyclist -1 -1 1.3063 769.0506 172.9102 784.3107 197.3767 1.7092 0.6214 1.7409 11.8109 1.7136 51.2878 1.5326 0.8965
Pedestrian -1 -1 -3.6268 1110.5749 166.1267 1240.8025 327.1582 1.6117 0.7171 0.8474 5.9022 1.5448 7.6449 -2.9693 2.1937
Car -1 -1 1.3769 762.3691 166.7790 795.0700 187.8456 1.4906 1.6054 3.9374 12.3318 1.0611 53.0455 1.6053 0.6395
Cyclist -1 -1 1.4836 682.0506 164.6344 690.8890 183.9483 1.6849 0.6283 1.7186 6.7364 0.9682 63.8061 1.5888 0.5955
Pedestrian -1 -1 2.6075 1000.2384 148.5515 1051.6610 232.5295 1.7832 0.6646 0.7291 8.9649 1.2675 15.6559 3.1275 1.1166
Car -1 -1 -1.7551 714.9744 171.2809 776.3422 215.2587 1.5551 1.6077 3.7825 5.0295 1.4998 27.4045 -1.5736 0.6112
Cyclist -1 -1 1.3240 718.4580 169.4462 732.4589 193.8789 1.6938 0.5692 1.7245 8.1085 1.4579 50.9005 1.4819 0.3529
Pedestrian -1 -1 -0.7659 681.2897 170.5551 721.6374 237.4146 1.6753 0.6610 0.7947 2.3062 1.6180 18.5790 -0.6424 0.2214
Car -1 -1 -2.6470 935.1986 168.0811 1081.7236 215.5033 1.4949 1.6070 4.1630 13.5885 1.3448 24.9245 -2.1479 0.5647
Cyclist -1 -1 1.5348 667.9882 168.9194 675.2041 187.5972 1.7067 0.6017 1.7479 5.6806 1.3475 66.8143 1.6197 -0.5580
Pedestrian -1 -1 -0.1174 563.6332 170.3162 576.1513 196.5525 1.6775 0.6254 0.7367 -2.6186 1.5156 46.5017 -0.1737 -0.7258
Car -1 -1 -2.2104 1114.6178 162.2142 1241.0000 276.2773 1.4830 1.5930 3.9485 9.9875 1.3450 11.4094 -1.4914 0.0302
Cyclist -1 -1 -0.2949 785.7993 177.2790 819.2352 207.7641 1.7507 0.6075 1.7743 11.1306 2.0099 41.8660 -0.0350 -0.7501
Car -1 -1 -0.2914 800.0651 168.5505 883.0922 196.4142 1.5461 1.6610 4.1787 13.0430 1.3076 40.8999 0.0173 -0.6845
