Car -1 -1 -1.6954 602.6015 176.7835 633.9040 201.7480 1.4545 1.5200 3.2710 0.4404 1.7054 44.2879 -1.6855 4.6105
Cyclist -1 -1 1.7256 457.4766 177.7387 472.0292 207.0904 1.7189 0.6062 1.6929 -8.7609 2.0188 43.3959 1.5264 1.2699
Pedestrian -1 -1 1.1839 848.3527 159.8747 917.2928 280.7134 1.8150 0.7049 0.9401 4.2047 1.6204 11.3154 1.5396 6.7982
Car -1 -1 -0.9480 0.0000 150.5898 104.1247 230.5988 1.7093 1.6723 4.0083 -14.4370 1.2340 17.4685 -1.6387 1.0631
Cyclist -1 -1 1.6055 565.6575 175.0019 572.4022 192.8287 1.6991 0.5942 1.7076 -3.9788 1.9100 69.8375 1.5486 -0.2575
Pedestrian -1 -1 1.2001 805.4025 159.3149 868.9516 277.9518 1.7939 0.6967 0.8300 3.5032 1.5895 11.3462 1.4996 4.9634
Car -1 -1 -1.3098 317.4009 181.1259 410.8934 239.7066 1.4905 1.5928 3.9599 -7.0566 1.7543 20.9546 -1.6347 -0.5662
Pedestrian -1 -1 1.5602 354.6002 173.5762 416.2633 300.6865 1.6065 0.7545 0.8856 -3.0642 1.6170 9.6609 1.2531 4.6239
Car -1 -1 -1.2582 316.4611 181.0869 355.8920 203.1422 1.4763 1.5758 3.6987 -19.5562 2.0869 51.5898 -1.6205 -0.7113
Pedestrian -1 -1 1.9188 213.3052 162.5366 339.0164 373.5165 1.6572 0.7146 0.8811 -2.8548 1.5765 6.1347 1.4833 3.8477
Car -1 -1 -0.8733 0.0000 161.9935 52.3887 237.2473 1.6220 1.6495 3.9513 -15.9144 1.3882 17.5549 -1.6097 -0.7789
Pedestrian -1 -1 -2.0626 400.3777 171.9558 459.8480 271.6916 1.7356 0.7023 0.9081 -3.3289 1.7203 13.1254 -2.3110 3.7709
Pedestrian -1 -1 -1.3874 457.7241 175.9206 470.7864 204.7676 1.7112 0.6476 0.7212 -8.7652 1.8969 43.2422 -1.5874 0.2636
