Car -1 -1 -1.6874 596.4282 175.5637 628.6956 200.9728 1.5012 1.5850 3.6855 0.0883 1.6777 44.9590 -1.6854 1.4355
Cyclist -1 -1 1.3259 452.4504 175.8958 468.8323 204.1700 1.6826 0.5900 1.6662 -9.1496 1.8722 44.0047 1.1209 -0.3255
Pedestrian -1 -1 1.2409 789.2988 168.3023 847.8121 276.3924 1.7413 0.7055 0.8287 3.4162 1.6683 12.0534 1.5171 6.0216
Car -1 -1 0.0172 551.6200 181.6271 626.3758 208.9819 1.4730 1.6220 4.0825 -1.1918 1.9726 40.2229 -0.0125 1.3344
Pedestrian -1 -1 1.1846 823.0620 160.8403 885.2391 271.7263 1.7869 0.6750 0.9577 4.0314 1.5936 12.1244 1.5056 5.7643
Car -1 -1 1.5157 511.4660 180.4085 538.5233 203.4638 1.4829 1.6301 4.1253 -5.9560 2.0296 50.0028 1.3971 -0.0735
Pedestrian -1 -1 -1.9753 409.2232 174.8114 462.6898 267.0794 1.6657 0.6789 0.8995 -3.3409 1.7045 13.6102 -2.2160 4.6767
Car -1 -1 -1.6256 537.5226 159.8129 558.6558 179.1170 1.6325 1.6259 3.8530 -5.4567 0.5300 63.0371 -1.7120 -0.5600
Pedestrian -1 -1 1.9067 256.4179 160.1429 364.5329 354.5965 1.7255 0.7077 0.8561 -2.8662 1.6131 6.8486 1.5103 4.6751
Pedestrian -1 -1 1.5495 357.4617 170.2335 417.1507 297.2992 1.7233 0.7839 0.9864 -3.2656 1.6881 10.3756 1.2446 4.3166
Pedestrian -1 -1 0.4348 223.0994 155.1357 311.4630 328.1596 1.7538 0.6739 0.6225 -3.6700 1.5746 7.6517 -0.0124 1.6056
Pedestrian -1 -1 0.5682 453.5643 176.3649 470.8982 204.8549 1.7142 0.6225 0.8303 -9.0345 1.9306 43.9589 0.3655 0.1198
