Car -1 -1 -1.7262 723.9219 179.7476 769.9098 213.0476 1.5364 1.6460 4.0503 6.7635 1.9020 36.1832 -1.5415 0.5321
Cyclist -1 -1 1.5693 730.9727 176.7559 759.3579 248.5262 1.6233 0.6368 1.6374 3.1817 1.7218 17.2736 1.7515 3.7315
Pedestrian -1 -1 1.9881 724.9036 173.0050 769.1560 246.1431 1.6950 0.7276 0.9371 3.2450 1.6992 17.3143 2.1734 3.3272
Car -1 -1 -1.6479 705.9816 178.0269 725.5197 194.4296 1.5343 1.6032 3.7594 10.3103 2.0549 70.6365 -1.5030 -0.1589
Cyclist -1 -1 1.4471 688.8171 177.6709 698.9044 199.3071 1.6803 0.5910 1.6757 6.6233 2.0685 57.2483 1.5623 -0.2982
Pedestrian -1 -1 -1.7736 761.7935 173.8260 776.5594 204.0239 1.7600 0.7083 0.7638 9.3299 1.8181 42.4609 -1.5573 2.2614
Car -1 -1 1.7211 515.0853 174.7102 580.5954 226.7114 1.6297 1.6626 3.9759 -2.0933 1.6990 24.7934 1.6368 -0.1679
Pedestrian -1 -1 1.9584 782.0639 168.1067 833.6889 255.1665 1.6809 0.7146 0.9027 3.9323 1.5896 14.5035 2.2231 2.1465
Car -1 -1 -2.5913 642.9430 181.2503 690.4621 199.3660 1.4871 1.5795 3.8549 4.8850 2.2370 62.6397 -2.5135 -0.7891
Pedestrian -1 -1 -1.7669 751.2733 173.7594 765.1929 203.3972 1.7335 0.6755 0.7252 8.7123 1.7878 42.5872 -1.5651 1.4352
Pedestrian -1 -1 -0.2858 641.7249 173.8915 658.5948 203.1229 1.7209 0.6187 0.8616 2.3521 1.7836 42.9044 -0.2311 0.9034
Pedestrian -1 -1 0.5438 200.0014 137.0038 245.6818 204.3792 1.7702 0.6279 0.8786 -10.3910 0.8286 19.2903 0.0497 0.0748
Pedestrian -1 -1 1.8077 754.2050 191.8793 789.7956 251.1643 1.4193 0.7065 0.7957 4.0236 1.9109 18.1132 2.0262 -0.4029
