Car -1 -1 -1.7372 687.8734 179.4425 736.8625 214.8938 1.4470 1.5725 3.5051 4.4245 1.7547 31.8813 -1.5993 1.4998
Cyclist -1 -1 1.6548 482.9739 177.3383 504.2507 224.6193 1.7163 0.6510 1.7656 -4.4286 1.8918 27.2667 1.4937 6.9172
Pedestrian -1 -1 0.5268 654.4117 175.9783 694.1198 244.3654 1.6995 0.6885 0.7722 1.5991 1.7821 18.4780 0.6131 5.0721
Cyclist -1 -1 1.5885 504.0800 175.7401 515.6876 211.0816 1.7567 0.5595 1.7911 -5.1551 1.9085 36.9350 1.4498 4.0222
Pedestrian -1 -1 -2.8245 413.3988 179.0752 460.0367 263.8137 1.6019 0.6580 0.7149 -3.4153 1.7264 14.0452 -3.0630 4.8560
Pedestrian -1 -1 0.3778 379.3309 176.7982 425.8923 257.9474 1.5588 0.6442 0.6965 -4.1373 1.6390 14.2458 0.0951 4.4144
Pedestrian -1 -1 -0.9004 1130.7608 168.3242 1235.3815 303.6321 1.7362 0.6730 0.9244 7.6286 1.6785 9.6902 -0.2335 3.2735
Pedestrian -1 -1 -1.0184 0.0000 149.6296 213.0553 374.0000 1.7208 0.7602 0.8272 -2.8209 1.6082 3.9445 -1.6392 2.3871
Pedestrian -1 -1 -1.1395 977.2255 182.3944 1043.3843 289.7294 1.6154 0.6690 0.7430 6.2896 1.7734 11.4333 -0.6366 0.2298
Pedestrian -1 -1 1.3824 559.9732 180.0351 570.7426 203.2199 1.6927 0.6505 0.8369 -3.3375 2.2300 53.4622 1.3201 -0.3482
