Car -1 -1 -1.9395 665.9164 177.9254 703.0460 198.2235 1.4592 1.5760 3.6975 5.5959 1.8592 54.8550 -1.8378 1.2434
Cyclist -1 -1 1.0701 896.6216 169.0793 1169.3668 374.0000 1.6294 0.6341 1.6479 2.2866 1.6118 4.2602 1.5627 -0.7857
Pedestrian -1 -1 1.3646 733.6741 173.3344 755.7255 214.8337 1.7255 0.7764 0.7414 5.6265 1.7464 30.3870 1.5477 2.9493
Car -1 -1 1.5186 609.8391 182.7626 629.8054 200.3578 1.5073 1.6151 4.1141 0.8544 2.4460 66.2442 1.5315 -0.2567
Pedestrian -1 -1 1.3284 928.0390 141.3953 1114.5756 374.0000 1.7297 0.7399 0.9283 2.3035 1.5678 4.2615 1.8240 2.9172
Car -1 -1 -1.9203 0.0000 188.7611 216.6800 374.0000 1.4863 1.6318 4.0892 -6.1928 1.6933 7.6173 -2.6029 -0.7453
Pedestrian -1 -1 -0.5635 1007.6375 167.5655 1058.9513 250.9741 1.5760 0.6441 0.6051 8.1308 1.4764 13.9632 -0.0362 2.8978
Pedestrian -1 -1 1.3739 1083.9463 115.9971 1241.0000 374.0000 1.7862 0.7211 0.9259 3.2259 1.4978 4.2366 2.0247 2.7383
Pedestrian -1 -1 1.3041 754.2407 173.2465 774.0324 214.5287 1.7183 0.6750 0.6164 6.4415 1.7353 30.3627 1.5131 2.2513
Pedestrian -1 -1 -0.5797 1028.7489 167.1574 1094.2422 254.5184 1.5580 0.7237 0.7425 8.2161 1.4568 13.2358 -0.0242 2.0019
Pedestrian -1 -1 -2.0779 641.6902 177.2797 657.2701 203.9619 1.7103 0.6748 0.8692 2.5360 2.0020 46.9630 -2.0240 1.3724
