Car -1 -1 2.5111 0.0000 189.6450 163.5855 374.0000 1.4703 1.6031 3.8293 -4.5667 1.6075 3.9093 1.6483 0.7972
Cyclist -1 -1 1.3722 793.1252 168.9121 881.6965 330.9609 1.6559 0.6224 1.7054 2.4919 1.6160 8.2486 1.6656 5.0134
Pedestrian -1 -1 1.7515 908.5041 143.0924 1000.3220 331.5702 1.7749 0.6972 0.9146 3.4731 1.4950 7.3667 2.1920 3.3202
Car -1 -1 -1.9605 685.8890 176.4262 721.0178 195.7506 1.4828 1.5638 3.5500 7.4496 1.7797 57.9870 -1.8328 0.5098
Cyclist -1 -1 1.5841 665.0286 175.9381 674.0339 200.4483 1.6671 0.6035 1.6497 4.1125 1.8854 50.1368 1.6659 -0.3784
Pedestrian -1 -1 1.6564 799.8370 179.0110 874.8828 327.7524 1.5816 0.7520 0.8670 2.5616 1.6570 8.2575 1.9571 2.6500
Car -1 -1 -1.6867 679.9291 176.2956 703.1346 194.6075 1.5519 1.6166 3.6691 7.1448 1.8647 63.6731 -1.5749 -0.4064
Pedestrian -1 -1 -1.6308 665.0542 174.8680 674.3943 199.4513 1.6912 0.5995 0.7833 4.1151 1.8325 50.0971 -1.5488 2.0377
Pedestrian -1 -1 0.6736 1079.5876 141.5593 1189.4608 289.1233 1.7548 0.6537 0.9128 6.5404 1.3830 9.1057 1.2964 1.7884
Pedestrian -1 -1 1.3109 761.5727 169.6085 779.5812 207.3255 1.7591 0.6882 0.6300 7.5198 1.6081 33.9794 1.5286 1.4836
