Car -1 -1 -1.6629 591.3885 176.8483 621.6648 202.5513 1.5405 1.5873 3.5765 -0.2875 1.8040 45.6760 -1.6692 2.2768
Cyclist -1 -1 1.6965 451.4039 177.5896 464.3436 205.6815 1.6974 0.5779 1.7077 -9.4633 1.9973 44.7647 1.4882 2.7581
Pedestrian -1 -1 1.2662 767.8876 162.7466 823.3104 267.0187 1.7870 0.7235 0.8669 3.2297 1.6142 12.8167 1.5131 5.9297
Car -1 -1 0.9235 0.0000 195.3652 93.6766 374.0000 1.4844 1.6249 4.2373 -6.3468 1.6689 5.0393 0.0238 1.9959
Pedestrian -1 -1 1.8622 285.7576 163.4259 375.2065 337.6319 1.7149 0.6641 0.8298 -2.9501 1.6224 7.5405 1.4893 5.6731
Car -1 -1 -1.7538 673.7454 179.5792 726.1595 215.5594 1.4921 1.6431 4.0104 3.9712 1.8168 32.7392 -1.6331 -0.4797
Pedestrian -1 -1 1.2174 805.9904 160.5915 862.5923 263.6219 1.7750 0.7088 0.8570 3.9353 1.5641 12.8756 1.5140 5.3619
Car -1 -1 1.7663 410.1482 128.5849 462.8166 165.1825 1.4777 1.5348 3.9193 -7.6524 -0.3605 31.9522 1.5312 -0.7551
Pedestrian -1 -1 -2.0006 409.2143 171.4242 461.8970 263.7908 1.7314 0.6775 0.9172 -3.4645 1.7050 14.0926 -2.2417 4.7538
Pedestrian -1 -1 0.4087 240.0023 167.0840 329.8551 320.0054 1.6770 0.6335 0.7462 -3.7453 1.6141 8.2335 -0.0183 3.7478
Pedestrian -1 -1 1.5722 367.6603 170.6911 421.6543 280.7604 1.6140 0.7668 0.8948 -3.3691 1.5827 11.1168 1.2779 3.6097
Pedestrian -1 -1 2.1690 0.0000 164.0853 179.3464 374.0000 1.6851 0.7755 0.8170 -3.3313 1.6366 4.4398 1.5252 3.0859
Pedestrian -1 -1 -1.6318 490.3901 177.9270 501.2893 204.7439 1.6861 0.6376 0.8035 -7.3126 2.0131 45.9996 -1.7894 0.0211
Pedestrian -1 -1 2.0551 585.1751 175.5466 597.8432 200.7357 1.6819 0.6294 0.6401 -1.2767 1.8655 48.6911 2.0289 -0.2127
