Car -1 -1 -0.7877 683.0082 180.9664 734.6536 201.3340 1.5072 1.6306 4.0702 7.7726 2.1671 56.7733 -0.6516 0.4642
Cyclist -1 -1 1.5329 716.8314 177.3153 742.8348 240.6731 1.6765 0.6439 1.7309 3.2774 1.8068 20.1152 1.6944 3.3623
Pedestrian -1 -1 1.6551 717.6332 179.2260 746.8163 238.1517 1.5982 0.7359 0.8800 3.3809 1.7815 20.1962 1.8210 2.2540
Car -1 -1 1.8317 447.1632 131.4360 577.7292 225.7141 1.6712 1.6580 4.0590 -1.8951 0.9374 14.9101 1.7052 -0.2630
Pedestrian -1 -1 -0.1245 643.4931 177.2621 657.7137 204.0481 1.6864 0.6181 0.8317 2.5469 1.9691 45.8716 -0.0690 1.2052
Car -1 -1 -2.4162 648.8256 177.0431 690.2260 193.1467 1.4796 1.6020 3.8704 5.6722 1.8934 69.2591 -2.3345 -0.5470
Pedestrian -1 -1 1.9710 761.3601 179.1659 805.1792 251.9161 1.6220 0.7072 0.8701 3.9757 1.7738 16.7416 2.2041 -0.1437
Car -1 -1 1.1873 851.0881 133.2354 918.9654 169.7553 1.6546 1.6419 4.1504 13.2585 -0.1595 35.1357 1.5481 -0.7191
Pedestrian -1 -1 1.5379 743.4533 173.3945 754.2872 201.1844 1.7331 0.6444 0.7527 8.7096 1.7678 45.4334 1.7273 -0.6576
Car -1 -1 2.4790 0.0000 153.8293 50.1798 352.7240 1.6126 1.6328 3.9080 -8.5834 1.4587 7.8597 1.6497 -0.7763
Pedestrian -1 -1 -1.5948 632.9105 172.0125 644.2823 202.8747 1.7555 0.6322 0.8140 1.6051 1.7079 41.4501 -1.5561 -0.7328
Car -1 -1 -3.4845 816.7776 184.6084 931.0438 224.2165 1.4807 1.5974 3.8910 10.2300 1.9546 28.2576 -3.1371 -0.8204
