Car -1 -1 1.8903 337.7574 152.7862 380.3098 175.1430 1.4717 1.5638 4.0601 -17.1999 0.1510 49.5356 1.5561 2.6242
Cyclist -1 -1 1.8009 415.7680 167.8109 468.1917 258.2955 1.6704 0.6329 1.7096 -3.3209 1.5776 14.1719 1.5707 8.6520
Pedestrian -1 -1 0.3136 790.3353 161.9785 889.5941 334.2975 1.6849 0.6730 0.8272 2.3595 1.5789 7.5660 0.6159 4.3360
Car -1 -1 -1.5344 0.0000 122.9278 37.2573 374.0000 1.6137 1.6567 4.1490 -4.8538 1.4608 4.2358 -2.3877 0.5411
Cyclist -1 -1 1.6419 482.6503 164.8050 509.5852 234.0366 1.7894 0.5966 1.8488 -3.1232 1.5817 19.5936 1.4839 6.7643
Pedestrian -1 -1 -1.9933 542.4677 169.1929 568.6904 215.6869 1.7309 0.7008 0.8609 -2.1141 1.5950 27.4046 -2.0702 4.1122
Car -1 -1 -0.7545 692.0572 177.2525 736.9683 194.6468 1.4719 1.5969 3.8871 9.2230 1.8715 63.7167 -0.6108 0.4374
Pedestrian -1 -1 -2.1070 526.3863 168.9435 553.1970 215.4362 1.7176 0.6764 0.8287 -2.6915 1.5735 27.1882 -2.2057 4.0654
Car -1 -1 1.5684 577.3485 182.4190 602.0217 206.5702 1.4743 1.5592 3.8564 -1.3763 2.1307 47.5398 1.5395 -0.4638
Pedestrian -1 -1 1.1372 605.3533 170.2258 621.7392 200.9073 1.7369 0.6251 0.8847 0.1657 1.5885 41.3770 1.1412 0.4865
Car -1 -1 -1.4889 1070.7731 189.6431 1241.0000 374.0000 1.5163 1.6094 3.9395 4.0048 1.6473 3.7558 -0.6715 -0.5909
Pedestrian -1 -1 -0.2312 782.2914 170.0169 809.5653 226.5952 1.6632 0.6633 0.6526 5.4995 1.5801 21.5454 0.0188 -0.0665
Pedestrian -1 -1 1.4486 700.7402 170.7051 710.8099 194.6850 1.7250 0.6374 0.7360 6.9082 1.5708 52.2714 1.5800 -0.4031
