Car -1 -1 -0.3758 831.9437 179.3211 970.0723 224.3925 1.5015 1.6523 4.1395 10.0030 1.7344 25.1071 0.0033 0.6750
Cyclist -1 -1 1.5624 738.2385 171.6970 767.6006 249.2324 1.6250 0.6058 1.6681 3.1067 1.6011 15.9945 1.7542 4.5829
Pedestrian -1 -1 -1.5349 628.7836 171.6901 644.6573 207.1474 1.5922 0.6947 0.7969 1.1798 1.5403 32.8201 -1.4990 2.4291
Car -1 -1 1.3098 877.4801 131.2884 942.8984 170.9415 1.6254 1.6575 4.0890 13.1414 -0.0899 31.9136 1.7004 -0.1315
Cyclist -1 -1 1.5338 638.6977 170.0546 650.0282 199.5618 1.6690 0.5901 1.6434 1.9420 1.5110 41.6336 1.5804 0.1875
Pedestrian -1 -1 1.7898 733.8450 169.1687 773.2296 246.4060 1.6625 0.6862 0.8879 3.1551 1.5835 16.0721 1.9837 2.3180
Car -1 -1 1.8262 503.6507 176.0178 579.8537 225.3111 1.4638 1.5920 3.7286 -2.1919 1.5765 23.6457 1.7338 -0.4593
Pedestrian -1 -1 1.9179 791.0330 165.8861 846.5809 260.0822 1.6908 0.7402 0.9018 3.8707 1.5661 13.5310 2.1965 0.9456
Pedestrian -1 -1 -1.7976 638.6736 169.9607 652.9879 200.2144 1.7220 0.6534 0.8238 2.0245 1.5577 41.5293 -1.7489 0.3373
Pedestrian -1 -1 1.3463 763.2732 167.2520 776.9233 197.3018 1.7055 0.6276 0.6734 9.1240 1.3879 41.2880 1.5638 -0.7828
