Car -1 -1 -1.6843 617.4125 175.0909 644.1281 197.6749 1.6957 1.6664 3.8021 1.5682 1.8774 56.5273 -1.6566 2.4664
Pedestrian -1 -1 1.1876 733.0222 169.5749 760.4248 217.2100 1.6499 0.7396 0.6982 4.7648 1.5367 25.4036 1.3731 4.7494
Car -1 -1 -1.5063 1116.6946 174.8032 1241.0000 374.0000 1.5399 1.6288 4.0107 4.5225 1.5568 4.2139 -0.6856 1.6364
Pedestrian -1 -1 1.3476 715.0825 169.7059 740.1736 219.2739 1.7189 0.7278 0.7264 4.0917 1.6101 25.4042 1.5073 4.6485
Car -1 -1 -0.2755 752.3229 176.1532 878.4160 218.2891 1.4843 1.6355 4.1407 7.3906 1.6090 26.3664 -0.0022 0.1850
Pedestrian -1 -1 -0.6612 1116.8015 163.2098 1200.0091 286.8410 1.6520 0.6567 0.6483 7.5090 1.5235 9.9720 -0.0158 4.2222
Car -1 -1 -2.2718 525.0877 172.6996 571.1148 192.1646 1.4608 1.5597 3.6659 -4.8531 1.4496 55.9936 -2.3583 -0.2538
Pedestrian -1 -1 1.6917 487.4321 172.6464 520.3514 242.8525 1.6541 0.7035 0.7273 -2.5956 1.6496 17.3704 1.5434 4.0053
Pedestrian -1 -1 -0.7081 1149.1819 154.7266 1241.0000 292.6319 1.6898 0.7420 0.8038 7.5178 1.4680 9.2190 -0.0240 3.4263
Pedestrian -1 -1 -2.5548 598.3708 172.3234 617.3126 202.5387 1.7613 0.6549 0.9071 -0.1609 1.7308 42.5810 -2.5585 0.9621
