Car -1 -1 -2.1332 544.4295 178.1588 587.2544 197.8958 1.4791 1.5998 3.8062 -3.5554 1.9145 57.1623 -2.1953 1.0763
Pedestrian -1 -1 -0.6269 1077.7032 159.9024 1157.0479 273.4600 1.6651 0.6644 0.7305 7.6069 1.4756 10.9160 -0.0182 3.8757
Car -1 -1 -1.6385 631.5993 174.0277 655.7360 195.8406 1.6751 1.6573 3.9213 2.6305 1.7723 57.5968 -1.5928 1.0754
Pedestrian -1 -1 1.3756 721.6248 168.6038 744.7721 217.3110 1.7724 0.7081 0.7545 4.4996 1.6181 26.6399 1.5430 3.7830
Car -1 -1 1.6884 574.9730 182.6617 598.9753 201.3042 1.5052 1.6044 4.1992 -1.9886 2.3871 62.6902 1.6567 0.8990
Pedestrian -1 -1 1.8344 507.3161 174.1635 541.1642 236.0070 1.5672 0.6926 0.7912 -2.2683 1.6024 18.7419 1.7140 2.6992
Car -1 -1 -0.7858 424.0380 140.8875 539.7848 193.1184 1.6714 1.6571 3.9681 -4.4239 0.6488 25.1865 -0.9597 -0.4088
Pedestrian -1 -1 1.3897 737.7031 168.1442 759.8516 216.2897 1.7604 0.7052 0.6088 5.0851 1.5886 26.6869 1.5779 2.4722
Car -1 -1 -1.1445 18.4977 126.5540 466.2229 374.0000 1.4850 1.6143 3.9959 -2.5183 1.2279 6.0304 -1.5401 -0.7699
Pedestrian -1 -1 -2.4037 609.6884 173.1484 628.4490 202.4332 1.7506 0.6658 0.9301 0.5152 1.7690 43.7018 -2.3919 1.7326
Pedestrian -1 -1 -0.6729 1105.7161 151.5622 1193.3487 274.5874 1.6957 0.7090 0.7165 7.6366 1.4026 10.3094 -0.0354 1.5015
