Car -1 -1 1.5727 604.2709 173.6703 624.6789 193.4811 1.6002 1.6534 4.0801 0.3541 1.6714 60.4955 1.5786 1.3097
Cyclist -1 -1 1.0936 864.8315 146.3890 1091.5409 374.0000 1.6494 0.6027 1.7029 2.2840 1.5036 4.8432 1.5343 0.2448
Pedestrian -1 -1 -0.5795 1013.5359 161.3227 1077.2634 250.1160 1.6479 0.6892 0.7907 8.2321 1.4343 13.7487 -0.0400 3.3184
Car -1 -1 -1.6529 663.0203 175.5876 687.9828 196.8442 1.7312 1.7463 4.5988 5.5356 1.9739 61.6592 -1.5633 0.7441
Cyclist -1 -1 1.4773 662.0167 163.8675 669.7239 181.7403 1.6816 0.5747 1.6957 5.3002 0.8364 68.7355 1.5543 -0.8274
Pedestrian -1 -1 -0.5467 998.6228 165.5168 1056.8955 248.8238 1.6224 0.6884 0.7586 8.2761 1.4799 14.4030 -0.0252 3.3002
Car -1 -1 -1.7005 689.8333 178.6930 739.0417 214.9568 1.4769 1.6329 4.1244 4.5388 1.7540 32.1205 -1.5601 -0.7769
Pedestrian -1 -1 1.5191 917.7622 141.4830 1037.3035 374.0000 1.7920 0.6586 0.9448 2.3887 1.6041 4.8900 1.9735 2.8626
Pedestrian -1 -1 1.4224 1041.4821 129.7079 1205.3711 374.0000 1.7951 0.7237 0.9405 3.2202 1.5492 4.6955 2.0236 2.3208
Pedestrian -1 -1 -0.2400 646.1970 176.7929 661.1723 203.2512 1.7247 0.6350 0.8579 2.8449 1.9867 47.5354 -0.1802 -0.7728
