Car -1 -1 -0.2784 796.2762 185.4988 908.0051 223.5692 1.4770 1.6150 4.0363 9.7812 2.0096 29.4741 0.0420 1.2432
Cyclist -1 -1 1.6447 698.3532 175.8359 720.3219 234.5793 1.6820 0.5298 1.7393 2.9472 1.7756 21.6552 1.7800 1.1484
Pedestrian -1 -1 -1.5481 616.4845 173.7822 630.1804 207.6715 1.6631 0.6630 0.8419 0.6286 1.7101 35.8633 -1.5306 3.1085
Car -1 -1 3.2123 12.7675 129.6843 206.4910 195.5186 1.4897 1.5977 3.8278 -12.3166 0.5132 17.9811 2.6117 0.2516
Pedestrian -1 -1 -1.7849 700.9965 175.4097 729.9739 231.7454 1.6640 0.6907 0.8951 3.1359 1.7434 21.8236 -1.6422 1.8632
Pedestrian -1 -1 1.8036 746.6024 173.8955 781.2041 245.3898 1.7244 0.6716 0.8205 3.7816 1.7514 17.9301 2.0115 1.0009
Pedestrian -1 -1 -1.9774 1170.3983 187.1076 1241.0000 319.8752 1.6712 0.7282 0.8248 8.0902 1.8728 9.6858 -1.2815 0.8375
Pedestrian -1 -1 0.8954 0.0000 171.0263 60.6550 291.9880 1.6040 0.6267 0.5714 -8.1492 1.5801 9.9306 0.2082 0.5398
Pedestrian -1 -1 1.3893 728.6404 174.5270 740.4078 201.4913 1.7416 0.6225 0.7920 8.0862 1.8520 47.0504 1.5595 0.5303
Pedestrian -1 -1 -0.2949 295.4473 155.8211 345.3995 233.1389 1.7110 0.6754 0.9027 -6.6765 1.3344 16.5109 -0.6792 0.0441
