Car -1 -1 -1.7151 730.5364 176.8931 753.8423 193.5636 1.4816 1.5714 3.9805 12.2456 1.8690 67.1189 -1.5346 1.1720
Cyclist -1 -1 1.5767 480.9004 177.2245 495.5420 217.9051 1.7259 0.6175 1.7509 -5.3902 1.9239 31.7192 1.4084 5.4441
Pedestrian -1 -1 0.5702 627.5657 176.3827 661.9533 233.5832 1.6890 0.6841 0.7989 1.0086 1.7988 21.8750 0.6163 4.3702
Car -1 -1 -1.5359 430.2525 183.6565 476.2268 227.0455 1.5004 1.6111 3.9810 -6.0806 1.9529 28.0970 -1.7490 0.7341
Cyclist -1 -1 1.6278 494.4866 178.0351 505.9563 207.2063 1.6881 0.5812 1.6952 -6.5593 2.0031 42.9337 1.4762 1.8099
Pedestrian -1 -1 -2.8309 430.4799 174.7466 467.3140 246.0001 1.6675 0.6470 0.6967 -3.8951 1.7141 17.2549 -3.0529 4.2137
Car -1 -1 -1.9470 673.3122 181.4745 742.7141 220.8155 1.4725 1.5695 3.7450 3.9408 1.8540 29.8900 -1.8160 0.0559
Pedestrian -1 -1 0.3569 402.2583 176.7440 441.9099 245.8242 1.6362 0.6179 0.7625 -4.5928 1.7327 17.4718 0.0998 3.2489
Car -1 -1 -1.3951 594.6428 184.4997 641.2632 217.8821 1.4935 1.6354 4.0701 0.4178 2.1086 35.9316 -1.3835 -0.6669
Pedestrian -1 -1 -1.3748 237.3852 169.0342 344.2155 371.5085 1.6783 0.7220 0.8915 -2.8912 1.6470 6.4926 -1.7937 3.1183
Pedestrian -1 -1 1.7039 493.5733 178.0190 506.1286 207.5739 1.7289 0.6312 0.8392 -6.5613 2.0386 42.7806 1.5518 0.1447
