Car -1 -1 -0.0971 773.0685 143.3048 849.4478 169.5639 1.5036 1.6554 4.2185 11.8391 -0.2001 42.7866 0.1729 3.4781
Cyclist -1 -1 -1.2448 297.5501 149.4108 345.1262 223.1513 1.6901 0.5549 1.6921 -6.9810 1.1532 17.3949 -1.6264 2.2422
Pedestrian -1 -1 1.8907 681.2725 172.8777 712.6049 227.2622 1.6765 0.7400 0.8974 2.7075 1.6776 22.8036 2.0089 3.3044
Car -1 -1 -2.1687 0.0000 161.2725 135.1888 267.7417 1.5185 1.6308 3.9600 -9.9847 1.3537 11.5880 -2.8799 1.1699
Pedestrian -1 -1 -2.3216 1031.5459 195.5089 1134.3486 329.2137 1.5278 0.6948 0.8004 5.7253 1.8204 8.8512 -1.7475 1.5081
Car -1 -1 2.5189 871.7641 176.9359 1009.4045 223.9108 1.4989 1.6433 4.0388 11.1086 1.6442 24.4271 2.9457 0.2778
Pedestrian -1 -1 0.3922 292.9329 150.7679 337.0309 222.4404 1.6730 0.6620 0.7786 -7.0613 1.1578 17.1714 0.0021 0.8443
Car -1 -1 -1.0323 645.6831 170.4715 680.5339 185.9063 1.4688 1.6080 3.9549 5.2183 1.2424 70.7405 -0.9587 -0.0372
Pedestrian -1 -1 -1.2356 600.8083 167.8343 618.7615 202.6533 1.7279 0.6523 0.8780 -0.0447 1.4791 36.3245 -1.2368 0.4524
Car -1 -1 -1.8153 759.9696 142.3506 807.2939 170.3706 1.4915 1.6336 4.1741 9.7328 -0.1475 40.8707 -1.5815 -0.1132
Pedestrian -1 -1 1.5639 731.7671 173.0918 757.8446 238.1750 1.6497 0.6519 0.7889 3.4473 1.6564 18.7354 1.7458 -0.2411
Car -1 -1 -1.6622 708.4333 162.0741 732.2270 181.7667 1.5744 1.6022 3.7438 9.0587 0.7129 59.5992 -1.5114 -0.2050
Car -1 -1 2.0432 188.2422 166.0620 316.1297 224.7816 1.4628 1.5944 3.7963 -9.7425 1.2940 19.8838 1.5876 -0.5921
Car -1 -1 3.2310 0.0000 121.5723 193.5180 185.8084 1.4946 1.6293 4.0110 -13.0423 0.3018 18.4950 2.6168 -0.6099
