Car -1 -1 -2.2190 0.0000 202.9593 89.7847 374.0000 1.4699 1.5962 3.9849 -6.0863 1.7065 4.8189 -3.1201 0.2767
Cyclist -1 -1 1.6560 553.7550 180.8484 568.2368 214.5391 1.6629 0.6010 1.6582 -2.5313 2.0807 36.8405 1.5874 0.8652
Pedestrian -1 -1 1.3778 707.3091 172.1823 738.8116 242.6915 1.7792 0.6543 0.8298 2.8627 1.7626 18.6320 1.5303 5.7059
Car -1 -1 1.6211 517.1722 157.0792 535.9268 172.9767 1.4639 1.5812 3.7329 -7.8990 0.0117 68.3530 1.5061 -0.1863
Cyclist -1 -1 2.2916 422.4072 168.3858 440.0424 187.3284 1.6825 0.5716 1.6860 -16.1096 1.2860 64.9647 2.0485 -0.6019
Pedestrian -1 -1 0.3504 354.6686 174.8082 407.1502 272.4096 1.6774 0.6274 0.7126 -4.0866 1.7131 12.7384 0.0400 5.0235
Pedestrian -1 -1 1.8663 323.3112 172.6076 396.3197 295.9634 1.6651 0.7698 0.8144 -3.5559 1.6621 10.1595 1.5296 4.3418
Pedestrian -1 -1 1.5038 411.9980 176.4543 457.7440 271.4000 1.6697 0.7555 0.8926 -3.2824 1.7390 13.2672 1.2613 3.9260
Pedestrian -1 -1 1.3530 727.1157 176.1563 759.9762 242.7971 1.6858 0.6816 0.7846 3.4036 1.7736 18.6948 1.5330 3.6352
Pedestrian -1 -1 -1.8414 452.8821 173.3557 490.4524 246.8358 1.7540 0.6836 0.9318 -3.4686 1.7672 17.7982 -2.0338 3.4468
