Car -1 -1 -2.3387 688.3594 151.8506 756.4098 178.8974 1.4613 1.6005 3.8378 6.3012 0.3269 41.0108 -2.1863 1.2662
Cyclist -1 -1 1.7517 466.1240 176.6675 475.9961 195.0151 1.6857 0.6129 1.6960 -13.0097 2.0472 67.4921 1.5613 0.1681
Pedestrian -1 -1 1.2089 972.7852 145.1142 1088.6465 353.2043 1.8221 0.6646 0.8943 3.8763 1.5796 6.8086 1.7265 6.5537
Car -1 -1 -1.6841 627.0170 172.5212 662.7487 202.3350 1.6023 1.5997 3.6478 1.8865 1.5847 40.6475 -1.6378 0.2578
Pedestrian -1 -1 0.9479 1046.1080 143.8165 1183.4554 346.1952 1.8042 0.6835 0.8824 4.7170 1.5457 6.8783 1.5490 5.9228
Pedestrian -1 -1 -1.6844 365.2896 165.3113 427.4397 292.8116 1.7325 0.7508 0.9385 -3.1401 1.6304 10.3811 -1.9781 4.8780
Pedestrian -1 -1 1.7104 185.9322 159.4691 320.5081 374.0000 1.6832 0.7625 0.9268 -2.6152 1.5960 5.2773 1.2503 3.9950
Pedestrian -1 -1 0.2578 436.8762 171.1128 468.9021 228.2415 1.7287 0.6324 0.8286 -4.8664 1.6764 22.1640 0.0417 3.4046
Pedestrian -1 -1 1.3464 600.2680 171.4302 623.1619 217.8975 1.7090 0.6692 0.9181 0.0151 1.6570 27.0560 1.3470 2.5160
Pedestrian -1 -1 -1.9786 516.5671 174.3225 532.5511 204.5692 1.7632 0.6367 0.8908 -5.0878 1.8515 42.6566 -2.0973 0.1027
Pedestrian -1 -1 -1.9652 507.1870 175.5218 522.9988 205.8666 1.7510 0.6253 0.8857 -5.5966 1.9097 42.2679 -2.0968 -0.7519
