Car -1 -1 -1.0642 1195.8563 184.4573 1241.0000 374.0000 1.5215 1.6549 4.3309 8.3549 1.6571 7.1620 -0.2021 -0.1956
Cyclist -1 -1 1.7875 468.3049 171.5900 502.3871 232.3899 1.7777 0.6437 1.8613 -3.8326 1.7411 22.0382 1.6153 9.6636
Pedestrian -1 -1 0.4565 689.3786 171.9787 740.8415 261.0821 1.6910 0.6936 0.7769 2.0196 1.6747 14.1955 0.5978 5.2366
Cyclist -1 -1 1.7152 501.1279 175.0670 521.8185 218.5458 1.7514 0.6080 1.7690 -4.1311 1.8466 30.0390 1.5785 5.8398
Pedestrian -1 -1 -2.7483 352.6201 171.3146 419.7427 300.9045 1.6975 0.7130 0.6523 -3.0896 1.6777 9.8326 -3.0527 4.4173
Cyclist -1 -1 0.8663 1116.5875 167.4387 1211.1098 254.4505 1.6845 0.5735 1.6976 11.2796 1.5800 14.8292 1.5165 -0.3341
Pedestrian -1 -1 0.8608 311.2810 168.5401 380.2396 291.6390 1.6551 0.6449 0.6456 -3.7611 1.5975 10.1372 0.5055 4.1133
Pedestrian -1 -1 -1.9482 543.3588 177.6363 564.1164 216.9818 1.7492 0.6625 0.8747 -2.5969 1.9702 32.7450 -2.0273 2.1385
Pedestrian -1 -1 1.5504 590.6877 174.8388 600.0122 200.2787 1.7160 0.6199 0.6554 -1.0281 1.8523 49.0611 1.5294 1.2489
Pedestrian -1 -1 -1.9113 532.2557 176.4984 553.2397 215.4026 1.7136 0.6757 0.9018 -3.0672 1.8806 32.4332 -2.0056 0.4933
Pedestrian -1 -1 1.5325 580.3694 177.3841 590.4500 202.5799 1.6799 0.6502 0.7458 -1.6905 1.9882 48.6436 1.4977 0.4554
