Car -1 -1 -1.7469 693.3669 178.7539 743.0442 216.0658 1.4977 1.5485 3.3603 4.5816 1.7671 31.2004 -1.6011 3.3211
Cyclist -1 -1 1.6998 481.7702 174.1085 504.1335 224.1922 1.7677 0.5797 1.8437 -4.3191 1.8157 26.4415 1.5379 8.5902
Pedestrian -1 -1 -2.8301 409.6408 175.4632 452.5939 270.0422 1.6984 0.6636 0.5971 -3.3464 1.7482 13.3239 -3.0762 5.5692
Car -1 -1 1.3624 757.8175 173.7229 785.0809 191.2206 1.4679 1.5429 3.8443 13.9613 1.5461 62.6517 1.5816 -0.0553
Cyclist -1 -1 1.6146 504.4828 175.5463 517.9525 212.0625 1.7717 0.5928 1.7546 -4.9636 1.9099 36.0382 1.4778 3.6342
Pedestrian -1 -1 0.7766 372.9490 173.9515 424.9924 265.1338 1.6632 0.6231 0.7090 -4.0292 1.6850 13.6108 0.4888 4.7367
Car -1 -1 -1.8423 760.6937 179.3439 837.8676 227.3032 1.5513 1.6394 4.0319 6.6490 1.8031 25.9187 -1.5912 -0.4621
Pedestrian -1 -1 0.4932 661.3217 176.7001 699.6463 246.5114 1.6680 0.6997 0.6917 1.6901 1.7657 17.7731 0.5880 4.1152
Pedestrian -1 -1 2.4085 1173.1832 168.0177 1241.0000 307.6619 1.6821 0.6601 0.7691 7.6391 1.6242 9.0302 3.1106 3.5252
Pedestrian -1 -1 -0.9944 0.0000 153.7175 164.5977 374.0000 1.7465 0.7121 0.8157 -2.7669 1.6674 3.4376 -1.6721 2.2538
Pedestrian -1 -1 1.3583 572.1950 177.5136 583.3421 200.4252 1.6642 0.6579 0.8324 -2.4016 2.0106 53.0911 1.3131 0.0931
