Car -1 -1 -1.5292 632.3730 172.4735 674.6380 215.4307 1.8293 1.7505 4.2367 2.0045 1.8135 32.9201 -1.4684 7.1190
Cyclist -1 -1 1.8863 192.1090 142.7726 360.6617 374.0000 1.7258 0.6104 1.7852 -2.4452 1.5394 5.3960 1.4609 7.3680
Pedestrian -1 -1 -2.0452 510.9870 173.7079 550.6041 237.9166 1.7086 0.7503 0.9014 -2.2257 1.7331 19.7957 -2.1572 5.2365
Car -1 -1 1.6057 673.8179 163.3751 700.4058 189.8352 1.7231 1.6599 4.1020 5.2564 1.1062 49.1309 1.7123 0.9391
Cyclist -1 -1 2.1535 0.0000 105.5792 123.6020 374.0000 1.6646 0.5324 1.6775 -2.8706 1.4558 3.1113 1.4083 1.4363
Pedestrian -1 -1 -1.9495 493.1859 174.1808 526.1697 237.1863 1.6628 0.6329 0.8017 -2.7731 1.7001 19.5663 -2.0902 3.8278
Cyclist -1 -1 -2.5150 1157.6427 177.3037 1241.0000 243.3693 1.7358 0.6166 1.7910 16.2805 1.8655 20.0266 -1.8324 0.9406
Pedestrian -1 -1 1.5243 636.0210 172.8276 652.5734 216.1548 1.8338 0.6695 0.8378 1.4258 1.8330 30.9543 1.5704 3.4195
Pedestrian -1 -1 2.6643 875.6492 166.8465 926.2168 249.8849 1.6549 0.6300 0.7509 5.8786 1.5355 14.7269 3.0441 2.8230
Pedestrian -1 -1 1.4251 653.0663 174.0370 672.1043 214.8826 1.7238 0.7089 0.7561 2.2047 1.7754 30.8746 1.4964 2.7634
Pedestrian -1 -1 -0.4823 937.1825 172.9326 990.5596 271.8650 1.6176 0.6004 0.5918 5.8745 1.6193 12.1041 -0.0305 1.1294
Pedestrian -1 -1 -1.6970 736.0688 175.5980 748.9947 204.0535 1.7549 0.6955 0.8100 8.2302 1.9280 45.0013 -1.5161 0.5586
