Car -1 -1 -1.6600 658.1991 178.7264 692.5623 205.6545 1.4633 1.6274 4.1516 3.7396 1.8240 42.1889 -1.5716 3.5490
Pedestrian -1 -1 -1.9370 497.4988 171.0526 539.8384 240.5449 1.6341 0.7654 0.8477 -2.2727 1.5921 17.5192 -2.0660 5.2074
Car -1 -1 -0.3169 680.0946 164.4137 749.0258 192.8684 1.7295 1.6712 3.9304 6.4686 1.2169 45.0172 -0.1741 -0.7543
Pedestrian -1 -1 1.4543 647.3959 169.0575 667.8310 216.0201 1.7760 0.6806 0.9173 1.7829 1.6328 27.7596 1.5184 3.9411
Pedestrian -1 -1 2.4458 947.0804 161.0843 1011.4414 269.1079 1.7202 0.6397 0.6942 6.0168 1.5332 11.8772 2.9147 2.8235
Pedestrian -1 -1 -0.9048 1137.6968 159.1557 1241.0000 343.0545 1.7096 0.6552 0.8745 5.8161 1.5826 7.1200 -0.2198 1.3962
Pedestrian -1 -1 -0.6091 1047.3123 168.5767 1137.4922 305.3145 1.6775 0.6227 0.7266 6.0593 1.6254 9.1696 -0.0252 0.5927
Pedestrian -1 -1 -1.7894 747.2493 168.6797 761.4164 198.5986 1.7579 0.6688 0.7843 8.5228 1.5130 42.7910 -1.5928 0.3232
Pedestrian -1 -1 -0.5571 1002.7091 178.3215 1076.3813 297.3247 1.6323 0.6315 0.6647 6.0331 1.7128 10.2479 -0.0251 -0.3397
Pedestrian -1 -1 -0.6573 1087.0891 173.3767 1194.7025 326.4929 1.6419 0.6381 0.7311 5.8590 1.6483 8.0661 -0.0291 -0.6028
