Car -1 -1 -1.5914 681.2163 182.3199 718.6926 217.1848 1.4390 1.5931 3.6964 3.9957 1.8941 32.7394 -1.4700 3.0732
Cyclist -1 -1 1.8701 922.5858 162.4768 974.1594 241.1676 1.7636 0.5935 1.8278 7.9620 1.5313 17.0442 2.3071 6.9876
Pedestrian -1 -1 0.9923 781.4139 154.6731 846.4441 266.0765 1.9059 0.6980 0.9751 3.5819 1.5952 12.9118 1.2629 5.9614
Car -1 -1 2.1050 156.8297 153.0164 224.0434 179.7940 1.4670 1.6108 3.8329 -24.0496 0.3806 41.4497 1.5792 2.6804
Cyclist -1 -1 1.6730 891.6833 167.9845 930.5338 250.1064 1.6694 0.6064 1.7022 6.4596 1.5708 15.5578 2.0665 3.0636
Pedestrian -1 -1 1.0546 734.0048 164.9744 797.2490 270.0520 1.8198 0.7384 0.9616 2.7513 1.6837 13.0637 1.2622 5.2936
Car -1 -1 -2.9263 352.2282 139.4934 446.0213 171.8754 1.5091 1.6338 4.0673 -10.0997 -0.0479 34.6346 -3.2101 1.0507
Cyclist -1 -1 1.7675 915.4840 174.5242 949.6085 238.3429 1.5989 0.5160 1.6056 8.4232 1.6450 18.9213 2.1864 0.2859
Pedestrian -1 -1 -1.8653 338.9202 166.5347 434.5201 347.6881 1.6987 0.6873 0.9133 -2.3378 1.6398 7.3341 -2.1738 4.4589
Pedestrian -1 -1 0.2213 842.5760 165.7367 891.8651 269.6110 1.7789 0.6379 0.7033 4.5188 1.6574 12.8110 0.5604 -0.2071
