Car -1 -1 -2.4404 765.5893 175.7794 848.6692 207.7119 1.4652 1.6003 3.8027 9.5956 1.6176 35.4923 -2.1764 -0.2167
Cyclist -1 -1 1.8825 832.9356 170.4367 868.1903 223.0626 1.6234 0.5963 1.6482 7.6673 1.5492 23.0959 2.2030 4.7253
Pedestrian -1 -1 1.2041 685.5344 165.3504 723.5660 232.0219 1.7734 0.7478 0.9228 2.5280 1.5741 19.7259 1.3316 6.0505
Car -1 -1 -2.2410 1101.9231 88.3606 1241.0000 168.5024 1.5085 1.6220 3.9162 12.8259 -0.1066 15.7610 -1.5579 -0.4533
Pedestrian -1 -1 -1.7366 457.0979 163.9947 509.0958 273.2518 1.7327 0.7111 0.8748 -2.1691 1.5926 11.9720 -1.9158 5.7887
Car -1 -1 -1.9264 753.3779 158.2722 809.1593 189.6983 1.6223 1.6534 4.0183 9.2299 0.8699 39.3408 -1.6959 -0.4664
Pedestrian -1 -1 1.1421 718.7959 166.1058 757.8065 232.4321 1.7464 0.7305 0.8973 3.4146 1.5690 19.5217 1.3152 5.1240
Car -1 -1 -1.6533 631.3441 185.1121 657.6683 207.1055 1.4853 1.5996 4.0264 2.4731 2.4215 53.0411 -1.6067 -0.5772
Pedestrian -1 -1 -1.4671 423.6794 162.3695 469.4773 273.9391 1.7434 0.6448 0.8526 -2.6965 1.5800 11.7348 -1.6930 3.8714
Pedestrian -1 -1 1.4774 839.6184 172.1360 863.4605 224.1728 1.6291 0.6489 0.7949 7.6627 1.6070 23.0471 1.7984 0.9839
