Car -1 -1 -1.8099 800.0034 179.2846 893.1265 240.1340 1.4416 1.5572 3.4812 6.1520 1.6296 19.2604 -1.5007 2.7894
Cyclist -1 -1 1.7847 379.7663 167.3792 442.5907 284.8443 1.7361 0.6084 1.7894 -3.2025 1.6556 11.5718 1.5147 8.6499
Pedestrian -1 -1 1.5484 542.1073 170.8155 561.5063 220.0529 1.7178 0.6654 0.8968 -2.1187 1.6470 25.6505 1.4660 3.7838
Car -1 -1 1.5967 680.2519 174.4691 702.7794 195.8683 1.5958 1.6422 4.0904 6.3612 1.7269 56.2648 1.7093 1.1994
Cyclist -1 -1 1.6833 462.9522 165.6496 500.5791 249.6318 1.7783 0.6344 1.8337 -2.9071 1.6261 16.2110 1.5059 7.4098
Pedestrian -1 -1 0.0390 891.8418 153.8737 1017.9625 374.0000 1.6689 0.7132 0.7955 2.5015 1.5414 5.3578 0.4758 3.3391
Pedestrian -1 -1 1.4059 522.9744 170.3205 546.6620 220.9307 1.7453 0.6883 0.9066 -2.6978 1.6583 25.4089 1.3001 3.2706
Pedestrian -1 -1 2.1867 779.1094 168.8183 814.1237 226.6153 1.7158 0.6525 0.8642 5.6310 1.5964 21.9459 2.4378 3.0771
Pedestrian -1 -1 1.0648 382.1630 159.3510 447.9045 272.3897 1.7376 0.6749 0.8911 -3.2032 1.5304 11.6428 0.7963 1.4289
Pedestrian -1 -1 1.1262 621.5749 174.1180 639.4600 206.7505 1.7410 0.6466 0.8919 1.0718 1.8108 39.0738 1.1536 0.2399
Pedestrian -1 -1 -1.6668 709.0791 175.0218 719.6645 198.1415 1.6046 0.6596 0.8015 7.2832 1.7581 50.5683 -1.5237 -0.1157
Pedestrian -1 -1 1.3176 612.4531 172.3108 627.8420 206.0111 1.7946 0.6238 0.8991 0.5076 1.7661 38.9320 1.3306 -0.3961
Pedestrian -1 -1 -0.1803 707.1947 166.0878 717.3399 185.3165 1.6765 0.6256 0.7803 8.9398 1.0869 63.2354 -0.0399 -0.4105
