Car -1 -1 -0.8912 761.2233 176.6503 823.8281 202.2916 1.4500 1.5792 3.8163 10.8930 1.6865 43.1024 -0.6436 2.7648
Cyclist -1 -1 2.0089 0.0000 77.4198 260.3410 374.0000 1.7914 0.6495 1.8776 -2.3821 1.4620 3.4701 1.4073 7.6126
Pedestrian -1 -1 1.4495 641.5566 172.2548 660.3834 216.3759 1.7677 0.6614 0.8831 1.6204 1.7441 29.3686 1.5046 5.0818
Car -1 -1 -0.9951 923.9495 180.7880 1126.6246 271.5741 1.4701 1.5707 3.6127 7.7212 1.6353 13.4712 -0.4746 0.1168
Pedestrian -1 -1 2.4483 904.6290 165.1960 965.1324 261.2606 1.7133 0.6262 0.7995 5.9189 1.5771 13.2756 2.8677 3.9329
Car -1 -1 3.9759 0.0000 184.1198 83.6634 374.0000 1.4848 1.5770 3.7041 -6.7368 1.5889 5.8105 3.1168 -0.6488
Pedestrian -1 -1 -2.0519 505.7368 174.9248 543.9814 240.4120 1.6442 0.6886 0.8023 -2.2556 1.6997 18.6719 -2.1722 3.0492
Car -1 -1 1.5772 681.1391 161.8791 707.8107 188.3820 1.6723 1.6752 4.1525 5.5621 0.9802 47.6893 1.6933 -0.8070
Pedestrian -1 -1 -1.9123 1055.2023 170.0353 1138.1695 310.0337 1.5881 0.6361 0.6426 5.7063 1.5565 8.5713 -1.3249 1.8266
Pedestrian -1 -1 -2.0081 1026.5602 185.1429 1100.6805 291.8456 1.3280 0.6100 0.6218 5.8406 1.4944 9.4017 -1.4522 1.0661
Pedestrian -1 -1 -0.7033 976.2746 173.8729 1054.5800 287.2999 1.6135 0.6671 0.7577 5.9296 1.6295 10.6696 -0.1961 0.6965
Pedestrian -1 -1 -1.6888 741.2671 173.5429 753.9653 201.9748 1.7150 0.6651 0.8388 8.3522 1.7577 43.9823 -1.5012 0.6630
