Car -1 -1 -2.2739 1036.0501 184.8218 1152.7103 233.5185 1.5059 1.5290 3.1791 16.3318 1.6631 23.8129 -1.6728 11.3324
Cyclist -1 -1 2.0516 113.5126 145.1260 318.9394 369.0000 1.7638 0.6868 1.8536 -3.1099 1.5217 5.8006 1.5595 7.5455
Pedestrian -1 -1 0.6446 756.1615 155.3594 843.6436 287.1392 1.7678 0.7283 0.9572 2.7236 1.4322 10.0815 0.9085 6.2946
Car -1 -1 0.8852 1096.7015 184.6968 1223.0000 233.2483 1.5251 1.5935 3.8361 19.1563 1.6834 24.4737 1.5493 8.7495
Cyclist -1 -1 1.8845 324.7215 157.1644 344.7463 186.6603 1.6827 0.5892 1.7233 -15.7473 0.3528 41.2063 1.5195 0.1222
Pedestrian -1 -1 1.0147 466.4703 157.9647 524.8574 258.0315 1.8286 0.6919 0.9723 -2.1386 1.4184 13.5094 0.8577 5.4652
Car -1 -1 -2.1303 959.6705 182.9499 1068.6105 229.7356 1.4652 1.5706 3.5259 13.7968 1.5565 24.1184 -1.6107 7.6044
Cyclist -1 -1 1.6712 540.6953 168.5069 548.8711 185.6071 1.6765 0.6419 1.7088 -5.9411 0.5018 70.1715 1.5867 -0.5673
Pedestrian -1 -1 0.6456 804.8208 154.4003 888.6925 281.2692 1.7697 0.6993 0.9409 3.5144 1.4073 10.4435 0.9702 5.2945
Car -1 -1 -1.6036 605.2703 175.0317 637.5578 204.6969 1.4760 1.5647 3.3849 0.8052 1.2054 36.8760 -1.5817 3.9992
Pedestrian -1 -1 1.4693 210.3055 153.8470 242.6240 220.3770 1.8076 0.7028 0.9565 -10.6415 1.0850 19.7984 0.9761 5.2565
Car -1 -1 2.7898 803.4373 164.8709 882.2753 193.3061 1.5776 1.6491 3.9076 13.4411 0.7119 40.1020 3.1133 0.3379
Pedestrian -1 -1 1.6858 297.2787 159.8090 324.7324 218.0601 1.7394 0.6759 0.9326 -9.0256 1.1231 21.6488 1.2908 4.8481
Car -1 -1 -3.7325 986.1799 191.2197 1223.0000 264.8936 1.5043 1.6233 4.1867 10.8744 1.7544 15.5332 -3.1217 0.1604
Pedestrian -1 -1 1.2369 274.5669 155.0074 319.6823 229.1825 1.8408 0.7897 0.9621 -7.9507 1.2098 18.1633 0.8242 4.5002
Car -1 -1 1.7354 477.9532 153.0921 511.2869 175.5536 1.4874 1.6771 4.0552 -7.7156 -0.3610 49.7499 1.5816 0.0334
Pedestrian -1 -1 1.2671 317.7804 164.6073 356.4480 230.1460 1.6919 0.7279 0.8923 -7.1730 1.2832 18.8231 0.9031 4.1755
Car -1 -1 1.7853 457.8612 163.5156 498.8726 193.6078 1.8586 1.7357 4.3386 -8.1544 0.8109 45.8653 1.6094 -0.1571
Pedestrian -1 -1 1.4972 309.9724 157.0389 334.2872 214.3185 1.8078 0.6613 0.9401 -9.1904 1.0689 22.8783 1.1152 3.8169
Car -1 -1 1.5323 634.0299 175.4499 656.5876 195.2751 1.4567 1.5701 3.5680 3.0450 1.0869 53.7454 1.5889 -0.4503
Pedestrian -1 -1 1.7210 242.7908 155.6524 272.4952 222.1020 1.8376 0.6286 0.9224 -9.8918 1.1521 20.0827 1.2633 2.7708
Pedestrian -1 -1 1.9105 310.1044 159.3040 325.4434 189.9659 1.7637 0.6151 0.7386 -16.6797 0.5459 41.0471 1.5245 -0.3258
