Car -1 -1 -2.2449 1035.5329 186.7480 1153.5418 233.0485 1.4155 1.5309 3.2926 16.2961 1.6420 23.7657 -1.6438 11.4523
Cyclist -1 -1 2.0672 164.6723 161.0856 341.9821 369.0000 1.7128 0.6524 1.7594 -3.0851 1.5656 6.3109 1.6125 7.7831
Pedestrian -1 -1 0.9376 799.8128 163.2561 881.0459 285.6137 1.7302 0.7391 0.9337 3.4496 1.4881 10.5521 1.2536 4.9665
Car -1 -1 0.8921 1095.7277 185.6659 1223.0000 233.8175 1.5073 1.5964 3.9295 19.1835 1.7025 24.5276 1.5558 9.4148
Pedestrian -1 -1 1.4190 317.0211 161.0058 351.1756 230.2760 1.7983 0.7167 0.9516 -7.3005 1.2938 18.9409 1.0511 4.6527
Car -1 -1 -2.1222 960.8097 181.7258 1067.1738 229.2098 1.4958 1.5627 3.4228 13.7834 1.5421 24.0928 -1.6025 7.5783
Pedestrian -1 -1 0.6900 753.1007 158.8184 839.1979 284.2406 1.6941 0.7629 0.9161 2.6862 1.4029 10.1399 0.9489 4.5372
Car -1 -1 -1.6318 603.2021 174.4007 636.9069 203.4250 1.4433 1.5449 3.4000 0.7332 1.1415 36.8859 -1.6119 5.0487
Pedestrian -1 -1 0.9991 459.7694 159.6794 518.5210 257.3993 1.8028 0.7100 0.9602 -2.2823 1.4204 13.6335 0.8332 4.4533
Car -1 -1 -0.4159 824.0982 163.5272 903.3041 191.1168 1.5285 1.6306 3.8913 14.6299 0.5896 40.1074 -0.0662 1.4100
Pedestrian -1 -1 1.8138 207.1755 155.8818 245.0310 220.8359 1.7851 0.7371 0.9541 -10.7294 1.1101 19.9801 1.3210 4.3157
Car -1 -1 1.7094 499.0038 172.3875 524.2336 191.2046 1.5660 1.6244 3.9428 -7.9793 0.8921 60.8170 1.5789 0.1837
Pedestrian -1 -1 1.7978 239.1156 159.3514 272.6433 221.6039 1.7322 0.6794 0.8791 -9.9863 1.1453 20.1744 1.3382 3.6870
Car -1 -1 -0.7719 677.9437 173.6046 741.3878 197.4650 1.4840 1.6266 4.0946 6.8077 1.0565 45.8264 -0.6244 -0.7219
Pedestrian -1 -1 1.2993 276.1415 157.9605 314.6121 228.9239 1.7738 0.6796 0.9444 -8.0343 1.2120 18.2487 0.8846 3.5798
Pedestrian -1 -1 1.4355 653.2391 164.9420 663.2801 188.6846 1.6802 0.6315 0.6445 3.7976 0.5805 50.3726 1.5108 -0.1415
