Car -1 -1 -2.2614 1031.9309 185.8514 1154.1991 232.4614 1.4279 1.5708 3.4062 16.2818 1.6232 23.8283 -1.6620 10.7169
Cyclist -1 -1 1.2645 574.4450 164.8502 608.1936 220.6542 1.7438 0.5921 1.7547 -0.4935 1.2564 23.0160 1.2431 5.0153
Pedestrian -1 -1 0.5060 677.0665 154.8031 754.5792 280.0143 1.7811 0.6374 0.9601 1.6131 1.4173 10.5985 0.6571 6.7468
Car -1 -1 -2.1344 960.8807 183.3738 1068.1822 229.5625 1.4454 1.5670 3.4145 13.7922 1.5518 24.0763 -1.6142 8.5571
Cyclist -1 -1 1.7051 514.5995 167.2918 529.4511 198.4395 1.7526 0.6165 1.7931 -4.7728 1.0108 40.6799 1.5883 3.3982
Pedestrian -1 -1 0.9545 385.1895 154.6891 451.9687 264.5182 1.8354 0.6991 0.9687 -3.3141 1.4057 12.3890 0.6931 6.5717
Car -1 -1 0.9014 1098.5256 185.8482 1223.0000 234.4253 1.5190 1.5748 3.8110 19.1557 1.7198 24.4336 1.5663 8.4773
Cyclist -1 -1 1.6862 529.5686 167.6851 540.9637 193.8357 1.7392 0.5682 1.7899 -4.7175 0.8882 47.9179 1.5881 0.9740
Pedestrian -1 -1 0.9063 536.7655 158.7123 610.3746 276.3198 1.7865 0.7319 0.9768 -0.5570 1.4572 11.3441 0.8572 6.0976
Car -1 -1 -1.6679 599.5903 173.1622 637.4525 203.3251 1.5100 1.6211 3.9008 0.6531 1.1441 37.3986 -1.6504 2.5576
Cyclist -1 -1 -2.4110 0.0000 173.8737 54.2690 335.2572 1.6537 0.5509 1.6757 -6.9778 1.5875 7.5298 -3.1584 0.4452
Pedestrian -1 -1 0.9614 454.0258 160.7388 535.6516 287.7215 1.7374 0.7661 0.9481 -1.6532 1.4687 10.2761 0.8019 5.8640
Car -1 -1 1.8461 481.4680 163.7409 511.4829 181.5354 1.5350 1.6267 3.9827 -9.6190 0.0905 63.0632 1.6947 0.6815
Pedestrian -1 -1 0.5894 636.1972 156.0426 718.5822 292.2826 1.8119 0.6878 0.9297 0.9709 1.4883 9.9589 0.6866 5.2303
Car -1 -1 1.7240 461.5758 162.2127 486.5370 180.0033 1.5011 1.5750 3.8510 -11.3754 -0.0436 61.7102 1.5417 -0.8095
Pedestrian -1 -1 0.8009 495.7749 158.7539 569.8302 280.9785 1.7758 0.6935 0.9046 -1.1533 1.4615 10.8236 0.6947 5.0862
Pedestrian -1 -1 1.6124 652.0362 166.7209 661.3586 190.0376 1.6510 0.6370 0.6555 3.6940 0.6766 50.4217 1.6856 -0.2971
