Car -1 -1 -2.2590 1034.8957 187.0496 1151.1402 233.0877 1.4114 1.5055 3.2294 16.2893 1.6491 23.8216 -1.6592 11.2037
Cyclist -1 -1 1.2345 582.9907 162.6263 621.3666 222.6007 1.7914 0.6201 1.8425 -0.1406 1.2591 22.0864 1.2281 3.6375
Pedestrian -1 -1 0.9527 392.2473 158.6735 459.8859 268.1827 1.7965 0.7037 0.9565 -3.1280 1.4401 12.1715 0.7011 7.0132
Car -1 -1 0.8660 1095.0385 185.6064 1223.0000 233.5215 1.4965 1.6018 3.8895 19.1434 1.6890 24.4738 1.5298 9.5943
Cyclist -1 -1 1.5606 538.3010 168.8403 549.7763 200.1606 1.7397 0.6290 1.7355 -3.4783 1.0935 40.1631 1.4742 2.4698
Pedestrian -1 -1 0.6351 507.7317 158.7373 585.1881 282.1841 1.7583 0.7066 0.9187 -0.9219 1.4500 10.6068 0.5484 6.8763
Car -1 -1 -2.1331 957.7210 181.6157 1066.1690 230.2288 1.5325 1.5881 3.4729 13.7351 1.5749 24.1361 -1.6158 8.8481
Cyclist -1 -1 1.6434 635.7710 170.3859 644.0049 189.1548 1.7202 0.6423 1.7204 3.2711 0.7944 65.6884 1.6932 -0.5168
Pedestrian -1 -1 0.5382 686.5092 154.1937 769.1200 282.0360 1.7862 0.7321 0.9674 1.7699 1.4203 10.4661 0.7057 6.1413
Car -1 -1 -1.6726 601.9559 173.9020 640.0351 203.6299 1.4748 1.6058 3.7955 0.7763 1.1489 37.0289 -1.6517 3.5001
Cyclist -1 -1 -2.3865 0.0000 172.6535 55.6016 336.9883 1.6849 0.5701 1.6985 -6.9777 1.6061 7.5362 -3.1335 -0.7755
Pedestrian -1 -1 0.9977 453.6597 158.1186 515.5848 259.1151 1.7935 0.6968 1.0126 -2.2905 1.3977 13.1591 0.8254 5.9046
Car -1 -1 1.2880 794.1546 176.2324 861.5202 217.1201 1.4528 1.5191 3.4693 8.3603 1.3027 26.8670 1.5896 -0.2382
Pedestrian -1 -1 0.4476 651.5071 152.6596 732.4448 289.3407 1.7815 0.6799 0.9030 1.1535 1.4203 9.7399 0.5655 5.7847
Car -1 -1 -1.5023 494.6086 164.3917 517.4126 183.2378 1.4808 1.5759 3.9305 -8.0134 0.2164 57.5669 -1.6406 -0.3472
Pedestrian -1 -1 0.7415 550.4752 159.7338 622.9143 276.7964 1.7516 0.6976 0.9075 -0.3360 1.4425 11.1348 0.7114 5.3701
Car -1 -1 -1.3760 461.6929 165.9127 499.1066 193.4025 1.6995 1.6547 3.9201 -8.0012 0.7990 45.6832 -1.5494 -0.3810
Pedestrian -1 -1 0.8563 464.4361 161.3462 540.5998 292.2140 1.7636 0.6645 0.8694 -1.5076 1.5071 10.0582 0.7075 5.3487
Car -1 -1 -0.9900 716.6405 172.8223 791.0701 205.7510 1.4750 1.6028 3.8667 7.0994 1.1326 33.5978 -0.7817 -0.5891
Pedestrian -1 -1 1.6294 536.8163 167.3935 548.8769 198.8077 1.7645 0.6391 0.7609 -3.5303 1.0297 40.0982 1.5416 -0.3149
