Car -1 -1 0.8830 1099.2877 187.1719 1223.0000 233.2561 1.4299 1.5632 3.8604 19.2248 1.6805 24.4427 1.5495 9.0330
Cyclist -1 -1 0.2937 369.7913 166.0972 452.6419 242.5452 1.6607 0.5831 1.6748 -4.3194 1.3494 15.6665 0.0247 0.0403
Pedestrian -1 -1 0.9200 386.0819 161.3210 441.7294 245.6362 1.7990 0.7638 0.9625 -4.2780 1.3914 15.6767 0.6536 5.9252
Car -1 -1 -2.1403 958.6173 182.8360 1064.8420 231.4257 1.5275 1.5594 3.3639 13.7189 1.6144 24.1082 -1.6230 7.4773
Cyclist -1 -1 1.6795 534.6367 169.9027 542.0993 187.0391 1.6756 0.5576 1.6813 -6.5601 0.6405 69.9757 1.5860 -0.3592
Pedestrian -1 -1 0.3323 1026.0508 147.2534 1156.8980 332.2072 1.7717 0.7037 0.9465 4.9993 1.4549 7.3578 0.9291 5.9120
Car -1 -1 -1.6403 602.8706 173.7256 638.3299 203.8275 1.4974 1.6013 3.5600 0.7601 1.1618 36.9829 -1.6198 5.1541
Cyclist -1 -1 1.9346 308.7052 162.0676 327.3661 188.5435 1.6692 0.5474 1.6897 -18.4270 0.5084 45.4212 1.5492 -0.5972
Pedestrian -1 -1 0.7177 653.9187 154.9573 737.4360 287.7023 1.7989 0.7043 0.9668 1.2505 1.4544 10.1717 0.8400 5.8821
Car -1 -1 -2.2571 1029.6303 184.8985 1158.4300 234.0532 1.4998 1.5919 3.6640 16.2758 1.6612 23.8009 -1.6573 4.5793
Pedestrian -1 -1 0.9849 333.8713 157.2620 391.7476 248.6646 1.8524 0.7398 0.9726 -5.1512 1.3831 14.9134 0.6523 5.8002
Car -1 -1 1.6675 480.1974 166.7047 502.5778 183.7801 1.4680 1.5838 4.0362 -10.0450 0.2832 62.8436 1.5090 1.7089
Pedestrian -1 -1 1.2555 301.9694 161.4502 347.3388 239.4819 1.7942 0.7433 0.9591 -6.7292 1.3578 16.8587 0.8757 5.6700
Car -1 -1 -1.6267 621.0920 172.7134 667.0795 212.1209 1.4897 1.6256 4.0687 1.5010 1.1968 28.7601 -1.5746 0.1019
Pedestrian -1 -1 0.9321 260.4291 157.3008 314.9189 238.9090 1.8153 0.7085 0.9640 -7.3392 1.3009 16.2666 0.5083 5.6134
Car -1 -1 -0.4357 818.0744 163.5744 896.3405 191.2966 1.5333 1.6225 3.8542 14.2591 0.5986 40.0903 -0.0939 0.0192
Pedestrian -1 -1 0.2965 1053.8390 163.4226 1175.9394 327.1695 1.6606 0.7554 0.9079 5.5347 1.4891 7.7554 0.9163 5.2431
Pedestrian -1 -1 1.3077 223.5772 153.3317 270.8548 237.7867 1.8335 0.7238 0.9644 -8.1148 1.2453 15.9453 0.8370 4.7838
Pedestrian -1 -1 1.5812 473.3318 169.5102 483.2297 196.6105 1.6673 0.5989 0.5665 -7.8562 0.9925 43.8234 1.4038 -0.7989
