Car -1 -1 -2.2651 1037.9733 185.6073 1153.6684 233.8054 1.4832 1.5293 3.1348 16.3243 1.6680 23.7292 -1.6625 11.5306
Cyclist -1 -1 1.2121 548.2984 162.1871 580.1767 213.0522 1.8048 0.5548 1.8466 -1.5446 1.1565 26.0384 1.1528 5.5997
Pedestrian -1 -1 0.8421 459.4754 156.2589 531.3256 271.9701 1.7756 0.6743 0.9641 -1.8173 1.4052 11.4104 0.6841 7.4292
Car -1 -1 0.8816 1096.3434 185.4930 1223.0000 233.7103 1.5049 1.6050 3.8984 19.1505 1.6929 24.4383 1.5462 9.0972
Cyclist -1 -1 1.6754 523.4892 168.7740 535.4156 196.6849 1.7078 0.5653 1.7232 -4.7106 0.9917 44.1199 1.5691 2.7492
Pedestrian -1 -1 0.9015 416.0790 154.3054 491.4039 275.7486 1.7848 0.6680 0.9939 -2.3949 1.4015 10.9596 0.6864 6.5715
Car -1 -1 -2.1234 958.7098 181.1177 1065.9989 229.9928 1.5461 1.5812 3.4632 13.7659 1.5703 24.1634 -1.6056 8.5676
Cyclist -1 -1 1.6757 542.5304 167.7210 555.1190 195.6967 1.7250 0.6123 1.7425 -3.5287 0.9384 44.4718 1.5965 2.4323
Pedestrian -1 -1 0.4632 588.6868 155.7559 666.9330 283.3513 1.7968 0.7112 0.9433 0.2967 1.4500 10.4880 0.4915 6.3367
Car -1 -1 -1.5853 605.2961 173.8108 637.5273 203.8716 1.5042 1.6129 3.7212 0.8207 1.1709 37.2419 -1.5633 4.4276
Cyclist -1 -1 0.1024 589.6911 170.8874 699.3453 281.9740 1.5586 0.6201 1.5487 0.5457 1.4254 10.3409 0.1551 0.6333
Pedestrian -1 -1 0.9800 359.7686 154.3089 423.8907 261.6895 1.8772 0.6861 0.9912 -3.9469 1.4210 12.9344 0.6838 6.0084
Car -1 -1 -3.7227 979.4637 183.6821 1223.0000 256.5647 1.5143 1.6367 4.3219 10.8458 1.5902 15.6348 -3.1162 0.9792
Cyclist -1 -1 1.2398 743.1613 162.0796 760.2498 188.2598 1.7041 0.5708 1.7486 9.7274 0.5064 46.9223 1.4442 -0.4125
Pedestrian -1 -1 0.7500 387.6818 157.2322 446.0968 249.4095 1.8827 0.7050 0.9778 -4.0235 1.4091 14.9766 0.4876 5.8845
Car -1 -1 1.9482 288.0520 160.1854 331.8824 180.9111 1.5629 1.6651 4.4251 -23.0960 0.0323 55.5381 1.5541 0.1626
Pedestrian -1 -1 0.5858 627.6455 153.9226 702.9097 271.6049 1.7658 0.7168 0.9483 0.9069 1.3687 11.1792 0.6668 5.1098
Car -1 -1 -1.0575 918.7976 132.9609 1007.0825 172.7932 1.4584 1.5646 3.6199 14.2669 -0.3238 28.1802 -0.5888 -0.3918
Pedestrian -1 -1 0.7975 500.8198 159.4969 566.3883 264.9584 1.7127 0.6729 0.8984 -1.2607 1.3732 12.0231 0.6930 4.6391
Car -1 -1 -2.0517 805.5815 160.2953 862.7019 186.9923 1.4730 1.5887 3.7474 13.2085 0.3596 40.9876 -1.7399 -0.7029
