Car -1 -1 -2.2604 1035.7298 185.9921 1153.8957 233.0367 1.4431 1.5216 3.2738 16.3147 1.6425 23.7767 -1.6590 11.0714
Cyclist -1 -1 -2.8630 454.6815 168.7913 486.8207 196.2448 1.6871 0.7301 1.8309 -8.3319 0.9689 43.8923 -3.0506 0.8595
Pedestrian -1 -1 1.3022 286.9170 156.4222 328.7748 235.5852 1.8580 0.7008 0.9826 -7.2709 1.2945 17.1928 0.9021 6.0391
Car -1 -1 0.8864 1098.7057 187.7533 1223.0000 233.6123 1.4236 1.5635 3.7465 19.1500 1.6951 24.4285 1.5512 8.9884
Pedestrian -1 -1 0.8714 850.1931 153.9374 941.6530 291.5819 1.7649 0.7084 0.9425 3.8899 1.4260 9.6186 1.2557 5.8544
Car -1 -1 -2.1214 958.6707 183.4223 1062.6598 230.8923 1.4938 1.5425 3.3537 13.7123 1.6023 24.1568 -1.6051 6.9993
Pedestrian -1 -1 0.9678 511.2366 158.2096 575.3775 262.8126 1.7720 0.7036 0.9792 -1.1486 1.3961 12.5742 0.8767 5.6094
Car -1 -1 -1.6591 599.9602 173.6664 636.3990 203.6962 1.4934 1.5905 3.5320 0.6330 1.1550 36.9753 -1.6420 5.2090
Pedestrian -1 -1 1.4805 211.2167 154.5266 245.1072 225.6994 1.8285 0.7079 0.9587 -10.0393 1.1628 18.7544 0.9890 5.3478
Pedestrian -1 -1 0.7517 811.5094 158.4983 909.0463 302.7326 1.7543 0.7212 0.9562 3.2518 1.4884 9.1854 1.0920 5.2186
Pedestrian -1 -1 1.4679 242.2839 155.6960 275.3568 225.3491 1.8169 0.7059 0.9241 -9.3541 1.1715 19.0173 1.0107 5.1606
Pedestrian -1 -1 1.4039 271.9862 160.9717 306.3227 227.9404 1.7776 0.7071 0.9584 -8.6896 1.2608 19.3575 0.9819 3.9851
Pedestrian -1 -1 0.1387 470.1391 168.3120 483.4134 195.4543 1.6700 0.5959 0.7349 -7.9464 0.9214 43.8095 -0.0407 0.6379
