Car -1 -1 -2.2669 1035.4840 188.5108 1153.7740 234.1642 1.3838 1.5135 3.2613 16.2675 1.6733 23.7164 -1.6657 9.8805
Cyclist -1 -1 1.5752 554.8111 166.0903 563.2302 190.3517 1.7226 0.5968 1.7622 -3.3141 0.7008 51.0955 1.5104 3.8000
Pedestrian -1 -1 1.0681 405.1778 161.9407 465.7333 265.0730 1.7669 0.6910 0.9326 -3.0918 1.4506 12.6857 0.8291 7.4819
Car -1 -1 -2.1323 961.9659 184.8000 1063.3006 230.7993 1.4413 1.5131 3.1886 13.7436 1.5992 24.0781 -1.6136 9.3273
Cyclist -1 -1 1.2691 509.4752 165.8684 534.4446 205.6280 1.7669 0.6310 1.7813 -3.8315 1.1182 32.3585 1.1512 1.3413
Pedestrian -1 -1 1.0107 351.0367 159.1187 416.9201 266.6262 1.7699 0.6849 0.9483 -3.8630 1.4196 12.2033 0.7042 6.5421
Car -1 -1 -1.6407 602.7730 174.0743 637.9277 204.1006 1.4950 1.5892 3.4927 0.7483 1.1765 36.9836 -1.6205 5.1454
Cyclist -1 -1 1.3712 642.0966 168.0961 653.9207 189.9187 1.7633 0.6223 1.8027 3.5401 0.7623 58.0631 1.4321 -0.6021
Pedestrian -1 -1 1.1258 384.0838 165.7871 437.4655 249.2027 1.7023 0.7557 0.9544 -4.1758 1.4037 15.0322 0.8549 6.3863
Car -1 -1 0.8986 1098.2762 186.5079 1223.0000 233.8612 1.4887 1.5626 3.6074 19.1161 1.7137 24.4929 1.5614 4.8983
Pedestrian -1 -1 0.7810 501.5385 155.1726 573.6327 271.5468 1.8203 0.6803 0.9871 -1.1570 1.4258 11.6294 0.6819 6.2087
Car -1 -1 -0.4117 818.1356 163.1017 898.4089 191.4942 1.5705 1.6452 3.9527 14.3049 0.6095 40.0614 -0.0688 0.0458
Pedestrian -1 -1 0.7123 550.0651 164.2336 619.9877 266.5256 1.6977 0.7989 0.9213 -0.3919 1.4294 12.3299 0.6805 5.5716
Pedestrian -1 -1 1.1933 320.7229 161.1342 375.9852 252.4585 1.7471 0.7389 0.9465 -5.1737 1.3783 14.1207 0.8421 5.4366
Pedestrian -1 -1 1.0201 435.4876 162.1882 497.1526 259.0871 1.7306 0.7480 0.9421 -2.6417 1.4052 13.2225 0.8229 4.7979
Pedestrian -1 -1 -1.5306 472.9575 171.1961 483.8696 199.4195 1.7319 0.6370 0.7482 -7.8423 1.1623 43.7962 -1.7078 0.7127
