Car -1 -1 -2.1275 959.9875 183.8927 1065.6437 228.6487 1.4019 1.5459 3.4040 13.7691 1.5275 24.1342 -1.6090 8.3566
Cyclist -1 -1 1.6474 555.7222 167.8637 565.1596 190.8327 1.6888 0.5778 1.6924 -3.3160 0.7610 52.8315 1.5847 2.7730
Pedestrian -1 -1 0.9299 488.7579 153.2771 559.7108 265.1135 1.7885 0.7409 0.9919 -1.4121 1.3548 11.9171 0.8120 7.1175
Car -1 -1 -2.2724 1033.0179 184.7852 1155.5673 232.6444 1.4707 1.5276 3.4378 16.3223 1.6275 23.8286 -1.6718 8.1997
Cyclist -1 -1 1.9209 525.1224 168.0469 539.3482 189.8036 1.7167 0.5819 1.7186 -5.8137 0.7353 56.6886 1.8187 1.0211
Pedestrian -1 -1 1.2168 317.6433 155.8385 369.2290 250.6647 1.8646 0.6992 0.9630 -5.4092 1.3813 14.4911 0.8595 6.5570
Car -1 -1 0.8483 1092.6268 188.4054 1223.0000 235.4448 1.4581 1.5877 3.8390 19.0966 1.7560 24.5363 1.5097 7.1990
Cyclist -1 -1 -2.3896 0.0000 175.5454 71.8014 337.5367 1.6713 0.5692 1.6777 -6.8249 1.6219 7.5910 -3.1219 -0.3540
Pedestrian -1 -1 1.1132 385.3007 164.3137 444.8041 264.4744 1.7575 0.7184 0.9265 -3.5384 1.4751 12.9866 0.8472 6.1018
Car -1 -1 -1.6259 604.2889 174.2128 638.1209 203.8256 1.4790 1.5795 3.3571 0.7965 1.1664 37.0130 -1.6044 5.8830
Pedestrian -1 -1 0.1971 1073.0536 143.1297 1223.0000 356.8809 1.7894 0.7085 0.9967 4.9564 1.4783 6.5221 0.8470 5.2203
Pedestrian -1 -1 0.8903 533.2753 166.5725 598.9727 264.6345 1.6655 0.7584 0.9199 -0.7410 1.4306 12.5991 0.8316 5.2101
Pedestrian -1 -1 1.2033 424.2509 162.2835 479.1707 258.1819 1.7536 0.7320 0.9489 -2.9830 1.4221 13.5219 0.9862 5.0716
Pedestrian -1 -1 0.9852 335.8834 159.9695 401.1131 265.9972 1.7803 0.6681 0.9574 -4.2032 1.4373 12.4245 0.6590 4.5904
