Car -1 -1 -2.2501 1034.7003 187.0770 1154.5978 234.3502 1.4422 1.5557 3.3307 16.2961 1.6808 23.7650 -1.6490 10.4546
Cyclist -1 -1 1.7706 545.6537 168.7309 560.0718 195.4251 1.7488 0.6231 1.7729 -3.4738 0.9791 47.2333 1.6972 3.7420
Pedestrian -1 -1 0.9306 383.9760 154.7857 460.7344 277.7864 1.8765 0.7159 1.0404 -2.9906 1.4859 11.3860 0.6738 6.2729
Car -1 -1 0.9126 1098.0237 186.2194 1223.0000 233.7891 1.4932 1.5763 3.7690 19.1779 1.7084 24.5311 1.5762 9.5265
Cyclist -1 -1 1.2198 526.8123 164.8924 555.9514 210.4420 1.7841 0.5912 1.7924 -2.6134 1.1743 28.6249 1.1288 2.6221
Pedestrian -1 -1 0.7317 552.6066 161.0806 627.6238 278.6585 1.7367 0.7300 0.9148 -0.2791 1.4515 11.0130 0.7063 5.9392
Car -1 -1 -2.1285 957.8831 182.8111 1063.9456 228.7365 1.4446 1.5541 3.4203 13.7129 1.5307 24.1508 -1.6121 8.9244
Cyclist -1 -1 1.4068 642.5541 166.6193 653.7016 188.2517 1.7406 0.6204 1.8117 3.5348 0.6249 57.8179 1.4678 -0.7156
Pedestrian -1 -1 0.7281 431.3714 155.5943 501.9877 268.3041 1.8186 0.6956 0.9485 -2.3794 1.4184 11.9434 0.5315 5.8894
Car -1 -1 -1.6323 601.9242 174.1011 636.1139 203.8370 1.4810 1.5665 3.5138 0.6797 1.1637 36.9989 -1.6139 1.6100
Pedestrian -1 -1 0.8078 592.4939 158.9266 666.2013 270.7754 1.7509 0.7278 0.9983 0.3504 1.4149 11.6780 0.8378 5.8632
Car -1 -1 1.6847 481.1001 165.3305 503.9987 182.4447 1.4737 1.5686 4.0133 -9.9533 0.1687 62.9190 1.5278 0.2914
Pedestrian -1 -1 1.1614 341.8634 155.3391 401.5250 257.6670 1.8546 0.7561 0.9542 -4.4762 1.4002 13.4171 0.8394 5.8421
Car -1 -1 2.2606 0.0000 131.4911 34.4195 223.7197 1.8392 1.6837 3.7451 -15.2339 0.8635 16.0219 1.5005 -0.2482
Pedestrian -1 -1 1.1798 376.8634 164.9778 427.4131 246.3424 1.7117 0.7540 0.9575 -4.4878 1.3868 15.4788 0.8976 5.7394
Car -1 -1 -1.0450 721.2565 176.6069 787.6323 208.9109 1.4552 1.5697 3.4559 7.1330 1.2813 33.6537 -0.8362 -0.3920
Pedestrian -1 -1 1.0947 476.1101 170.5587 536.9263 267.8617 1.6456 0.7234 0.9234 -1.7985 1.4791 12.5386 0.9522 5.0724
Pedestrian -1 -1 -0.0197 474.7730 168.5517 488.5665 196.6432 1.7282 0.6268 0.8305 -7.6604 0.9945 43.8793 -0.1926 -0.6089
