Car -1 -1 -2.2372 1035.0277 187.1940 1152.7226 234.0734 1.4353 1.5472 3.2922 16.3114 1.6785 23.8200 -1.6368 10.2710
Cyclist -1 -1 1.6547 498.0278 166.6193 514.4849 203.5752 1.7852 0.6586 1.8567 -4.9059 1.1161 35.0957 1.5158 2.7644
Pedestrian -1 -1 0.5891 517.7409 156.8534 608.1631 296.4643 1.7298 0.7032 0.9594 -0.5977 1.4385 9.3001 0.5249 6.9993
Car -1 -1 0.9086 1097.8848 186.4105 1223.0000 233.4249 1.4705 1.5689 3.7976 19.1531 1.6926 24.4869 1.5724 8.7509
Cyclist -1 -1 1.6330 530.5378 165.8998 545.9058 201.5532 1.7591 0.6638 1.8562 -3.3870 1.0402 35.8177 1.5387 1.7564
Pedestrian -1 -1 0.6830 433.3768 154.6301 508.5132 274.2085 1.8375 0.7002 0.9649 -2.2031 1.4416 11.3965 0.4921 6.5635
Car -1 -1 -2.1332 957.2628 181.8184 1063.8335 228.7931 1.4849 1.5592 3.4346 13.7247 1.5348 24.1945 -1.6172 8.5473
Cyclist -1 -1 -2.3445 0.0000 170.5617 68.2065 339.1266 1.7365 0.5795 1.7858 -6.9278 1.6358 7.6209 -3.0823 0.6662
Pedestrian -1 -1 0.7924 489.2857 155.5385 558.3082 262.5469 1.7907 0.7495 0.9551 -1.4713 1.3747 12.4180 0.6745 6.3790
Car -1 -1 -0.5867 819.5987 162.2969 901.9914 190.7596 1.5658 1.6719 4.1785 14.5184 0.5658 40.1992 -0.2401 2.1605
Pedestrian -1 -1 0.7057 566.3056 162.5465 646.7399 293.2148 1.7128 0.6997 0.8707 -0.0274 1.4792 9.8116 0.7030 6.0059
Car -1 -1 -0.5790 679.8880 176.1372 750.8573 200.2057 1.4980 1.6245 4.3460 7.1313 1.2278 45.6362 -0.4240 1.5650
Pedestrian -1 -1 0.7470 412.6147 159.3543 476.6024 260.4835 1.8088 0.6867 0.9491 -3.0304 1.4322 13.1751 0.5209 5.5521
Car -1 -1 -0.9868 339.6715 165.4147 375.2287 180.3447 1.4587 1.5785 3.7386 -24.8314 -0.0150 71.1256 -1.3227 0.2322
Pedestrian -1 -1 0.3924 757.6157 158.0058 845.9454 296.4384 1.7613 0.6714 0.9683 2.6100 1.4768 9.5527 0.6591 5.4816
Car -1 -1 1.1307 862.5569 181.3678 1065.1930 286.5001 1.4463 1.5572 3.4615 5.5391 1.4642 11.4884 1.5800 -0.5906
Pedestrian -1 -1 0.7831 611.5337 161.0414 691.9555 288.6067 1.7515 0.7080 0.9423 0.6269 1.4860 10.2900 0.8440 5.4272
Car -1 -1 1.9439 289.3483 158.8564 329.1025 178.7086 1.4911 1.5948 3.8106 -23.1001 -0.1440 55.3724 1.5487 -0.6217
Pedestrian -1 -1 0.4868 723.8743 153.6056 818.3966 303.3115 1.7775 0.7082 0.9473 2.0567 1.4599 8.9677 0.7122 5.3068
