Car -1 -1 -2.2681 1033.9883 188.0210 1153.4760 235.1306 1.4371 1.5405 3.3051 16.3142 1.7104 23.8313 -1.6678 10.4831
Cyclist -1 -1 1.7055 557.4460 168.8413 568.1909 190.8987 1.7094 0.6164 1.7552 -3.3042 0.8071 55.6872 1.6462 -0.5601
Pedestrian -1 -1 0.6805 459.1609 157.6576 527.6344 264.5389 1.7889 0.6855 0.9676 -1.9945 1.4082 12.3671 0.5206 7.0528
Car -1 -1 0.9298 1097.6327 184.8706 1223.0000 234.9145 1.5699 1.6117 3.9055 19.1745 1.7350 24.4905 1.5941 9.0597
Cyclist -1 -1 1.0990 640.6038 164.9355 657.5913 187.0003 1.7759 0.6291 1.8164 3.6152 0.5244 57.8601 1.1614 -0.7358
Pedestrian -1 -1 1.0997 364.7703 163.7724 421.8428 259.0612 1.7502 0.6987 0.9352 -4.1083 1.4446 13.5608 0.8055 6.6299
Car -1 -1 -2.1193 960.4384 184.5131 1067.1978 229.3645 1.3994 1.5619 3.4653 13.7927 1.5478 24.1229 -1.5999 7.9591
Pedestrian -1 -1 1.2488 305.9642 158.9236 356.6958 245.1672 1.7589 0.7359 0.9644 -5.8618 1.3205 15.0211 0.8767 6.5835
Car -1 -1 -1.6437 601.4653 173.9512 636.1675 203.7609 1.4843 1.5627 3.3607 0.6690 1.1597 36.9222 -1.6255 3.4210
Pedestrian -1 -1 1.1902 320.3809 158.7822 378.3031 259.5713 1.7682 0.7046 0.9255 -4.7428 1.3888 12.9787 0.8399 6.1499
Car -1 -1 2.5009 987.4503 183.5732 1223.0000 256.5983 1.4946 1.6589 4.2639 10.8786 1.5671 15.4262 3.1151 -0.7130
Pedestrian -1 -1 0.7939 500.5755 165.5586 565.9963 260.0653 1.6725 0.7889 0.9185 -1.3725 1.4098 13.1046 0.6895 5.4981
Pedestrian -1 -1 0.2844 990.6846 143.8281 1125.0178 338.7299 1.7634 0.7227 0.9571 4.4174 1.4333 6.9901 0.8480 5.2880
Pedestrian -1 -1 1.1053 398.3196 164.7591 453.0151 253.3777 1.6839 0.7164 0.9106 -3.6007 1.3864 14.0083 0.8537 5.0584
Pedestrian -1 -1 3.5598 259.6786 161.4675 277.0161 188.7313 1.5935 0.6127 0.7374 -19.8294 0.4825 41.6362 3.1154 -0.5526
