Car -1 -1 -2.2644 1029.3924 186.5374 1156.2049 233.3199 1.4239 1.5829 3.5863 16.2783 1.6450 23.8549 -1.6656 10.8902
Cyclist -1 -1 1.7703 369.8673 163.7146 389.2871 198.7043 1.7306 0.6087 1.7374 -11.4371 0.9018 35.8631 1.4616 1.1711
Pedestrian -1 -1 0.5258 835.5237 151.3516 934.5234 300.5313 1.7625 0.6779 0.9521 3.4794 1.4198 8.9321 0.8972 6.0658
Car -1 -1 0.8795 1098.9227 186.4838 1223.0000 233.8982 1.4798 1.5894 3.7837 19.2103 1.7045 24.4549 1.5453 9.4416
Cyclist -1 -1 1.7933 535.2813 168.2133 545.8898 186.8056 1.6508 0.6048 1.6414 -5.7690 0.5610 63.6261 1.7029 -0.7410
Pedestrian -1 -1 1.0864 528.4638 154.0085 589.3517 267.6091 1.8600 0.6628 0.9789 -0.8482 1.4279 12.1620 1.0168 5.8590
Car -1 -1 -2.1281 959.5295 181.5488 1065.5599 229.9061 1.5239 1.5608 3.3849 13.7246 1.5637 24.0724 -1.6099 8.4333
Pedestrian -1 -1 1.1876 333.0390 161.0244 377.8825 233.9703 1.7421 0.7452 0.9444 -6.2126 1.2786 17.4813 0.8462 5.5375
Car -1 -1 -1.6481 602.2573 175.6213 636.9395 204.3557 1.4303 1.5431 3.4260 0.7096 1.1889 36.9455 -1.6289 4.4462
Pedestrian -1 -1 1.2178 291.2239 157.3713 336.3689 237.7020 1.8473 0.6912 0.9977 -6.9869 1.3170 16.8555 0.8248 5.4845
Car -1 -1 -1.3001 461.6330 164.8425 500.4574 194.0885 1.8007 1.6065 3.3787 -7.8981 0.8380 45.2881 -1.4728 2.3155
Pedestrian -1 -1 0.5038 876.8135 150.5405 972.7513 295.7017 1.8011 0.6763 0.9482 4.1709 1.4311 9.3499 0.9234 5.3400
Car -1 -1 1.6740 480.3084 165.8050 502.5655 182.9078 1.4711 1.5587 3.9243 -10.0371 0.2083 62.8143 1.5155 0.4312
Pedestrian -1 -1 1.4216 209.2886 155.2297 245.3940 228.3007 1.8286 0.6872 0.9552 -9.8062 1.1978 18.2770 0.9292 4.8090
Car -1 -1 -0.6839 341.7635 157.2182 404.8276 179.3694 1.4591 1.6164 4.0347 -15.9742 -0.0804 48.9215 -0.9995 -0.7624
Pedestrian -1 -1 1.5786 245.1944 159.3107 274.8110 228.1279 1.7542 0.6844 0.9173 -9.0986 1.2157 18.5796 1.1233 3.0903
Pedestrian -1 -1 1.7656 463.3974 169.0497 475.2176 196.0262 1.6607 0.6247 0.5526 -8.4080 0.9572 43.7997 1.5759 1.0598
