Car -1 -1 -2.2838 1034.7949 188.8303 1155.2731 234.8038 1.3911 1.5129 3.3215 16.3025 1.6930 23.7525 -1.6823 11.2051
Cyclist -1 -1 2.0365 209.5193 155.7564 362.6096 365.9742 1.7566 0.5871 1.8240 -3.0367 1.5516 6.8281 1.6180 5.9109
Pedestrian -1 -1 0.9731 792.6205 154.6197 871.2396 278.2610 1.7709 0.7040 0.9722 3.3654 1.4018 10.6887 1.2781 5.3411
Car -1 -1 -2.1223 959.9364 182.4335 1066.3114 231.0126 1.5267 1.5638 3.4238 13.7525 1.5989 24.0904 -1.6036 9.5869
Pedestrian -1 -1 0.8315 454.1628 158.7905 514.7567 255.1793 1.7921 0.6822 0.9698 -2.3816 1.3901 13.7074 0.6595 5.3335
Car -1 -1 0.8769 1094.3993 186.0525 1223.0000 233.6788 1.4833 1.6029 3.9544 19.1361 1.6929 24.4830 1.5403 9.3680
Pedestrian -1 -1 1.8299 208.4269 158.2299 245.1361 222.7060 1.7834 0.7072 0.9289 -10.7671 1.1690 20.0850 1.3378 4.7093
Car -1 -1 -1.6123 599.4049 174.9151 632.8161 204.1075 1.4557 1.5923 3.6878 0.5281 1.1787 37.1181 -1.5981 1.6994
Pedestrian -1 -1 1.1705 313.7086 158.4622 352.9647 228.2024 1.8262 0.6815 0.9242 -7.3706 1.2507 19.0787 0.8018 4.5054
Car -1 -1 -0.4421 817.3785 163.4106 895.3296 190.6614 1.5075 1.6182 3.8427 14.2179 0.5635 40.1076 -0.1014 0.7094
Pedestrian -1 -1 0.6928 743.8461 161.7585 830.0995 288.1803 1.7289 0.7516 0.9532 2.5877 1.4743 10.2711 0.9396 4.2638
Car -1 -1 -1.4986 462.7079 164.9148 493.0572 193.6869 1.7735 1.6573 3.7920 -8.1488 0.8142 45.5483 -1.6757 0.2589
Pedestrian -1 -1 1.9524 235.5390 155.5995 273.1488 220.5753 1.8217 0.6649 0.9481 -10.0994 1.1251 20.3172 1.4910 4.1474
Car -1 -1 2.5084 994.5574 186.1958 1223.0000 258.3407 1.4787 1.6395 4.1372 11.0029 1.6118 15.4716 3.1266 -0.2491
Pedestrian -1 -1 1.2695 274.2983 155.7473 312.7466 229.0676 1.8461 0.6640 0.9387 -8.1347 1.2245 18.3693 0.8526 2.8997
Pedestrian -1 -1 1.2511 333.4920 162.2618 365.0920 221.5257 1.8491 0.7120 0.8712 -8.2158 1.2816 22.6187 0.9027 2.0657
