Car -1 -1 0.9179 1095.9412 184.9507 1223.0000 233.1433 1.5202 1.5838 3.8439 19.1608 1.6886 24.5835 1.5800 8.3464
Cyclist -1 -1 1.6994 540.7599 169.0815 551.1959 192.2316 1.7129 0.5691 1.7130 -4.4248 0.8693 53.1797 1.6164 2.5505
Pedestrian -1 -1 0.8305 375.7892 162.3836 438.9563 259.8063 1.7369 0.6607 0.9515 -3.7140 1.4155 13.1320 0.5548 6.9764
Car -1 -1 -2.2555 1029.2917 185.8529 1154.3207 233.3171 1.4580 1.5752 3.5745 16.3331 1.6552 23.9801 -1.6576 8.2517
Cyclist -1 -1 0.7774 1183.0294 164.2643 1223.0000 205.7367 1.7101 0.6531 1.7784 25.6654 1.0421 30.0642 1.4840 0.4431
Pedestrian -1 -1 0.8866 332.4593 159.8909 400.5080 263.2389 1.7677 0.7083 0.9551 -4.3081 1.4169 12.6422 0.5581 6.9160
Car -1 -1 -2.1554 957.8370 181.7990 1067.6030 228.1956 1.4654 1.5622 3.5212 13.8169 1.5147 24.2354 -1.6373 8.0421
Cyclist -1 -1 1.7895 400.5727 169.0220 412.7579 190.7597 1.6910 0.5743 1.6963 -15.6509 0.7994 55.8591 1.5163 -0.0378
Pedestrian -1 -1 0.7984 481.4538 160.8094 553.2638 271.4190 1.7908 0.7502 0.9683 -1.5378 1.4736 12.0371 0.6713 6.8645
Car -1 -1 -1.6020 606.0881 174.1100 639.0917 203.4072 1.4607 1.6056 3.8186 0.8681 1.1436 37.1637 -1.5786 4.0567
Cyclist -1 -1 1.5484 637.2333 170.0174 644.2443 188.7136 1.7152 0.6113 1.6973 3.3426 0.7547 65.7156 1.5992 -0.4621
Pedestrian -1 -1 0.5885 522.6215 162.9495 588.1696 264.6247 1.7511 0.6801 0.9595 -0.9328 1.4505 12.7045 0.5152 6.6780
Car -1 -1 -1.4259 459.9527 164.3026 484.1384 181.6177 1.4645 1.5561 3.7119 -11.5479 0.0957 61.6826 -1.6109 0.4249
Pedestrian -1 -1 1.2177 316.9797 163.6546 367.7340 251.0015 1.7354 0.6964 0.9520 -5.4826 1.4023 14.6302 0.8592 5.8680
Car -1 -1 -0.4090 821.9343 165.0628 898.6305 192.9279 1.5434 1.6246 3.7521 14.4291 0.6897 40.0861 -0.0634 0.4248
Pedestrian -1 -1 0.9140 411.8144 159.6906 474.1020 255.9575 1.7730 0.7508 0.9387 -3.1622 1.3914 13.6048 0.6857 5.2286
Pedestrian -1 -1 0.3234 1056.2331 149.5519 1211.3364 360.3159 1.7804 0.7349 0.9757 4.8508 1.5207 6.5781 0.9588 5.0791
