Car -1 -1 -2.2464 1034.8686 187.8212 1152.0483 233.1869 1.3841 1.5055 3.2985 16.2966 1.6500 23.8177 -1.6464 9.8414
Cyclist -1 -1 -1.1398 241.1416 160.5929 273.8962 201.8064 1.6900 0.5873 1.6984 -14.6713 0.8752 29.8441 -1.5967 2.7875
Pedestrian -1 -1 0.8524 464.6501 157.4485 529.4716 262.7051 1.8362 0.7081 0.9671 -2.0173 1.4357 12.9115 0.6974 7.2520
Car -1 -1 -2.1244 960.2144 183.6235 1065.7579 231.1947 1.4926 1.5683 3.3689 13.7649 1.6082 24.1146 -1.6057 8.9099
Cyclist -1 -1 1.0949 593.8425 157.4917 643.6100 225.1563 1.8834 0.6543 1.8938 0.3430 1.2445 20.6688 1.1115 -0.2274
Pedestrian -1 -1 0.5321 679.7423 148.3619 771.6627 294.5626 1.8315 0.6975 0.9942 1.5607 1.4306 9.4388 0.6959 6.7024
Car -1 -1 0.8938 1095.9012 185.4590 1223.0000 232.9503 1.4888 1.5891 3.8473 19.1357 1.6758 24.4989 1.5569 8.7892
Cyclist -1 -1 -2.5286 0.0000 171.6639 59.7642 334.7810 1.6535 0.5541 1.6827 -6.9696 1.5656 7.5483 -3.2742 -0.7168
Pedestrian -1 -1 0.8075 482.9937 158.2022 566.1563 294.9871 1.7741 0.6840 0.9283 -1.1564 1.4866 9.7247 0.6891 6.6512
Car -1 -1 -0.4237 822.1383 162.6621 902.3797 191.3876 1.5883 1.6424 3.9446 14.5303 0.6034 40.0575 -0.0757 1.7096
Pedestrian -1 -1 0.7948 402.5439 155.9551 474.3662 269.5164 1.8250 0.7007 0.9673 -2.8499 1.4322 11.9115 0.5600 6.3830
Car -1 -1 1.6144 536.5414 179.7177 562.2114 202.1865 1.4645 1.5802 3.6321 -3.7351 1.4148 47.9213 1.5366 1.2163
Pedestrian -1 -1 0.5965 714.2402 161.6450 798.3059 288.3137 1.7059 0.7522 0.9106 2.1120 1.4536 10.1059 0.8025 5.9392
Car -1 -1 -0.7831 679.4923 173.2914 744.6389 197.4295 1.4936 1.6332 4.2444 6.9408 1.0489 45.6579 -0.6322 0.6289
Pedestrian -1 -1 0.6962 570.9799 154.3661 650.8739 278.1999 1.7880 0.7282 0.9817 0.0420 1.4123 10.7984 0.7001 5.9358
Car -1 -1 -1.6143 598.6983 174.6195 633.1218 205.0097 1.5115 1.6266 3.9922 0.5137 1.2205 37.1815 -1.6005 0.3096
Pedestrian -1 -1 0.5908 533.0664 154.8222 611.5398 282.7092 1.7703 0.7048 0.9060 -0.5206 1.4166 10.3180 0.5404 5.7660
