Car -1 -1 -2.2639 1034.5759 188.2450 1155.5212 234.2362 1.3933 1.5404 3.3537 16.2919 1.6740 23.7414 -1.6625 10.4753
Pedestrian -1 -1 0.4825 731.6338 152.3004 816.9183 290.2108 1.8152 0.6539 0.9649 2.3111 1.4457 9.8642 0.7126 7.1545
Car -1 -1 -2.1222 958.8342 181.7103 1065.8102 229.7855 1.5125 1.5659 3.4542 13.7172 1.5582 24.0798 -1.6044 9.0987
Pedestrian -1 -1 0.7765 417.7419 157.9593 490.4981 271.8962 1.8052 0.6926 0.9772 -2.5522 1.4498 11.7513 0.5626 6.9360
Car -1 -1 0.9022 1094.8173 186.4836 1223.0000 234.3555 1.4920 1.6150 3.9885 19.1673 1.7181 24.5296 1.5655 8.9671
Pedestrian -1 -1 0.5075 697.0523 151.7533 785.5088 295.3273 1.7830 0.6611 0.9453 1.7483 1.4277 9.3317 0.6927 6.8273
Car -1 -1 -1.5022 604.6414 176.0537 639.4058 205.5487 1.4637 1.5717 3.6778 0.9215 1.2445 36.9876 -1.4773 3.2972
Pedestrian -1 -1 0.8350 477.4827 159.3785 542.9881 262.4449 1.7714 0.7415 0.9220 -1.7510 1.4100 12.7271 0.6983 6.6467
Car -1 -1 1.8750 476.9087 154.7366 517.2626 178.4663 1.5759 1.6371 4.1096 -7.4941 -0.1473 49.4773 1.7247 0.7023
Pedestrian -1 -1 1.0784 407.8772 159.8117 465.1646 260.7157 1.8444 0.6914 0.9595 -3.2678 1.4679 13.5070 0.8410 6.0015
Car -1 -1 2.2580 0.0000 129.2174 37.6701 228.4654 1.8876 1.7534 4.3829 -15.1435 0.9139 15.6969 1.4905 -0.4346
Pedestrian -1 -1 0.8811 543.1679 159.3932 626.0826 291.8759 1.7841 0.7456 0.9592 -0.3457 1.5015 10.1229 0.8470 5.9882
Pedestrian -1 -1 0.6922 441.1135 158.9463 502.8645 252.1874 1.7715 0.7057 0.9733 -2.6685 1.3637 13.9725 0.5035 5.2640
Pedestrian -1 -1 0.8140 497.8064 155.6997 582.0099 298.1736 1.8141 0.6542 0.9570 -0.9325 1.5000 9.5589 0.7167 5.1534
Pedestrian -1 -1 0.8235 591.8037 163.3730 666.1561 282.1783 1.6990 0.7269 0.8651 0.3110 1.4558 10.6713 0.8526 4.6351
