Car -1 -1 -2.2514 1037.4088 187.2189 1152.0139 233.3693 1.4142 1.5128 3.1498 16.3115 1.6571 23.7651 -1.6499 11.0398
Cyclist -1 -1 1.7155 519.2819 167.1850 532.2500 193.1278 1.7318 0.6353 1.7308 -5.3776 0.8443 48.0697 1.6041 1.7783
Pedestrian -1 -1 0.6588 733.4262 158.4814 832.2183 300.2673 1.7105 0.7553 0.9827 2.2420 1.4465 9.1444 0.8992 6.0823
Car -1 -1 -2.1328 962.5985 186.2362 1063.2656 231.1590 1.3992 1.4810 3.1957 13.7443 1.6092 24.0611 -1.6138 7.7805
Cyclist -1 -1 -2.3288 0.0000 179.9213 63.0576 338.9876 1.6508 0.5379 1.6866 -6.9469 1.6465 7.6653 -3.0651 1.4633
Pedestrian -1 -1 1.1016 244.2425 156.5638 298.8881 245.5131 1.8258 0.6796 0.9880 -7.1555 1.3361 15.0788 0.6585 5.8220
Car -1 -1 -1.6508 600.3983 174.9992 635.7493 203.7036 1.4266 1.5654 3.4481 0.6282 1.1547 36.9057 -1.6338 5.3583
Pedestrian -1 -1 1.2351 293.4870 156.4489 340.5399 244.0485 1.8481 0.6805 0.9423 -6.3559 1.3423 15.4902 0.8457 5.5616
Car -1 -1 -2.2402 1097.3419 187.9236 1221.0757 235.1009 1.4898 1.5677 3.4640 19.1141 1.7681 24.6093 -1.5799 1.7478
Pedestrian -1 -1 1.1230 369.0756 158.6517 424.0050 250.7288 1.7711 0.7098 0.9604 -4.2313 1.3525 14.1889 0.8331 5.4673
Car -1 -1 -1.2324 460.1709 167.1686 501.8166 195.0907 1.7198 1.5969 3.3928 -7.9107 0.9000 45.3496 -1.4051 1.2609
Pedestrian -1 -1 1.0214 321.9696 164.5126 372.5181 245.0652 1.7593 0.7082 0.8994 -5.8721 1.4117 15.9939 0.6695 5.4259
Car -1 -1 1.6426 481.0468 165.6751 502.0446 183.0158 1.4917 1.5776 3.7457 -10.0199 0.2176 62.7496 1.4843 0.9308
Pedestrian -1 -1 1.0711 424.2630 162.3358 476.3675 247.2424 1.7374 0.7158 0.9478 -3.3401 1.3673 15.0551 0.8528 5.3210
Car -1 -1 -1.8983 813.6037 162.1083 861.9808 188.8757 1.4737 1.5630 3.6025 13.3436 0.4625 40.7322 -1.5817 0.1081
Pedestrian -1 -1 -1.4281 520.5092 166.0463 531.6502 191.8238 1.7364 0.6405 0.8404 -5.3589 0.7641 48.0520 -1.5392 0.5492
