Car -1 -1 -2.2609 1037.1343 187.9335 1150.8728 232.6229 1.3659 1.4933 3.1159 16.2886 1.6343 23.7622 -1.6600 11.4680
Cyclist -1 -1 3.8681 0.0000 176.0071 53.1786 336.5375 1.6401 0.5250 1.6669 -6.9531 1.5959 7.4989 3.1205 0.1312
Pedestrian -1 -1 1.0394 309.9854 157.5415 362.7714 242.5141 1.8257 0.7145 0.9538 -6.0314 1.3340 15.7634 0.6740 6.3766
Car -1 -1 0.8548 1093.4154 185.2849 1223.0000 233.8942 1.5131 1.6311 4.0171 19.1451 1.6940 24.4548 1.5190 8.9426
Pedestrian -1 -1 0.3626 936.5528 146.6972 1052.8488 324.5548 1.8548 0.6891 0.9672 4.3282 1.5040 7.9599 0.8606 5.9540
Car -1 -1 -2.1732 956.3578 183.7737 1068.5453 230.9743 1.4738 1.5648 3.5647 13.7664 1.5958 24.1696 -1.6555 4.6164
Pedestrian -1 -1 0.9543 358.2742 157.8306 410.7328 239.8512 1.8373 0.7369 0.9708 -5.1615 1.3311 16.4206 0.6497 5.8645
Car -1 -1 -1.6553 603.1355 173.6803 639.5865 203.4707 1.4867 1.5925 3.8108 0.8019 1.1478 37.2327 -1.6338 3.0067
Pedestrian -1 -1 1.2906 250.9763 155.5851 293.8463 230.9443 1.7845 0.7159 0.9450 -8.1954 1.1961 17.3294 0.8489 5.5023
Car -1 -1 -1.2739 458.8646 164.7175 499.0720 194.2718 1.8222 1.6292 3.3605 -8.0425 0.8505 45.3560 -1.4494 1.7207
Pedestrian -1 -1 1.2452 285.4243 160.1621 327.1253 234.2170 1.7985 0.6986 0.9413 -7.5422 1.3061 17.7498 0.8434 5.4643
Car -1 -1 -1.2692 444.3555 165.6696 477.5297 184.0063 1.5844 1.6880 4.3850 -12.8379 0.3041 63.3535 -1.4691 0.8229
Pedestrian -1 -1 0.8691 590.5022 157.8274 664.5628 275.3027 1.7366 0.7035 0.9563 0.2978 1.4031 11.0401 0.8960 5.4463
Car -1 -1 1.7100 479.3097 166.0548 504.2641 184.0738 1.5500 1.6365 4.1328 -10.0136 0.3086 62.8951 1.5521 0.4893
Pedestrian -1 -1 1.3633 211.8751 154.1197 252.7639 232.6104 1.8141 0.6822 0.9532 -8.9642 1.2060 16.9208 0.8761 5.0905
Car -1 -1 2.8469 330.4023 156.8125 400.0781 180.3123 1.5047 1.6225 4.1085 -15.9647 -0.0117 47.1549 2.5204 0.2661
Pedestrian -1 -1 0.4206 966.3273 150.9462 1075.5877 310.2399 1.7607 0.6682 0.9257 4.8700 1.4357 8.3811 0.9470 4.5292
Car -1 -1 -0.3736 826.2823 161.6680 906.4447 189.8579 1.5575 1.6269 3.9196 14.7032 0.5184 39.9125 -0.0207 -0.1822
Pedestrian -1 -1 0.1401 471.4312 173.0832 484.2716 199.4494 1.6210 0.6122 0.7049 -7.8753 1.1664 43.7845 -0.0379 -0.1989
Car -1 -1 -2.2928 252.7148 160.1989 315.7044 182.9604 1.5104 1.6384 4.0932 -22.0081 0.1646 48.4993 -2.7188 -0.8283
Car -1 -1 -1.0313 718.9262 175.3837 786.3901 207.9222 1.4516 1.5556 3.4659 6.9817 1.2248 33.3383 -0.8249 -0.8419
