Car -1 -1 -2.2755 1037.1781 187.4965 1154.3085 234.2200 1.4265 1.5013 3.2117 16.3372 1.6798 23.7573 -1.6731 10.4662
Cyclist -1 -1 -2.3336 0.0000 172.1480 69.0822 338.6219 1.7152 0.5773 1.7558 -6.9049 1.6309 7.6316 -3.0691 0.5823
Pedestrian -1 -1 0.4880 714.9546 146.8491 810.8792 299.1719 1.8389 0.6812 1.0063 1.9841 1.4343 9.1158 0.7023 6.9081
Car -1 -1 0.8658 1097.2276 186.8803 1223.0000 234.1906 1.4672 1.5885 3.9282 19.2159 1.7074 24.4533 1.5318 9.3772
Cyclist -1 -1 1.6319 532.9972 164.0200 546.5189 198.4632 1.7212 0.5868 1.7416 -3.3464 0.8991 36.2066 1.5398 -0.0116
Pedestrian -1 -1 0.8396 560.8306 159.7209 642.9971 293.1271 1.7524 0.7042 0.9303 -0.0968 1.4812 9.8637 0.8298 6.9027
Car -1 -1 -2.1537 959.7111 182.8289 1069.5116 231.2192 1.5147 1.5783 3.4596 13.7901 1.6014 24.0739 -1.6335 9.0152
Pedestrian -1 -1 0.8340 484.0599 151.9493 550.6686 263.4466 1.8771 0.6919 0.9725 -1.5939 1.3981 12.4773 0.7070 6.4548
Car -1 -1 2.5287 981.2763 181.3993 1223.0000 253.9311 1.5109 1.6747 4.4254 10.9159 1.5335 15.5864 3.1396 -0.0549
Pedestrian -1 -1 0.8812 426.2682 156.2616 498.4678 274.2001 1.8256 0.6948 0.9676 -2.3708 1.4520 11.5135 0.6781 6.3195
Car -1 -1 -0.4016 814.3454 164.7517 888.6217 191.1150 1.4546 1.5840 3.6281 13.8742 0.5871 39.9191 -0.0671 -0.0910
Pedestrian -1 -1 0.5967 515.9138 151.6258 604.9141 296.2120 1.8023 0.6719 0.9633 -0.6348 1.4441 9.3418 0.5289 6.1154
Car -1 -1 -1.6388 606.2159 174.2634 641.2429 203.8513 1.4678 1.5702 3.7382 0.9217 1.1599 36.9718 -1.6139 -0.6592
Pedestrian -1 -1 0.8308 603.0397 163.3106 683.8863 287.9706 1.7252 0.7600 0.9241 0.5113 1.4890 10.3781 0.8800 5.6593
Pedestrian -1 -1 0.5788 746.3618 152.5307 834.8298 290.1891 1.7681 0.7147 0.9306 2.4829 1.4105 9.6609 0.8304 5.3976
