Car -1 -1 0.8878 1096.4843 186.7826 1223.0000 234.2112 1.4772 1.5743 3.8487 19.1366 1.7134 24.4683 1.5515 10.1624
Cyclist -1 -1 1.5650 558.7664 167.6423 566.4487 189.7637 1.6791 0.5796 1.7033 -3.2639 0.7044 54.5305 1.5052 2.0912
Pedestrian -1 -1 1.2852 378.7381 159.5279 430.1600 262.9406 1.8688 0.6797 0.9959 -3.8468 1.4914 13.3745 1.0052 7.0827
Car -1 -1 -2.2050 1038.6211 186.4710 1155.7849 234.1611 1.4617 1.5588 3.3180 16.3852 1.6782 23.7694 -1.6015 8.9575
Cyclist -1 -1 -2.4089 0.0000 173.0180 53.4757 335.4461 1.6614 0.5539 1.6828 -6.9813 1.5866 7.5174 -3.1574 -0.6085
Pedestrian -1 -1 0.9799 472.2273 159.1226 538.2812 266.1627 1.7630 0.7155 0.9629 -1.7771 1.4125 12.2374 0.8357 6.8198
Car -1 -1 -2.1250 956.6795 182.3770 1066.6485 228.5926 1.4502 1.5639 3.6388 13.7410 1.5208 24.1782 -1.6082 7.5119
Pedestrian -1 -1 0.2521 1026.1161 153.3257 1163.8201 350.9713 1.7288 0.7414 0.9324 4.6359 1.4928 6.7744 0.8523 6.4671
Car -1 -1 -1.6426 600.8232 173.3566 636.3131 202.9919 1.4737 1.5950 3.5610 0.6537 1.1199 36.9771 -1.6249 5.2890
Pedestrian -1 -1 0.8932 514.7030 159.9510 577.7371 262.7001 1.7832 0.6999 0.9498 -1.1170 1.4282 12.8508 0.8065 6.1265
Car -1 -1 -0.5991 819.4580 162.3206 899.9319 191.4276 1.6040 1.6719 4.0816 14.4868 0.6036 40.2807 -0.2539 0.1283
Pedestrian -1 -1 1.1560 328.5933 158.3259 389.1863 264.0526 1.8241 0.7055 0.9607 -4.5005 1.4431 12.7851 0.8175 5.6854
Car -1 -1 1.9032 475.2410 154.8106 516.5120 177.0832 1.4753 1.5968 4.1632 -7.6104 -0.2495 49.6919 1.7512 -0.7315
Pedestrian -1 -1 1.0593 406.5344 166.8202 461.1800 256.5635 1.6892 0.6966 0.8843 -3.4029 1.4334 13.8646 0.8186 5.3648
