Car -1 -1 -2.2720 1036.4941 187.6361 1153.8684 232.9120 1.3793 1.5136 3.2125 16.3020 1.6373 23.7346 -1.6702 10.4132
Cyclist -1 -1 -2.3321 0.0000 174.6735 68.0356 338.8125 1.6929 0.5743 1.7316 -6.9082 1.6345 7.6381 -3.0674 1.0039
Pedestrian -1 -1 0.7888 400.5157 160.7970 465.3844 261.9607 1.7226 0.6818 0.9026 -3.0992 1.3888 12.5608 0.5469 6.6569
Car -1 -1 -2.1497 958.5111 181.8835 1069.3560 229.2942 1.4880 1.5836 3.5305 13.7785 1.5403 24.1010 -1.6303 8.8225
Pedestrian -1 -1 0.9631 386.2940 158.2749 440.7248 249.6592 1.8622 0.6792 0.9707 -4.1000 1.4110 14.9751 0.6958 6.4451
Car -1 -1 0.8621 1095.5377 186.3473 1223.0000 233.8051 1.4721 1.5858 3.9546 19.1532 1.6924 24.4324 1.5269 8.0897
Pedestrian -1 -1 0.6277 507.0148 159.3851 579.8361 274.7987 1.8017 0.6857 0.9706 -1.0515 1.4737 11.5754 0.5371 6.4256
Car -1 -1 -1.6142 602.7020 173.4276 634.9870 203.4274 1.4977 1.5383 3.2640 0.6742 1.1460 36.9433 -1.5959 4.3945
Pedestrian -1 -1 0.7337 550.9247 160.2618 619.8137 265.0734 1.7288 0.7630 0.9182 -0.3849 1.3966 12.2452 0.7023 5.9342
Car -1 -1 -0.4609 822.2319 163.1323 900.9806 190.0218 1.4863 1.6077 3.8877 14.5128 0.5277 40.0951 -0.1136 2.2641
Pedestrian -1 -1 0.9831 355.0048 159.3033 423.2775 269.5070 1.7819 0.7031 0.9411 -3.7102 1.4408 11.9972 0.6832 5.8805
Car -1 -1 1.6706 480.3369 165.9175 502.5838 183.0465 1.4733 1.5714 3.9146 -10.0347 0.2202 62.8118 1.5122 0.1493
Pedestrian -1 -1 0.8934 436.8181 160.1915 497.7989 261.6342 1.8027 0.6975 0.9038 -2.5998 1.4434 13.1170 0.6977 5.6435
Pedestrian -1 -1 1.1683 321.6774 155.4222 381.6178 253.0320 1.8531 0.7994 0.9806 -5.0820 1.3787 14.0496 0.8212 5.3199
