Car -1 -1 -2.2666 1035.7693 188.3741 1153.6871 233.9306 1.3827 1.5081 3.2552 16.2815 1.6674 23.7308 -1.6653 11.1172
Cyclist -1 -1 1.6740 558.3904 170.3632 568.2999 191.4731 1.7186 0.6410 1.7665 -3.4224 0.8945 58.4530 1.6155 0.9053
Pedestrian -1 -1 0.8927 429.4754 155.6539 495.0221 261.2871 1.8374 0.7166 0.9751 -2.6468 1.4069 12.8805 0.6900 6.9398
Car -1 -1 0.8840 1098.2911 186.2171 1223.0000 233.1907 1.4706 1.5778 3.8415 19.2548 1.6862 24.5381 1.5494 8.8279
Cyclist -1 -1 -2.3477 0.0000 175.2005 67.3362 338.2635 1.6848 0.5594 1.7223 -6.9062 1.6318 7.6299 -3.0833 0.3818
Pedestrian -1 -1 1.1526 344.3560 161.3285 397.9268 254.4166 1.7693 0.6900 0.9245 -4.6810 1.4065 14.0075 0.8301 6.5087
Car -1 -1 -2.1479 956.1655 183.2275 1065.7596 231.5098 1.5153 1.5726 3.5204 13.7322 1.6171 24.1930 -1.6316 6.5946
Cyclist -1 -1 1.7001 548.1473 167.9156 557.6635 188.9243 1.7046 0.5659 1.7243 -4.2706 0.6848 58.2409 1.6269 -0.0315
Pedestrian -1 -1 0.8168 479.6678 160.2408 542.2816 256.2829 1.7738 0.7452 0.9558 -1.8584 1.4013 13.6442 0.6814 6.2956
Car -1 -1 -1.6268 602.2844 173.2777 636.7999 203.1112 1.4867 1.5978 3.6656 0.7067 1.1282 37.0898 -1.6077 4.9660
Pedestrian -1 -1 1.0588 296.0315 156.1176 357.4415 257.1455 1.8511 0.7016 0.9813 -5.3719 1.4060 13.5318 0.6809 6.0955
Car -1 -1 -0.4466 819.7926 162.7671 904.3940 191.3085 1.5795 1.6733 4.2056 14.5604 0.5996 40.1642 -0.0989 2.5269
Pedestrian -1 -1 1.1106 379.5771 163.6127 431.9753 251.0310 1.7296 0.6981 0.9274 -4.1502 1.3971 14.5624 0.8330 5.4702
Car -1 -1 -0.7953 679.2987 172.7809 741.9680 197.0390 1.5030 1.6370 4.0511 6.8487 1.0261 45.6758 -0.6465 -0.0225
Pedestrian -1 -1 0.1446 911.3992 147.7320 1023.5310 329.4125 1.7947 0.6620 0.9812 3.8124 1.4727 7.5324 0.6131 4.7471
Pedestrian -1 -1 -2.7033 270.7089 161.1570 288.5421 188.3657 1.6134 0.6613 0.7603 -19.4486 0.4678 42.2545 -3.1347 0.5310
