Car -1 -1 -2.2555 1036.9723 187.9657 1154.6098 233.0683 1.3717 1.5125 3.2640 16.3263 1.6418 23.7453 -1.6531 11.9838
Cyclist -1 -1 1.1530 529.7738 166.5626 561.0875 212.3964 1.7577 0.5469 1.8085 -2.4009 1.2247 28.0335 1.0675 4.6510
Pedestrian -1 -1 0.9439 391.5793 155.3365 463.2682 272.8570 1.7920 0.6736 0.9698 -2.8989 1.4099 11.3453 0.6937 6.7036
Car -1 -1 0.8905 1099.5318 186.3645 1223.0000 233.4245 1.4686 1.5744 3.8250 19.2303 1.6890 24.4617 1.5568 9.0573
Cyclist -1 -1 1.5887 548.0783 168.8549 557.3331 195.7536 1.7477 0.5818 1.7809 -3.4584 0.9924 46.8406 1.5150 1.3366
Pedestrian -1 -1 0.7279 556.3660 149.2779 636.0774 277.7160 1.8668 0.6960 1.0204 -0.1852 1.4147 10.8684 0.7109 6.6130
Car -1 -1 -2.1182 956.5537 182.7092 1068.5588 232.3604 1.5516 1.6128 3.6844 13.7337 1.6343 24.1211 -1.6007 7.8206
Cyclist -1 -1 1.7021 526.2304 169.0853 539.1404 196.1010 1.7362 0.6178 1.7647 -4.7309 1.0040 46.3257 1.6004 1.2116
Pedestrian -1 -1 0.8952 437.9096 155.6418 508.3046 270.3943 1.8277 0.7047 0.9724 -2.2571 1.4335 11.8403 0.7068 6.3161
Car -1 -1 -1.5853 603.7093 173.9803 635.1988 203.1760 1.4517 1.5657 3.5739 0.7123 1.1289 36.9416 -1.5661 2.6197
Cyclist -1 -1 -2.8776 726.0816 169.3675 765.5981 206.3670 1.6499 0.5254 1.6824 6.3791 1.1549 32.1329 -2.6816 0.5791
Pedestrian -1 -1 1.1533 376.9300 161.7720 428.3424 247.2456 1.7855 0.7475 0.9615 -4.4466 1.3959 15.3737 0.8718 6.2130
Car -1 -1 -0.4570 823.5595 163.5422 902.1265 191.0431 1.5216 1.6259 3.8685 14.5959 0.5848 40.1336 -0.1082 1.9653
Cyclist -1 -1 -2.3242 0.0000 172.9718 70.8257 336.8081 1.6982 0.5826 1.7286 -6.9116 1.6219 7.6876 -3.0565 -0.6471
Pedestrian -1 -1 0.9806 480.8277 158.6811 548.1351 264.0492 1.7645 0.7726 0.9568 -1.6437 1.4008 12.4498 0.8494 5.9886
Car -1 -1 -0.8136 674.2557 173.5707 733.3687 197.2111 1.4709 1.6070 3.8231 6.4251 1.0411 45.8074 -0.6743 1.8395
Pedestrian -1 -1 0.4757 599.1116 153.9730 671.6967 268.4418 1.7930 0.7111 0.9758 0.4581 1.3791 11.6195 0.5151 5.9172
Car -1 -1 1.5001 478.4081 166.4137 499.5591 183.5083 1.4689 1.5887 3.7249 -10.2995 0.2597 62.7441 1.3374 -0.0968
Pedestrian -1 -1 1.0289 345.5020 153.3339 407.3500 258.1327 1.8899 0.6931 0.9980 -4.3581 1.4016 13.3339 0.7130 4.8963
