Car -1 -1 -2.2676 1035.8607 187.5188 1156.1193 233.6299 1.4040 1.5323 3.3302 16.3522 1.6588 23.7798 -1.6652 10.8643
Cyclist -1 -1 1.6834 532.0067 168.4905 540.2224 186.6399 1.7012 0.5910 1.6949 -6.5083 0.5767 67.1224 1.5868 0.0892
Pedestrian -1 -1 1.1458 365.3603 159.0667 420.6641 252.9535 1.8134 0.7274 0.9793 -4.3237 1.4010 14.2592 0.8513 6.2628
Car -1 -1 -2.1177 960.5710 182.4840 1062.5601 229.4398 1.4800 1.5080 3.2921 13.7077 1.5538 24.0880 -1.6003 7.3929
Cyclist -1 -1 3.7319 0.0000 172.0998 68.2158 337.6836 1.6678 0.5651 1.6799 -6.8593 1.5849 7.5209 2.9925 -0.3189
Pedestrian -1 -1 1.2228 287.1594 159.5300 335.9157 242.3232 1.7570 0.7159 0.9330 -6.5145 1.3136 15.5854 0.8269 5.8430
Car -1 -1 0.9570 1101.2960 186.1797 1223.0000 234.5191 1.5120 1.5994 3.8002 19.2388 1.7259 24.5041 1.6226 5.4667
Cyclist -1 -1 1.6101 564.1363 166.9786 570.7371 185.1426 1.6932 0.5575 1.7000 -3.5166 0.4339 66.7578 1.5574 -0.3277
Pedestrian -1 -1 1.0890 414.4952 168.5326 470.2374 252.6669 1.7261 0.7945 0.9871 -3.5276 1.4822 15.1341 0.8600 5.7974
Car -1 -1 -1.6456 602.4760 173.6103 637.4320 203.9836 1.5122 1.5711 3.3298 0.7281 1.1706 36.9031 -1.6259 3.9598
Cyclist -1 -1 1.5250 636.2262 169.7195 643.4439 188.5632 1.7280 0.5886 1.7549 3.2581 0.7405 65.7096 1.5746 -0.7786
Pedestrian -1 -1 1.1740 320.8276 165.8711 369.1315 245.0316 1.7375 0.7262 0.9353 -5.9668 1.4180 16.1037 0.8192 5.1860
Car -1 -1 1.6824 478.4616 165.7387 501.8225 183.4547 1.5258 1.6181 4.0080 -10.1687 0.2557 62.9306 1.5222 -0.6163
Pedestrian -1 -1 -0.1895 1127.6178 145.4813 1223.0000 348.4134 1.7936 0.7016 0.9489 5.6074 1.4858 6.7798 0.5015 5.1552
Pedestrian -1 -1 0.6247 720.9210 153.5726 818.9947 298.3437 1.7716 0.7902 0.9758 2.1093 1.4438 9.2747 0.8483 5.0053
Pedestrian -1 -1 0.9506 236.6634 155.2417 294.0364 243.4538 1.8208 0.6753 0.9562 -7.3014 1.3011 15.1150 0.5006 4.9978
