Car -1 -1 -2.2854 1035.5973 187.8031 1153.9332 233.7348 1.3963 1.5186 3.2130 16.2675 1.6601 23.7048 -1.6840 10.9120
Cyclist -1 -1 1.9641 242.9278 164.0170 373.6141 345.8960 1.6637 0.6468 1.6881 -3.0416 1.5146 7.3070 1.5697 6.4010
Pedestrian -1 -1 1.1661 795.2978 159.0406 862.1971 277.1657 1.7266 0.6903 0.8523 3.3511 1.4146 10.7894 1.4673 5.6775
Car -1 -1 -2.1389 958.7373 181.7959 1067.6336 229.0802 1.4846 1.5598 3.5008 13.7432 1.5336 24.0793 -1.6202 9.0661
Cyclist -1 -1 1.1735 443.0328 171.9392 507.3428 261.3156 1.6330 0.6436 1.6331 -2.5949 1.4782 13.7722 0.9872 0.8451
Pedestrian -1 -1 0.8489 738.3781 160.8705 824.2325 288.4802 1.7625 0.7534 0.9918 2.5251 1.4930 10.3744 1.0876 5.3597
Car -1 -1 0.8815 1094.6194 187.3500 1223.0000 233.6373 1.4382 1.5736 3.9259 19.1493 1.6967 24.5334 1.5443 7.9803
Cyclist -1 -1 1.4997 637.0163 170.5617 644.9557 188.9555 1.6888 0.6177 1.6845 3.3675 0.7775 65.7606 1.5508 -0.3488
Pedestrian -1 -1 -2.1335 449.1101 163.7963 505.7742 257.9192 1.7487 0.6785 0.9485 -2.5217 1.4400 13.7102 -2.3154 5.0409
Car -1 -1 -1.6090 602.8748 175.1745 636.2954 204.5812 1.4645 1.6006 3.7697 0.7091 1.2007 37.1069 -1.5899 3.7947
Pedestrian -1 -1 1.7950 210.7236 158.4173 245.0459 221.5185 1.7620 0.6805 0.9320 -10.8390 1.1470 20.2775 1.3041 4.1025
Car -1 -1 -0.3849 821.3791 163.2514 900.9025 190.8205 1.5285 1.6302 3.9116 14.4730 0.5736 40.0841 -0.0384 0.3933
Pedestrian -1 -1 1.1833 312.5537 160.1314 349.8712 228.4238 1.7986 0.6579 0.8814 -7.4600 1.2637 19.1621 0.8121 4.0471
Car -1 -1 -1.7732 673.2497 172.6644 708.5566 196.1468 1.4638 1.5749 3.6168 5.5375 0.9767 45.9361 -1.6532 -0.4925
Pedestrian -1 -1 1.4749 278.9051 155.7254 311.6616 227.3993 1.8150 0.6919 0.9817 -8.1470 1.1892 18.4968 1.0600 3.8296
Pedestrian -1 -1 1.7562 239.1889 155.2683 273.0674 219.9292 1.8233 0.7213 0.9409 -10.1295 1.1134 20.4822 1.2969 3.6169
