Car -1 -1 -2.2608 1032.4533 186.6993 1154.2558 233.7768 1.4393 1.5729 3.3844 16.2939 1.6652 23.8297 -1.6611 10.6397
Cyclist -1 -1 -2.8072 426.4343 168.2976 465.2195 204.3965 1.6852 0.5868 1.6886 -7.5295 1.1170 33.3895 -3.0290 0.9933
Pedestrian -1 -1 1.0474 375.9187 165.1135 425.8714 244.7092 1.7407 0.7092 0.9475 -4.6744 1.4059 16.0418 0.7639 5.8577
Car -1 -1 0.8618 1097.1524 186.9278 1223.0000 232.9544 1.4261 1.5937 3.9043 19.2029 1.6678 24.4400 1.5277 9.2893
Cyclist -1 -1 1.6820 634.6451 169.6115 643.6746 188.6337 1.7425 0.6466 1.7737 3.2042 0.7462 65.6917 1.7307 0.0250
Pedestrian -1 -1 -0.0366 983.7261 146.4063 1092.2670 322.7034 1.7903 0.6833 0.9711 4.6373 1.4457 7.7089 0.5050 5.7503
Car -1 -1 -1.6208 604.4232 173.8292 638.5415 203.9569 1.4984 1.5984 3.5338 0.8069 1.1681 36.9494 -1.5990 5.2182
Cyclist -1 -1 -2.5316 0.0000 170.9564 56.3665 334.6518 1.6534 0.5532 1.6798 -6.9903 1.5587 7.5263 -3.2801 -0.0369
Pedestrian -1 -1 -0.0775 1019.3532 155.9852 1125.1823 323.3176 1.7819 0.6722 0.9507 5.2322 1.5226 8.0470 0.4990 5.3410
Car -1 -1 -2.1110 955.6208 183.3842 1058.3322 230.7956 1.5031 1.5390 3.3833 13.6857 1.6109 24.3312 -1.5986 4.1827
Cyclist -1 -1 2.0151 295.5518 158.3963 320.3702 191.1042 1.7078 0.5436 1.7074 -15.8700 0.5551 37.7789 1.6174 -0.4733
Pedestrian -1 -1 1.2977 261.2691 157.6904 302.7880 236.1012 1.8106 0.6756 0.9276 -7.7616 1.2855 16.8937 0.8670 5.3382
Car -1 -1 -1.2935 461.5927 171.5050 499.9236 195.9237 1.5073 1.5525 3.4108 -7.9389 0.9534 45.4156 -1.4666 1.6668
Cyclist -1 -1 -2.7379 340.8773 163.6136 381.5312 200.6918 1.7439 0.5416 1.7544 -11.5919 0.9511 33.5820 -3.0702 -0.8067
Pedestrian -1 -1 0.7647 622.4497 158.1614 700.2752 279.5191 1.7231 0.6938 0.9483 0.7935 1.4076 10.6188 0.8393 5.2650
Car -1 -1 -0.4525 822.8945 163.4969 899.7498 190.6900 1.5057 1.6107 3.7777 14.5147 0.5656 40.1460 -0.1056 1.6371
Pedestrian -1 -1 1.2209 325.1383 157.4580 374.7925 245.4903 1.8328 0.7098 1.0029 -5.5764 1.3547 15.3274 0.8720 5.2632
Car -1 -1 1.6584 479.3010 167.6764 501.0466 184.8066 1.4707 1.5676 3.9410 -10.1348 0.3709 62.7219 1.4982 0.8624
Pedestrian -1 -1 1.0515 274.6972 155.0083 318.9978 229.1257 1.8831 0.6760 0.9591 -8.1089 1.2370 18.5161 0.6387 5.0434
Car -1 -1 -1.6302 618.0287 174.3255 665.1749 213.6134 1.4782 1.6478 4.1709 1.3931 1.2474 28.6911 -1.5817 -0.2546
Pedestrian -1 -1 1.3636 218.6280 157.1870 260.6228 237.3477 1.8025 0.6844 0.9626 -8.5638 1.2799 16.4827 0.8844 4.8878
Car -1 -1 -1.1147 721.7351 174.1608 784.9401 207.2757 1.4837 1.5609 3.4799 7.0574 1.2011 33.5251 -0.9072 -0.7337
Pedestrian -1 -1 1.2837 292.2808 161.3078 334.7362 235.6064 1.7539 0.7191 0.9466 -7.1681 1.3024 17.2796 0.8905 4.8590
