Car -1 -1 -2.2568 1031.2985 188.2211 1154.9921 234.0147 1.3873 1.5542 3.5010 16.2841 1.6690 23.8368 -1.6575 10.6357
Cyclist -1 -1 2.2073 0.0000 148.4154 227.7474 369.0000 1.7701 0.6405 1.8374 -3.2411 1.6118 4.4417 1.5769 7.0722
Pedestrian -1 -1 0.6183 778.7090 147.0482 870.1963 291.4159 1.8554 0.6912 0.9765 2.9466 1.4271 9.6795 0.9138 6.6650
Car -1 -1 0.9030 1096.2993 187.5925 1223.0000 234.2896 1.4471 1.5859 3.9342 19.1485 1.7139 24.4738 1.5669 8.2377
Pedestrian -1 -1 0.6706 475.2607 158.8233 541.9750 261.8039 1.8407 0.6265 1.0752 -1.8402 1.4549 13.1757 0.5319 5.4131
Car -1 -1 -2.1320 957.4913 181.1180 1064.8079 229.1677 1.5209 1.5865 3.4286 13.7291 1.5451 24.1677 -1.6154 7.8481
Pedestrian -1 -1 1.3071 317.8006 161.9433 356.4677 232.7648 1.7815 0.7121 0.9617 -7.0061 1.3163 18.3785 0.9429 5.1992
Car -1 -1 -1.6238 601.8621 175.0013 635.4481 204.0829 1.4479 1.5667 3.4057 0.6610 1.1756 36.9266 -1.6059 5.9519
Pedestrian -1 -1 1.1722 278.6393 158.1196 324.5107 233.4378 1.8345 0.7398 0.9780 -7.6897 1.2910 17.8215 0.7648 4.8062
Car -1 -1 1.7486 477.8623 155.2599 511.3123 178.4265 1.5484 1.6170 4.1526 -7.7127 -0.1507 49.7230 1.5947 0.1734
Pedestrian -1 -1 0.5933 822.7423 149.7934 912.8926 283.2406 1.7949 0.7188 0.9731 3.7009 1.3836 10.1102 0.9442 4.7334
Car -1 -1 -0.0620 251.9021 150.6187 328.4593 177.8220 1.4913 1.5963 3.9349 -18.1182 -0.1589 40.6940 -0.4809 -0.1127
Pedestrian -1 -1 1.7299 270.2136 159.1812 303.2921 221.3866 1.7170 0.7246 0.8939 -9.0431 1.1301 20.0369 1.3059 4.1969
Car -1 -1 -0.2315 746.9782 159.1213 813.2667 181.8648 1.4993 1.6134 4.0523 11.7115 0.0913 47.4317 0.0106 -0.1266
Pedestrian -1 -1 1.7647 239.2003 159.7936 272.1946 224.8631 1.7646 0.6672 0.8877 -9.7504 1.2047 19.6853 1.3048 3.9597
Car -1 -1 -1.9607 834.4451 200.1416 902.0414 237.0520 1.4564 1.5643 3.6345 11.6995 2.3898 31.7002 -1.6072 -0.1278
Pedestrian -1 -1 1.6055 210.4749 162.6388 241.6415 225.8371 1.6874 0.7266 0.9075 -10.4446 1.2121 19.4407 1.1125 3.8544
Car -1 -1 2.5480 978.4962 183.2092 1223.0000 255.5933 1.5097 1.6466 4.3946 10.8716 1.5746 15.6584 3.1549 -0.6835
Pedestrian -1 -1 1.6030 475.4474 169.3136 485.8160 195.9850 1.6408 0.6143 0.6311 -7.7144 0.9540 43.8474 1.4288 -0.8447
