Car -1 -1 0.8586 1093.1774 185.9608 1223.0000 233.3236 1.4764 1.5909 3.9544 19.1313 1.6829 24.5137 1.5213 9.3894
Cyclist -1 -1 1.7081 526.1758 167.7337 536.9255 190.7850 1.7101 0.5780 1.7214 -5.5240 0.7643 53.3180 1.6049 2.4002
Pedestrian -1 -1 0.9428 383.9412 161.6642 436.4921 243.9949 1.7781 0.7196 0.9399 -4.4052 1.3729 15.8394 0.6716 7.0043
Car -1 -1 -2.1125 957.4617 182.9148 1062.1788 229.6290 1.4731 1.5485 3.4356 13.7083 1.5632 24.2077 -1.5972 7.8052
Pedestrian -1 -1 1.0043 332.0874 160.9087 389.3274 246.2289 1.7436 0.7714 0.9299 -5.2370 1.3449 15.0354 0.6691 6.6713
Car -1 -1 -2.2318 1034.6973 187.7190 1158.2869 234.7899 1.4289 1.5705 3.5299 16.3821 1.6921 23.8201 -1.6294 6.1869
Pedestrian -1 -1 0.2978 1009.7996 147.3129 1135.9198 330.1647 1.7811 0.6833 0.9550 4.8807 1.4595 7.4677 0.8766 6.5716
Car -1 -1 -1.6362 601.7719 175.3116 636.2374 204.3490 1.4424 1.5671 3.4287 0.6769 1.1861 36.8666 -1.6178 4.4265
Pedestrian -1 -1 1.1050 263.7840 158.3113 311.6180 237.5644 1.7802 0.6600 0.9429 -7.4162 1.2834 16.4305 0.6810 6.2039
Car -1 -1 -0.4474 822.7218 163.7399 899.5295 191.2099 1.5195 1.5999 3.7731 14.4831 0.5938 40.0905 -0.1007 2.4849
Pedestrian -1 -1 0.4413 644.9615 150.8564 727.8835 283.4216 1.8238 0.6543 1.0153 1.1365 1.4176 10.2670 0.5516 6.0555
Pedestrian -1 -1 1.2370 301.6509 162.2741 346.6302 237.0458 1.7393 0.7458 0.9189 -6.8096 1.3169 17.0331 0.8567 5.8406
Pedestrian -1 -1 1.3117 222.6978 153.5603 269.6918 238.1185 1.8517 0.7250 0.9790 -8.2085 1.2633 16.0845 0.8398 5.4528
Pedestrian -1 -1 0.2598 1047.4302 155.5058 1167.7978 326.2271 1.7537 0.7330 0.9353 5.5246 1.4987 7.8521 0.8729 5.0838
