Car -1 -1 -2.2606 1039.0260 187.6461 1152.2825 234.3938 1.4309 1.4878 3.0912 16.3247 1.6886 23.7324 -1.6580 10.6619
Cyclist -1 -1 -2.3895 0.0000 172.3351 55.7782 336.0076 1.6890 0.5592 1.7194 -7.0134 1.6064 7.5754 -3.1363 0.8815
Pedestrian -1 -1 0.8707 447.9983 155.6194 507.2383 251.5310 1.8681 0.7029 1.0020 -2.6312 1.3852 14.3566 0.6895 6.5745
Car -1 -1 0.8938 1097.8440 186.6176 1223.0000 233.7965 1.4676 1.5816 3.8582 19.1575 1.6973 24.4295 1.5588 8.7853
Cyclist -1 -1 1.6502 514.6491 169.0407 527.0022 197.3772 1.7255 0.6287 1.7364 -5.2262 1.0291 43.9304 1.5318 0.1039
Pedestrian -1 -1 1.0959 269.3930 155.3037 326.7932 250.0694 1.8374 0.6877 0.9858 -6.2451 1.3505 14.2818 0.6837 6.4240
Car -1 -1 -2.1436 960.6788 183.0322 1063.6500 229.5031 1.4631 1.5247 3.2242 13.7307 1.5569 24.0875 -1.6255 8.5505
Cyclist -1 -1 1.6457 528.9570 167.5197 537.1238 186.3817 1.6807 0.6108 1.6867 -6.4713 0.5253 63.8488 1.5446 -0.5337
Pedestrian -1 -1 0.7598 396.8162 160.7587 459.6881 257.0840 1.7749 0.6889 0.9591 -3.4305 1.4128 13.5585 0.5120 6.3989
Car -1 -1 -1.6459 602.5796 175.2774 636.9493 203.8208 1.4182 1.5377 3.2968 0.7173 1.1602 36.8148 -1.6265 3.7723
Pedestrian -1 -1 0.8885 313.1982 161.6772 370.1034 248.5786 1.7495 0.7051 0.8976 -5.5378 1.3722 14.7607 0.5296 6.1757
Car -1 -1 -0.3991 821.0500 164.1893 900.5423 192.0650 1.5414 1.6321 3.9011 14.4280 0.6409 40.0097 -0.0530 1.8923
Pedestrian -1 -1 1.0010 333.8148 159.5026 381.8092 238.6706 1.8476 0.6773 0.9679 -6.0054 1.3591 17.0602 0.6625 5.8711
Car -1 -1 1.6944 479.7892 166.0273 503.3965 183.7341 1.5229 1.6060 3.8757 -10.0150 0.2793 62.7707 1.5362 0.1319
Pedestrian -1 -1 1.2208 293.9625 156.6772 337.9334 241.0700 1.8862 0.6520 0.9575 -6.7383 1.3554 16.3714 0.8304 5.2211
Car -1 -1 -1.3874 495.6181 170.4859 522.7083 188.2046 1.4752 1.6013 4.0610 -8.2024 0.6427 60.9280 -1.5212 -0.3920
Pedestrian -1 -1 1.3128 353.2642 162.5985 399.0507 247.8508 1.7722 0.7317 0.9067 -4.9912 1.4017 15.2724 0.9969 4.9924
Car -1 -1 -0.8095 674.1489 174.1964 734.2123 198.5033 1.5107 1.6239 3.8800 6.4455 1.1203 45.7796 -0.6696 -0.8095
Pedestrian -1 -1 0.4160 811.1316 152.2963 917.8137 316.6379 1.8043 0.7407 0.9698 3.0153 1.4964 8.3604 0.7621 4.8751
Pedestrian -1 -1 1.6874 515.0566 169.2966 526.3964 196.7432 1.6862 0.6124 0.7808 -5.2245 0.9993 43.8251 1.5687 0.7057
