Car -1 -1 -2.2929 1034.5835 187.2972 1153.1911 233.2227 1.4019 1.5060 3.2414 16.2901 1.6485 23.7812 -1.6923 12.6936
Pedestrian -1 -1 0.9319 292.3978 158.0322 344.6726 238.5909 1.8357 0.7122 0.9552 -6.7882 1.3254 16.6590 0.5450 6.5176
Car -1 -1 0.8810 1097.1448 185.7944 1223.0000 232.8005 1.4662 1.5763 3.8630 19.1548 1.6654 24.4393 1.5458 9.7993
Pedestrian -1 -1 0.1295 854.8535 151.5970 944.3240 307.7928 1.8124 0.6860 0.9422 3.5947 1.4787 8.7310 0.5201 6.2226
Car -1 -1 -2.1366 960.8660 182.5327 1067.3338 228.5208 1.4445 1.5531 3.3860 13.7838 1.5203 24.0834 -1.6168 9.4520
Pedestrian -1 -1 1.2094 335.7401 159.1834 380.5213 233.8881 1.7567 0.7397 0.9519 -6.0576 1.2571 17.2239 0.8712 6.0238
Car -1 -1 -1.5991 603.1895 175.0113 635.3745 203.9366 1.4401 1.5741 3.5088 0.6945 1.1683 36.9590 -1.5803 4.4735
Pedestrian -1 -1 0.9029 539.6459 157.2231 609.5879 269.9659 1.8144 0.7317 0.9829 -0.5666 1.4414 11.9844 0.8556 5.8578
Car -1 -1 -1.5452 576.0980 174.5095 605.9539 202.8646 1.4856 1.5505 3.6433 -0.7398 1.1731 38.8655 -1.5643 1.6178
Pedestrian -1 -1 1.4174 275.5792 160.6099 309.5400 229.4989 1.7680 0.6819 0.9622 -8.3204 1.2591 18.7302 0.9994 5.5574
Car -1 -1 -0.2803 746.1672 162.0466 808.7051 184.2091 1.4602 1.5948 3.7826 11.5441 0.2457 47.4552 -0.0417 0.8665
Pedestrian -1 -1 1.4212 243.8858 157.0643 280.1671 229.5615 1.8164 0.7077 0.9632 -8.9244 1.2308 18.3069 0.9676 5.2746
Car -1 -1 -3.4751 806.3213 163.6292 885.1312 190.7654 1.5047 1.6255 3.9047 13.5762 0.5706 40.0263 -3.1481 0.4878
Pedestrian -1 -1 0.4033 891.5445 164.4958 986.4020 301.8275 1.6657 0.7224 0.9002 4.2682 1.4733 9.1473 0.8399 4.8521
Car -1 -1 -1.0953 724.1726 175.3186 787.2884 207.8196 1.4554 1.5238 3.4252 7.1558 1.2248 33.4647 -0.8846 0.3790
Pedestrian -1 -1 1.7526 209.2091 155.6665 248.0833 226.3460 1.7454 0.7165 0.9523 -9.6148 1.1337 18.0177 1.2624 4.2708
Car -1 -1 -1.3067 461.1927 164.3237 500.7127 192.9850 1.7665 1.6186 3.6042 -7.9264 0.7708 45.4403 -1.4794 -0.2975
