Car -1 -1 -2.2670 1036.8748 186.6349 1153.4535 233.4078 1.4312 1.5129 3.1885 16.2949 1.6530 23.7230 -1.6651 11.4372
Cyclist -1 -1 3.7352 0.0000 170.8900 58.7486 338.1593 1.6833 0.5631 1.7087 -6.9812 1.5883 7.5200 2.9869 0.2273
Pedestrian -1 -1 0.2581 912.5717 160.8807 1021.9947 324.2199 1.7471 0.7510 0.9672 4.1305 1.5389 8.1597 0.7267 6.3628
Car -1 -1 0.8722 1094.7774 185.3621 1223.0000 232.8750 1.4856 1.6042 3.8978 19.1355 1.6690 24.4815 1.5356 9.2456
Pedestrian -1 -1 0.9675 349.3402 160.8617 399.7875 241.4034 1.8195 0.6961 0.9659 -5.4307 1.3774 16.5368 0.6502 6.3494
Car -1 -1 -2.1136 959.9029 181.8250 1064.8955 230.1951 1.5265 1.5715 3.3748 13.7405 1.5764 24.1074 -1.5956 5.7140
Pedestrian -1 -1 1.2203 307.1828 158.0330 355.1813 241.8735 1.8235 0.7212 0.9677 -6.2322 1.3365 15.9743 0.8483 6.0287
Car -1 -1 -0.4203 818.3032 162.7672 901.0255 190.6590 1.5432 1.6561 4.0931 14.3959 0.5635 40.0959 -0.0756 1.8783
Pedestrian -1 -1 1.2512 281.3619 158.6997 323.9102 231.6134 1.7964 0.7338 0.9509 -7.7460 1.2609 18.0138 0.8451 5.8781
Car -1 -1 -1.2020 457.7749 170.1999 500.0147 195.7011 1.5731 1.5694 3.3516 -8.0559 0.9390 45.4053 -1.3776 1.1150
Pedestrian -1 -1 1.4165 212.5825 151.8337 251.5387 232.0992 1.8870 0.6955 0.9742 -9.1261 1.2146 17.2153 0.9290 5.8306
Car -1 -1 1.1394 875.9945 175.6361 1001.7504 237.7358 1.6269 1.6833 4.1996 9.5183 1.5011 20.6191 1.5718 0.9282
Pedestrian -1 -1 1.3414 248.6476 159.5112 289.2883 232.5664 1.7515 0.7122 0.9466 -8.3797 1.2499 17.5387 0.8956 5.6137
Car -1 -1 2.0812 919.8381 131.7646 1012.2389 172.0626 1.4722 1.5980 3.8906 14.4570 -0.3571 28.3005 2.5535 0.3133
Pedestrian -1 -1 0.8708 578.9255 161.4708 654.7660 278.6166 1.7617 0.8016 0.9181 0.1371 1.4772 11.2369 0.8830 4.8659
Car -1 -1 -1.1540 725.1460 174.4158 785.7059 206.6777 1.4461 1.5497 3.4422 7.1590 1.1748 33.5350 -0.9437 -0.3769
Pedestrian -1 -1 0.5157 943.6547 155.8955 1052.7257 310.0387 1.7450 0.7001 0.9340 4.7086 1.4681 8.5804 1.0176 4.4988
Pedestrian -1 -1 0.1424 467.6620 170.0942 481.4452 197.0012 1.6552 0.5823 0.7656 -8.0815 1.0164 43.7957 -0.0401 -0.3848
