Car -1 -1 -2.2576 1032.2323 187.1296 1153.3360 232.7462 1.3921 1.5508 3.3934 16.2828 1.6337 23.8412 -1.6584 11.2194
Cyclist -1 -1 1.4078 571.6399 163.3206 598.4062 219.6619 1.7909 0.5935 1.8203 -0.7077 1.2464 23.4199 1.3776 5.0292
Pedestrian -1 -1 0.5867 626.8892 153.7546 714.3728 286.8972 1.7744 0.7610 0.9778 0.8827 1.4197 10.0206 0.6745 7.1480
Car -1 -1 0.8600 1093.2355 184.8016 1223.0000 233.2698 1.5194 1.6184 3.9295 19.1367 1.6822 24.5155 1.5228 8.7170
Cyclist -1 -1 1.7132 515.3398 164.8770 529.6208 195.5323 1.7495 0.5823 1.7857 -4.8124 0.8593 41.2463 1.5970 3.5463
Pedestrian -1 -1 0.9901 446.3549 157.8137 524.8240 282.8499 1.7292 0.7446 0.9306 -1.8034 1.4171 10.3673 0.8179 6.1618
Car -1 -1 -2.1342 961.6800 183.9360 1066.7501 229.9340 1.4381 1.5526 3.3086 13.7655 1.5646 24.0377 -1.6141 7.2816
Cyclist -1 -1 1.5326 539.2074 163.7921 550.3172 194.4110 1.7689 0.5830 1.7971 -3.5720 0.8050 41.7701 1.4473 3.2693
Pedestrian -1 -1 1.1154 414.2357 158.3102 465.0786 248.3206 1.7949 0.6805 0.9427 -3.4794 1.3540 14.6743 0.8825 5.7722
Car -1 -1 -1.6755 598.7415 172.4873 636.7966 202.9083 1.5101 1.6041 3.6913 0.6084 1.1138 37.0023 -1.6591 3.0902
Cyclist -1 -1 -2.3072 0.0000 176.9508 65.8881 336.2938 1.6555 0.5366 1.6816 -6.9222 1.6203 7.6933 -3.0399 -0.2983
Pedestrian -1 -1 0.3793 667.3269 154.4259 742.8860 280.4822 1.8115 0.6667 0.9527 1.4693 1.4385 10.6806 0.5160 5.6319
Car -1 -1 -0.4070 818.8208 163.9762 894.0188 190.4381 1.4638 1.5885 3.6811 14.1886 0.5511 40.0207 -0.0663 0.6775
Pedestrian -1 -1 0.9098 534.6343 163.6752 605.4878 276.8220 1.7448 0.7025 0.9685 -0.6205 1.4870 11.4941 0.8559 5.5963
Car -1 -1 1.6310 525.3945 161.4386 545.4231 178.5411 1.4766 1.5563 3.9867 -6.2023 -0.1805 63.5259 1.5336 0.6148
Pedestrian -1 -1 0.9414 378.3889 152.2794 446.7781 266.4119 1.9151 0.7070 1.0009 -3.4348 1.4432 12.4473 0.6722 5.4437
Car -1 -1 1.5332 483.3019 163.4277 502.8591 180.3640 1.4633 1.5812 3.6994 -9.9882 -0.0114 63.0858 1.3761 0.2197
Pedestrian -1 -1 0.9611 488.9319 162.4099 562.2199 285.3304 1.7928 0.7115 0.9384 -1.2766 1.5306 10.8942 0.8445 5.2508
Car -1 -1 -3.6039 984.5564 184.6844 1223.0000 259.1091 1.5135 1.6345 4.2900 10.9577 1.6143 15.6272 -2.9924 -0.0865
Pedestrian -1 -1 1.1236 368.7997 163.8157 421.5968 256.2497 1.7716 0.6737 0.9285 -4.2368 1.4535 14.1167 0.8320 4.5341
