Car -1 -1 -2.2732 1031.0028 187.2804 1155.4231 233.7258 1.4118 1.5755 3.4599 16.2735 1.6590 23.8146 -1.6737 9.0755
Cyclist -1 -1 1.1452 563.3615 166.3766 636.7103 271.9915 1.6879 0.5967 1.7264 -0.1643 1.4638 12.2030 1.1318 7.7026
Pedestrian -1 -1 0.6206 699.9542 151.0474 795.3275 298.1429 1.7394 0.7190 0.9407 1.7503 1.3928 8.9449 0.8139 6.7181
Car -1 -1 0.8704 1097.6949 185.2482 1223.0000 234.7307 1.5432 1.6045 3.8912 19.1807 1.7218 24.3954 1.5367 8.6343
Cyclist -1 -1 1.1034 625.3146 163.8378 698.1954 262.8986 1.7300 0.6242 1.7719 0.9872 1.4407 13.2809 1.1776 7.5052
Pedestrian -1 -1 0.4748 829.1800 146.8112 958.1133 343.9034 1.8185 0.7326 0.9789 2.8492 1.5094 7.1284 0.8550 6.4387
Car -1 -1 -2.1225 957.4889 182.5004 1066.2597 231.0308 1.5252 1.5837 3.5467 13.7449 1.6002 24.1640 -1.6053 8.5494
Cyclist -1 -1 1.7005 446.0690 166.5518 471.2171 216.5383 1.7664 0.6747 1.8317 -5.3762 1.2750 25.9184 1.4960 5.4307
Pedestrian -1 -1 0.5758 741.4799 149.3690 834.6182 292.4017 1.7752 0.7464 0.9411 2.3726 1.3905 9.3692 0.8238 6.0387
Car -1 -1 -1.6864 599.7014 172.5487 639.1170 203.5224 1.5411 1.6186 3.9504 0.6939 1.1469 37.2191 -1.6677 1.6933
Cyclist -1 -1 -2.4133 0.0000 174.6342 58.1089 338.2309 1.6849 0.5491 1.7085 -6.9792 1.6262 7.5660 -3.1584 0.5418
Pedestrian -1 -1 2.0329 189.2408 154.9565 224.8865 210.2094 1.7723 0.6876 0.9037 -13.0468 0.9545 23.1435 1.5196 5.5275
Car -1 -1 1.6695 480.1982 166.6393 502.3825 183.7733 1.4737 1.5767 3.8327 -10.0439 0.2827 62.7708 1.5109 0.9803
Pedestrian -1 -1 0.1454 815.9819 146.7543 914.5057 318.6021 1.8707 0.6439 0.9940 2.9775 1.5050 8.2105 0.4933 5.4734
Car -1 -1 1.8833 342.8990 160.9699 374.2296 178.9667 1.5824 1.6079 3.7962 -22.3838 -0.1427 64.4048 1.5488 0.7860
Pedestrian -1 -1 1.9830 217.6276 157.0655 252.2499 210.6333 1.7379 0.7433 0.8354 -12.2571 0.9792 23.3770 1.5001 2.2271
Car -1 -1 -0.4508 818.3096 162.2192 899.7445 190.1256 1.5440 1.6543 4.0337 14.3843 0.5340 40.1523 -0.1068 0.2049
Pedestrian -1 -1 -1.2996 422.3345 164.6981 434.6961 190.0130 1.7048 0.6389 0.7447 -11.9752 0.6420 47.9917 -1.5441 0.1337
Car -1 -1 -3.7088 981.8115 183.4096 1223.0000 256.8688 1.5195 1.6491 4.3410 10.9038 1.5891 15.6088 -3.0990 -0.4239
