Car -1 -1 -1.6345 601.5534 172.6689 637.0356 203.2498 1.5221 1.6136 3.7985 0.6917 1.1338 37.1217 -1.6158 4.3634
Cyclist -1 -1 1.9399 270.4058 160.3732 349.4099 273.8354 1.7849 0.6135 1.8669 -5.0271 1.4699 12.0587 1.5449 7.6340
Pedestrian -1 -1 0.3284 946.4682 136.7827 1085.4449 344.2684 1.8033 0.7002 0.9741 3.8537 1.4250 6.7369 0.8480 5.9729
Car -1 -1 -2.1926 1028.1216 186.5200 1151.5341 234.1818 1.4674 1.5947 3.7090 16.3469 1.6902 24.1104 -1.5968 3.8117
Cyclist -1 -1 0.0129 784.3659 157.8088 939.6324 308.8285 1.6914 0.5944 1.6941 3.0057 1.4389 8.4856 0.3533 6.7177
Pedestrian -1 -1 1.8892 138.6859 154.6862 177.1549 217.7522 1.7617 0.6966 0.8673 -12.8288 1.0422 20.2514 1.3245 5.3926
Car -1 -1 0.7779 1091.3596 186.6156 1223.0000 235.9291 1.5232 1.6152 3.9010 19.0570 1.7532 24.3776 1.4414 0.3093
Cyclist -1 -1 0.0377 1016.2545 150.3219 1215.4956 322.2760 1.7424 0.5947 1.7581 5.6181 1.4383 7.9302 0.6541 4.5366
Pedestrian -1 -1 0.2759 989.5025 138.8334 1115.2729 323.0547 1.7617 0.7074 0.9504 4.5905 1.3650 7.3463 0.8344 5.1672
Car -1 -1 -0.4114 822.3755 163.6582 899.8417 190.6375 1.4929 1.6164 3.7948 14.4629 0.5624 40.0499 -0.0649 0.2264
Cyclist -1 -1 0.1586 774.1632 170.4031 842.3017 235.0395 1.6871 0.5586 1.6994 5.4399 1.4251 19.0625 0.4366 1.9251
Pedestrian -1 -1 0.0617 1093.5255 141.3453 1223.0000 362.4761 1.8359 0.6670 0.9582 5.0225 1.5125 6.4324 0.7246 4.8315
Car -1 -1 -1.6939 479.4097 165.1394 502.0200 182.0434 1.4516 1.5538 3.5085 -10.1238 0.1337 62.6124 -1.8542 0.0993
Cyclist -1 -1 1.7424 421.8818 166.5599 436.2640 193.6145 1.6710 0.6073 1.6536 -11.0703 0.8113 44.5106 1.4986 1.1803
Pedestrian -1 -1 0.0461 1041.2935 143.4755 1146.4031 319.7567 1.8621 0.6792 0.9484 5.4944 1.4727 8.0206 0.6467 3.7635
Pedestrian -1 -1 0.1635 796.3027 157.3143 884.7908 306.4160 1.7018 0.6688 0.9248 2.8144 1.4389 8.5755 0.4806 3.0924
Pedestrian -1 -1 1.7964 423.6873 165.6379 436.6500 193.0087 1.7071 0.6307 0.7971 -11.0027 0.7815 44.4962 1.5540 1.5295
Pedestrian -1 -1 0.1332 472.6342 172.9068 485.0821 198.9407 1.6019 0.6282 0.6832 -7.8211 1.1361 43.8304 -0.0434 -0.4221
