Car -1 -1 -1.6363 600.4010 172.9727 635.4224 203.4022 1.5128 1.5935 3.5122 0.6197 1.1400 36.9394 -1.6196 4.4546
Cyclist -1 -1 1.9423 255.7569 167.5974 337.8601 280.5350 1.6778 0.6200 1.7537 -4.9597 1.4877 11.3870 1.5316 8.3575
Pedestrian -1 -1 0.0066 1114.2723 134.9516 1223.0000 357.1849 1.8023 0.6699 0.9564 5.0973 1.4346 6.2915 0.6876 4.9391
Car -1 -1 0.8623 1092.5543 185.5569 1223.0000 235.0320 1.5358 1.6182 4.0245 19.0686 1.7266 24.4084 1.5255 4.1390
Cyclist -1 -1 -0.1945 803.2199 160.5673 965.1637 309.3965 1.6924 0.6025 1.7198 3.2498 1.4675 8.4790 0.1715 6.3384
Pedestrian -1 -1 0.1560 964.8777 156.7306 1088.1283 353.0455 1.6749 0.7293 0.8883 3.8802 1.4738 6.5910 0.6881 4.7862
Car -1 -1 -2.1458 953.4220 182.5264 1061.2781 228.9094 1.4665 1.5554 3.4999 13.6730 1.5428 24.3010 -1.6333 2.2851
Cyclist -1 -1 -0.0371 792.6498 170.1249 860.5594 235.0775 1.6864 0.5617 1.7037 5.8497 1.4186 18.8462 0.2639 1.4590
Pedestrian -1 -1 2.0246 164.2904 157.0921 206.5484 217.4240 1.6997 0.7575 0.8382 -12.1073 1.0418 20.3627 1.4881 4.6066
Car -1 -1 -0.4619 818.7686 162.9369 899.9275 190.5821 1.5299 1.6451 4.0277 14.4127 0.5593 40.1758 -0.1174 1.5005
Cyclist -1 -1 -0.0409 1068.6117 161.0203 1223.0000 334.5199 1.6820 0.5900 1.6835 5.9447 1.4948 7.5807 0.6242 1.1640
Pedestrian -1 -1 2.0735 132.1235 151.3041 176.8743 217.9166 1.8491 0.7109 0.9391 -12.8377 1.0402 20.1139 1.5054 3.9342
Car -1 -1 0.1069 452.6178 162.7183 498.5838 180.7644 1.5272 1.5937 3.7387 -11.0725 0.0236 60.7627 -0.0733 0.7974
Pedestrian -1 -1 -0.0614 1008.1163 144.1829 1120.8703 328.6049 1.7707 0.6564 0.9316 4.6532 1.4237 7.2966 0.5063 3.6348
Car -1 -1 1.6661 481.4694 165.7852 503.9248 183.4676 1.5279 1.6141 3.9384 -9.9702 0.2576 63.1034 1.5094 -0.3127
Pedestrian -1 -1 -0.1563 1061.6707 138.2265 1184.3947 320.1636 1.8822 0.7032 0.9970 5.6569 1.4466 7.8484 0.4683 3.2157
Pedestrian -1 -1 1.8167 423.8509 165.1958 437.3720 192.9884 1.7242 0.6332 0.8599 -10.9237 0.7761 44.2894 1.5749 0.5737
