Car -1 -1 -2.2351 1031.7861 185.8158 1156.2740 233.9364 1.4731 1.5777 3.5736 16.3370 1.6680 23.8784 -1.6351 10.1795
Cyclist -1 -1 1.3953 499.7101 168.3887 538.4151 242.3465 1.6899 0.6285 1.7280 -2.1335 1.4148 17.0688 1.2710 8.2173
Pedestrian -1 -1 0.6592 599.0640 153.6481 682.5377 288.0316 1.8263 0.6732 0.9974 0.4647 1.4630 10.1834 0.7048 7.7085
Car -1 -1 0.8851 1096.0638 185.5576 1223.0000 233.7374 1.5079 1.5982 3.8248 19.1206 1.6982 24.4576 1.5486 9.1409
Cyclist -1 -1 1.2409 548.2369 161.0141 594.7635 235.3892 1.8033 0.6149 1.8587 -0.9201 1.3324 18.1151 1.1902 6.6993
Pedestrian -1 -1 -0.0882 1021.3083 146.3107 1142.9723 340.1963 1.7669 0.6642 0.9311 4.5993 1.4570 6.9521 0.4963 5.9755
Car -1 -1 -1.5986 604.9393 175.7628 636.7806 204.8697 1.4475 1.5557 3.5256 0.7763 1.2134 36.9258 -1.5776 2.6852
Cyclist -1 -1 1.6882 482.3139 168.7976 499.0502 205.3488 1.7283 0.6049 1.7392 -5.5533 1.1764 34.3083 1.5277 3.7657
Pedestrian -1 -1 0.1035 963.1612 142.8160 1101.2070 369.0000 1.7948 0.6591 0.9261 3.5095 1.5109 5.8932 0.6406 5.7388
Car -1 -1 -2.0970 954.4727 184.1748 1065.9523 232.2569 1.4922 1.6498 3.6835 13.6241 1.6284 24.0704 -1.5820 2.4734
Cyclist -1 -1 1.8478 423.9955 164.2770 439.5186 188.4852 1.6871 0.6251 1.7180 -12.2730 0.5578 50.1415 1.6078 -0.1939
Pedestrian -1 -1 0.5877 640.7209 156.4813 712.7531 277.9358 1.7467 0.6867 0.8464 1.0392 1.4029 10.6970 0.6845 5.6393
Car -1 -1 -1.3075 458.5000 167.4330 497.7206 194.8799 1.6896 1.6184 3.5142 -8.0928 0.8866 45.3403 -1.4841 0.3090
Pedestrian -1 -1 0.1004 994.5708 151.9523 1119.3121 369.0000 1.7938 0.6653 0.8756 3.9658 1.5632 6.2822 0.6635 5.5085
Car -1 -1 2.0555 342.1034 165.0487 377.5254 181.1878 1.4745 1.5815 3.7641 -23.0178 0.0640 66.5729 1.7226 0.1427
Pedestrian -1 -1 0.4410 712.2375 152.1347 798.4613 293.0733 1.7373 0.6559 0.9119 1.9181 1.3893 9.2468 0.6455 4.9936
Car -1 -1 -1.4220 494.3946 164.4660 520.9046 183.0428 1.4650 1.5865 3.8907 -7.8955 0.2018 57.7084 -1.5580 -0.0188
Pedestrian -1 -1 0.4733 686.2806 157.5035 776.9563 314.0901 1.7266 0.7004 0.8234 1.4430 1.4747 8.3185 0.6451 4.7909
Car -1 -1 1.6164 462.2851 162.4488 483.4251 180.9909 1.5730 1.6480 3.9420 -11.5454 0.0428 62.0424 1.4324 -0.5789
Car -1 -1 -0.3769 816.7774 163.1685 893.7090 190.2952 1.4992 1.6067 3.7691 14.0912 0.5428 39.9457 -0.0378 -0.7672
