Car -1 -1 -2.2484 1035.1461 185.3765 1152.4651 233.2736 1.4744 1.5205 3.2751 16.2933 1.6517 23.7947 -1.6480 11.1858
Cyclist -1 -1 0.8854 636.2968 162.9554 750.8173 295.5259 1.7002 0.6143 1.7652 1.1553 1.4769 9.9716 1.0008 6.7095
Pedestrian -1 -1 2.0349 168.6915 154.1670 206.9185 212.9655 1.7805 0.6994 0.8814 -12.9262 0.9846 21.8689 1.5011 6.3361
Car -1 -1 0.9027 1097.0621 187.0619 1223.0000 233.8011 1.4611 1.5603 3.8228 19.1796 1.7082 24.5498 1.5659 8.4044
Cyclist -1 -1 0.5251 717.8994 151.5959 847.1944 281.9824 1.8553 0.6049 1.8854 2.6590 1.4457 10.9261 0.7638 5.8505
Pedestrian -1 -1 0.4766 841.1235 153.9606 944.4219 307.4598 1.7062 0.7060 0.9216 3.3765 1.4129 8.4336 0.8575 6.0430
Car -1 -1 -1.5951 603.5416 175.0445 634.5831 204.2336 1.4548 1.5314 3.2629 0.6851 1.1843 36.8708 -1.5765 5.0295
Cyclist -1 -1 1.7758 401.6854 165.5192 436.6854 229.7149 1.7190 0.6053 1.7694 -5.2246 1.3195 19.8280 1.5181 5.1326
Pedestrian -1 -1 0.5203 793.6055 151.3560 902.8302 321.7412 1.7890 0.6890 0.9543 2.6952 1.4847 8.0045 0.8451 5.6111
Car -1 -1 -1.2998 461.7445 170.5704 499.9132 196.1299 1.5788 1.5681 3.3859 -7.9374 0.9668 45.4305 -1.4727 0.7121
Cyclist -1 -1 0.9639 637.8808 167.5711 687.5009 225.7312 1.7347 0.6250 1.7931 1.7432 1.3506 22.0155 1.0429 2.1250
Pedestrian -1 -1 0.3359 957.4203 157.9795 1102.6264 360.9947 1.6642 0.7488 0.9334 3.7796 1.4813 6.3891 0.8701 5.4044
Car -1 -1 1.6923 480.1291 165.8386 503.9456 183.1967 1.4999 1.6250 4.0370 -10.0317 0.2342 63.1359 1.5347 0.4076
Cyclist -1 -1 -1.3350 422.0974 163.5546 436.7878 190.2665 1.7189 0.5516 1.7139 -11.5019 0.6298 46.3535 -1.5782 0.0703
Pedestrian -1 -1 0.2466 927.0067 156.6250 1042.6113 335.3208 1.7373 0.6842 0.9354 3.9417 1.5069 7.4364 0.7340 5.3797
Car -1 -1 -0.6969 624.3252 177.1378 747.0637 225.7187 1.4886 1.6069 3.9224 2.6778 1.3871 23.4104 -0.5830 -0.1994
Cyclist -1 -1 0.9000 726.4758 170.8686 760.4758 209.6497 1.7081 0.5591 1.7233 6.2400 1.2854 32.0305 1.0924 -0.1682
Pedestrian -1 -1 2.2298 0.0000 152.7605 48.4110 257.7556 1.7467 0.6537 0.8741 -10.3209 1.2869 12.2083 1.5279 3.1493
Car -1 -1 -1.6370 620.4512 174.0468 667.8295 213.4389 1.4898 1.6383 4.1811 1.5040 1.2472 28.8367 -1.5849 -0.3022
Pedestrian -1 -1 0.1367 470.6764 172.8592 483.2765 199.2313 1.6209 0.6127 0.6915 -7.9277 1.1527 43.7740 -0.0425 -0.2338
Car -1 -1 1.7588 461.6216 163.3963 488.6686 180.9627 1.4924 1.6245 3.9641 -11.3392 0.0405 62.0514 1.5780 -0.4282
Car -1 -1 -2.0619 803.1318 157.6896 860.6298 185.3709 1.5272 1.5928 3.7341 13.0769 0.2701 40.9846 -1.7530 -0.6401
