Car -1 -1 -2.1424 957.4628 182.3441 1065.1045 230.5403 1.5159 1.5562 3.4445 13.7121 1.5850 24.1307 -1.6257 8.4625
Cyclist -1 -1 1.2227 567.3250 161.5855 619.9348 242.6772 1.7910 0.6300 1.8598 -0.3339 1.3749 16.5919 1.2026 7.9317
Pedestrian -1 -1 0.7299 624.5346 155.2640 710.9199 291.9390 1.7809 0.7123 0.9631 0.8160 1.4537 9.8024 0.8130 7.6085
Car -1 -1 0.8626 1095.9680 186.5810 1223.0000 232.6458 1.4430 1.5465 3.6656 19.0955 1.6714 24.5031 1.5246 6.2097
Cyclist -1 -1 1.3818 512.7643 166.4685 554.9530 250.0896 1.7195 0.5924 1.7431 -1.6182 1.4326 15.4543 1.2774 6.4499
Pedestrian -1 -1 0.0585 1040.0537 134.0561 1199.1850 369.0000 1.7939 0.6779 0.9636 3.9771 1.4679 5.5503 0.6802 5.6015
Car -1 -1 -2.2248 1027.6437 187.6786 1152.3409 235.5816 1.4577 1.5932 3.6183 16.2252 1.7210 23.9182 -1.6288 4.7632
Cyclist -1 -1 1.7486 474.2205 167.3885 494.8710 207.0733 1.7456 0.6213 1.7637 -5.4550 1.1703 31.9795 1.5797 5.1225
Pedestrian -1 -1 0.6652 674.5193 154.8616 755.9376 281.7322 1.7386 0.7252 0.9162 1.5493 1.3889 10.2664 0.8150 5.2506
Car -1 -1 -1.5891 604.2924 173.2303 636.1115 202.8906 1.4769 1.5844 3.6565 0.7455 1.1163 37.0316 -1.5690 3.1294
Cyclist -1 -1 1.2971 557.6666 166.4894 583.7332 211.8981 1.7693 0.5818 1.7942 -1.4196 1.2249 28.4878 1.2473 2.5147
Pedestrian -1 -1 0.3128 716.3963 152.3154 823.7275 322.2920 1.7780 0.6869 1.0152 1.8087 1.4849 7.9456 0.5366 4.9946
Car -1 -1 1.7497 480.5472 165.9123 506.9672 183.1392 1.4849 1.6184 4.1346 -9.8575 0.2287 63.0278 1.5946 1.1471
Cyclist -1 -1 1.8771 421.2466 166.0557 437.1932 190.2344 1.6626 0.6066 1.6789 -12.2870 0.6707 49.4701 1.6336 0.2366
Pedestrian -1 -1 2.1524 97.7745 153.9865 154.2455 236.0661 1.7598 0.6519 0.8898 -10.5963 1.1929 15.6037 1.5559 4.9916
Car -1 -1 0.9621 1041.4326 184.6942 1223.0000 255.8104 1.4680 1.5832 3.7520 12.1976 1.5800 16.7063 1.5927 0.6231
Pedestrian -1 -1 0.3686 1063.4418 143.7232 1223.0000 369.0000 1.7958 0.6669 0.9141 4.4952 1.5151 5.9881 1.0125 4.5366
Car -1 -1 -0.4246 824.2576 163.6363 902.0980 191.1626 1.5187 1.6163 3.8026 14.5459 0.5897 39.9540 -0.0754 0.0433
Pedestrian -1 -1 0.4229 739.3900 138.7333 833.4947 296.3780 1.8656 0.6574 0.9670 2.2387 1.3730 8.9203 0.6688 2.7383
Car -1 -1 1.0440 895.1538 131.3638 984.8566 171.5168 1.4658 1.5790 3.7898 13.4335 -0.3873 28.6397 1.4826 0.0292
Car -1 -1 1.7104 460.8796 163.4942 485.7833 181.1803 1.5014 1.6107 3.9922 -11.4993 0.0590 62.0453 1.5272 -0.0629
Car -1 -1 1.9561 293.4436 159.9562 335.3587 181.0618 1.5970 1.6420 4.0572 -22.7514 0.0438 55.5258 1.5672 -0.7030
Car -1 -1 1.8718 345.4661 164.7690 374.1723 180.9294 1.4675 1.5392 3.5918 -22.8333 0.0402 66.0210 1.5388 -0.7892
