Car -1 -1 -2.2775 1034.3906 186.6848 1155.7000 233.7515 1.4346 1.5583 3.3135 16.2859 1.6589 23.7293 -1.6760 8.8737
Cyclist -1 -1 -0.5495 1033.6486 174.0951 1121.2867 245.1229 1.7196 0.5736 1.7562 11.5943 1.5661 17.4321 0.0374 5.5860
Pedestrian -1 -1 2.1439 68.8376 151.0964 121.8570 223.5884 1.8012 0.7017 0.9409 -13.0339 1.0722 18.0513 1.5185 4.8464
Car -1 -1 0.8785 1095.2101 185.5653 1223.0000 233.2414 1.4948 1.5902 3.8707 19.1652 1.6861 24.5363 1.5416 8.7441
Cyclist -1 -1 1.7664 347.1121 163.7124 358.5190 184.5889 1.6670 0.5561 1.6848 -20.4274 0.3277 57.3265 1.4241 0.8952
Pedestrian -1 -1 2.1137 106.3579 154.8338 156.4133 224.8148 1.7516 0.7018 0.9081 -12.1898 1.1108 18.1628 1.5226 2.9251
Car -1 -1 -2.1363 957.6805 182.1981 1066.5587 229.2918 1.4813 1.5590 3.5367 13.7571 1.5452 24.1687 -1.6188 8.6724
Pedestrian -1 -1 0.0089 180.0689 157.0728 203.3972 198.4304 1.7321 0.6391 0.8500 -17.6087 0.7524 30.0955 -0.5205 0.4144
Car -1 -1 -1.6360 601.9474 173.2657 637.1393 204.1812 1.5394 1.6084 3.4609 0.7060 1.1806 36.9670 -1.6169 5.3680
Pedestrian -1 -1 1.2551 22.9614 147.9089 56.2535 201.6345 1.6933 0.6274 0.7736 -18.2290 0.6677 22.7540 0.5797 0.1529
Car -1 -1 1.7830 460.0361 164.0181 499.6094 191.4029 1.6920 1.6822 4.1827 -8.0534 0.6750 45.8038 1.6090 2.0654
Pedestrian -1 -1 1.7702 423.4765 164.1497 437.2930 194.3089 1.7634 0.6587 0.7417 -10.3071 0.8088 41.7202 1.5280 -0.1727
Car -1 -1 1.6989 480.0953 166.5985 504.0214 183.7633 1.4840 1.6104 4.0370 -10.0345 0.2833 63.1654 1.5413 1.6927
Pedestrian -1 -1 0.9165 141.0398 154.9720 171.1475 198.2357 1.7324 0.6298 0.8778 -18.2792 0.7117 28.7541 0.3502 -0.3841
Car -1 -1 -1.1515 720.7355 174.1326 780.8952 206.2952 1.4326 1.5364 3.3732 6.8918 1.1504 33.3061 -0.9475 0.1675
Pedestrian -1 -1 1.5673 475.5974 170.6965 485.4279 197.0167 1.6196 0.5966 0.6477 -7.7302 1.0177 43.8733 1.3929 -0.6856
Pedestrian -1 -1 -0.5711 1041.3938 176.9417 1095.7703 243.6056 1.6091 0.6703 0.8988 11.3610 1.5248 17.4002 0.0074 -0.8119
