Car -1 -1 -2.2660 1037.9677 187.8765 1152.9055 235.6423 1.4584 1.5090 3.1217 16.2983 1.7243 23.7086 -1.6637 9.7405
Cyclist -1 -1 1.3333 483.1992 165.9682 519.4327 230.8358 1.7431 0.6009 1.7898 -2.9772 1.3542 19.9368 1.1851 6.7947
Pedestrian -1 -1 0.4512 835.7292 149.9779 976.3106 359.1530 1.7444 0.7543 0.9590 2.7068 1.4916 6.5006 0.8458 7.0118
Car -1 -1 -2.1312 961.7002 183.9883 1065.3311 231.2328 1.4833 1.5348 3.2894 13.7885 1.6120 24.1146 -1.6118 6.0941
Cyclist -1 -1 1.2764 514.0194 166.5962 551.2532 227.3301 1.7343 0.6151 1.7665 -2.2132 1.3388 21.1187 1.1720 5.6515
Pedestrian -1 -1 0.4552 620.8230 151.5044 713.6458 302.9620 1.7878 0.7109 0.9484 0.7380 1.4472 8.8892 0.5381 6.4702
Car -1 -1 0.9198 1094.0960 186.1391 1223.0000 233.7831 1.4973 1.6246 3.9096 19.1742 1.7111 24.6429 1.5811 3.4508
Cyclist -1 -1 0.2083 931.0880 151.1441 1104.8094 306.4146 1.7537 0.5784 1.7860 5.0419 1.4238 8.7914 0.7290 4.5772
Pedestrian -1 -1 0.8467 557.3659 150.3399 634.8606 280.9461 1.8709 0.7057 0.9739 -0.1879 1.4405 10.7205 0.8291 6.0698
Car -1 -1 -0.4364 820.7793 162.8057 899.6216 189.7785 1.4911 1.6297 3.8762 14.4201 0.5143 40.0683 -0.0910 2.0821
Cyclist -1 -1 1.5336 548.0470 169.7120 562.7831 208.4919 1.7434 0.6103 1.7842 -2.3205 1.2598 32.7005 1.4627 3.9019
Pedestrian -1 -1 -0.1811 1110.1867 139.4356 1223.0000 366.9591 1.8172 0.7059 0.9706 5.0149 1.4910 6.1847 0.5003 5.9668
Car -1 -1 -1.3224 458.5802 163.0568 498.6263 192.7956 1.8272 1.6748 3.6842 -8.0565 0.7568 45.3352 -1.4983 1.2746
Pedestrian -1 -1 0.4906 593.5776 154.5121 668.3570 274.0859 1.8076 0.7286 0.9591 0.3711 1.4164 11.2387 0.5236 5.8171
Car -1 -1 1.6786 478.8632 167.3387 501.3630 184.5352 1.4781 1.5631 3.8991 -10.1450 0.3480 62.7550 1.5183 0.9454
Pedestrian -1 -1 0.4187 650.4821 150.0603 733.8320 287.2532 1.8225 0.6649 0.9766 1.1784 1.4198 9.9230 0.5369 5.7422
Car -1 -1 2.7086 913.1110 187.0194 1160.1259 261.0278 1.4906 1.6401 4.3239 9.2187 1.6444 15.4606 3.2462 0.5500
Pedestrian -1 -1 0.4582 872.1800 151.8777 997.9854 342.5067 1.7427 0.6798 0.9315 3.2221 1.4828 7.0347 0.8877 5.2884
Pedestrian -1 -1 0.4087 905.5482 157.6661 1024.6225 333.8391 1.7577 0.7082 0.9449 3.8310 1.5316 7.6389 0.8736 4.8407
