Car -1 -1 -2.1094 964.9631 184.0448 1066.2621 232.6582 1.5203 1.5205 3.2215 13.7777 1.6502 23.9668 -1.5876 6.4554
Cyclist -1 -1 1.2130 527.5240 165.2236 570.6611 230.5400 1.7413 0.6071 1.7968 -1.6205 1.3356 19.7863 1.1313 7.2388
Pedestrian -1 -1 0.8472 573.7484 154.3195 651.9388 286.2560 1.8496 0.7027 0.9564 0.0626 1.4842 10.4982 0.8531 6.1926
Car -1 -1 0.8751 1096.8576 186.5355 1223.0000 234.4924 1.4956 1.5976 3.9214 19.2451 1.7235 24.5285 1.5404 6.4122
Cyclist -1 -1 1.3613 491.4275 165.5190 526.5622 234.1110 1.7179 0.5591 1.7495 -2.5835 1.3443 18.6212 1.2235 6.4284
Pedestrian -1 -1 0.3672 885.9295 137.3236 1029.7617 361.3566 1.7856 0.7030 0.9452 3.0412 1.4432 6.2159 0.8222 6.0046
Car -1 -1 -2.1628 1035.1350 184.9463 1161.0587 232.9684 1.4700 1.6128 3.8352 16.4856 1.6341 23.9217 -1.5594 4.8976
Cyclist -1 -1 0.0452 1018.9309 136.2865 1221.9067 310.2563 1.8120 0.5801 1.8402 5.8302 1.3532 8.1559 0.6658 4.2519
Pedestrian -1 -1 0.6457 609.0983 151.6469 688.6849 279.6473 1.8863 0.7285 1.0011 0.6354 1.4627 11.0160 0.7033 5.9632
Car -1 -1 -0.4132 818.3760 164.6687 895.9427 192.2128 1.5249 1.6185 3.8115 14.2515 0.6498 40.0825 -0.0715 2.2063
Cyclist -1 -1 1.4606 488.8737 170.2017 503.9794 203.6671 1.6974 0.5900 1.7010 -5.6656 1.1765 36.7559 1.3077 2.2168
Pedestrian -1 -1 0.3579 917.8404 150.5938 1049.9368 353.4832 1.7737 0.6975 0.9298 3.5601 1.5139 6.7551 0.8429 5.5913
Car -1 -1 1.3832 698.9357 175.6778 743.9257 206.7236 1.5246 1.6150 3.7610 5.9587 1.2892 36.6179 1.5445 0.6529
Cyclist -1 -1 1.6343 552.0937 168.3433 567.4900 207.8006 1.7086 0.5792 1.7137 -2.0226 1.1836 31.4683 1.5701 2.1590
Pedestrian -1 -1 0.5259 675.7367 145.6568 762.7857 290.5283 1.8555 0.6842 0.9557 1.5049 1.4109 9.6175 0.6811 5.5659
Car -1 -1 1.7669 460.9264 165.0696 488.5464 182.8416 1.5076 1.6250 4.0570 -11.3668 0.1998 62.0150 1.5856 0.5474
Cyclist -1 -1 1.5183 636.8939 170.5233 644.8103 188.9349 1.6901 0.6437 1.7307 3.3550 0.7754 65.7633 1.5692 -0.2608
Pedestrian -1 -1 0.5589 647.0859 149.3228 741.6444 308.6107 1.8228 0.7038 0.9146 1.0434 1.4677 8.6470 0.6790 5.1585
Car -1 -1 -0.9844 342.3084 164.7832 380.5140 180.7032 1.4635 1.5763 3.8205 -23.0275 0.0198 67.0421 -1.3152 0.5270
Pedestrian -1 -1 0.3212 947.7041 147.3202 1072.1632 332.7468 1.7683 0.6473 0.9643 4.1273 1.4535 7.3122 0.8350 5.1001
Car -1 -1 -1.3119 460.1924 163.9183 500.6198 192.2836 1.7465 1.6446 3.8024 -7.9668 0.7269 45.4935 -1.4853 0.2478
Car -1 -1 -2.0564 949.0895 157.1656 1017.1233 186.5518 1.5123 1.6197 3.8776 20.3925 0.3129 38.3231 -1.5674 -0.5293
