Car -1 -1 -2.2648 1034.4189 186.1810 1154.1299 232.4053 1.4172 1.5297 3.3327 16.3282 1.6241 23.8278 -1.6641 7.2734
Cyclist -1 -1 2.0814 46.1897 159.0550 215.2660 352.8970 1.7374 0.6341 1.8094 -4.8122 1.5469 7.2580 1.4960 8.8868
Pedestrian -1 -1 -0.0536 1081.2225 136.7007 1223.0000 367.4477 1.8074 0.6847 0.9764 4.6441 1.4661 6.0911 0.5978 5.7564
Car -1 -1 -2.1481 955.8276 183.3617 1067.6524 229.4511 1.4450 1.5959 3.6131 13.7811 1.5521 24.2427 -1.6312 5.7424
Cyclist -1 -1 -0.3768 926.4368 156.0480 1121.3763 320.9032 1.7887 0.6076 1.8279 4.6932 1.5251 8.1021 0.1483 5.8526
Pedestrian -1 -1 -0.0678 1108.3328 143.7060 1223.0000 352.7173 1.8055 0.6781 0.9483 5.2755 1.4893 6.6507 0.6028 5.4451
Car -1 -1 0.8523 1096.1400 187.9318 1223.0000 236.0364 1.4782 1.5994 3.8799 19.0834 1.7562 24.3131 1.5177 5.6239
Cyclist -1 -1 1.5865 642.7609 167.4272 650.9694 189.5464 1.7887 0.6464 1.8493 3.4618 0.7328 58.1185 1.6460 -0.7111
Pedestrian -1 -1 2.0954 110.5938 152.6646 153.5774 218.8741 1.7617 0.6696 0.7852 -12.8832 1.0227 19.2223 1.5049 4.0550
Car -1 -1 -1.5974 602.0011 174.1763 634.2581 203.8052 1.4747 1.5832 3.5327 0.6339 1.1614 36.9606 -1.5803 3.9968
Pedestrian -1 -1 -0.0693 961.9279 162.8545 1056.7227 315.8648 1.6438 0.7076 0.8905 4.5514 1.4559 8.1012 0.4425 2.6928
Car -1 -1 1.8803 458.0368 164.1955 503.9239 192.7554 1.7584 1.7026 4.2832 -7.9643 0.7559 45.7655 1.7080 3.8598
Pedestrian -1 -1 -1.2899 423.3077 163.9239 437.9269 193.3513 1.7757 0.6559 0.8516 -10.6306 0.7768 43.0970 -1.5317 -0.1692
Car -1 -1 2.8099 815.3738 158.7505 904.9394 191.1197 1.7892 1.7405 4.4364 14.3626 0.5884 39.9759 3.1549 0.5548
Pedestrian -1 -1 1.6343 652.1231 169.8969 661.6275 191.9475 1.5604 0.6382 0.6163 3.7033 0.8114 50.3776 1.7077 -0.7653
Pedestrian -1 -1 1.5905 476.0828 171.8157 486.0988 196.9747 1.5486 0.6011 0.6130 -7.6891 1.0154 43.8647 1.4170 -0.8076
