Car -1 -1 -2.1232 959.4820 181.2525 1066.2126 228.2981 1.4885 1.5565 3.4757 13.7951 1.5176 24.1845 -1.6048 6.5953
Cyclist -1 -1 1.9341 214.3109 158.4228 308.4814 294.7914 1.7860 0.6057 1.8493 -4.9447 1.4985 10.2028 1.4828 7.0586
Pedestrian -1 -1 2.0863 126.8420 153.0005 170.0474 218.5590 1.8023 0.6883 0.8587 -12.8622 1.0479 19.8818 1.5121 5.8007
Car -1 -1 -2.2306 1029.6893 185.2864 1153.4013 232.8938 1.4673 1.5874 3.5745 16.3292 1.6436 23.9878 -1.6330 6.1523
Cyclist -1 -1 -0.2086 830.8634 158.8774 999.9935 311.0611 1.7042 0.6003 1.7459 3.5747 1.4637 8.3762 0.1948 5.3945
Pedestrian -1 -1 -0.1363 1004.4379 139.7504 1141.2462 352.0237 1.7774 0.6837 0.9466 4.1534 1.4379 6.4254 0.4376 5.4439
Car -1 -1 -1.6019 603.0909 175.7638 635.4717 204.5056 1.4299 1.5742 3.4534 0.6937 1.1957 36.9058 -1.5831 5.3182
Cyclist -1 -1 -0.1682 816.5598 171.2344 892.9485 238.8286 1.7273 0.6677 1.8009 6.4894 1.4921 18.5428 0.1684 1.2811
Pedestrian -1 -1 2.0511 158.0774 156.4393 199.9508 220.0650 1.7651 0.6904 0.8821 -12.1163 1.0992 20.0713 1.5080 5.0389
Car -1 -1 0.9588 1101.4137 186.5381 1223.0000 234.8919 1.5185 1.5743 3.5644 19.1325 1.7446 24.4738 1.6223 3.2090
Pedestrian -1 -1 -0.3408 1122.4567 139.9882 1223.0000 359.4111 1.7727 0.6669 0.9531 5.1596 1.4471 6.1852 0.3544 4.7578
Car -1 -1 -0.2974 745.3538 160.8018 810.0801 183.1580 1.4723 1.5985 3.9239 11.5672 0.1764 47.4705 -0.0584 1.1278
Pedestrian -1 -1 0.2146 1033.0091 128.4510 1161.8360 334.9552 1.9059 0.6418 0.9474 4.8754 1.4272 7.0855 0.8173 3.8546
Car -1 -1 1.9343 325.1533 166.2638 356.6337 181.9233 1.4782 1.5971 3.8642 -25.5826 0.1355 68.6750 1.5777 -0.4320
Pedestrian -1 -1 0.2264 842.2431 148.4468 935.4948 307.0764 1.7781 0.6509 0.9138 3.3446 1.4205 8.4475 0.6034 2.2642
Car -1 -1 -1.3348 459.7125 163.1586 499.6790 192.9523 1.8306 1.6913 3.7748 -7.9918 0.7665 45.3739 -1.5092 -0.7680
Pedestrian -1 -1 1.7883 424.9739 166.4167 437.6077 193.8637 1.6937 0.6329 0.6765 -10.8042 0.8260 43.9702 1.5473 1.1259
