Car -1 -1 -2.2493 1034.4486 186.1249 1155.1366 233.1646 1.4397 1.5550 3.3738 16.3181 1.6445 23.7938 -1.6482 10.9944
Cyclist -1 -1 1.1534 614.7263 166.3204 678.9084 258.3732 1.6887 0.6014 1.7255 0.7470 1.4302 13.8790 1.2071 7.2022
Pedestrian -1 -1 0.5230 803.4604 151.7573 923.7519 334.0972 1.7375 0.7036 0.9463 2.6172 1.4653 7.3209 0.8663 5.9905
Car -1 -1 0.8811 1098.2874 185.7235 1223.0000 233.3204 1.4917 1.5765 3.7922 19.2059 1.6883 24.4887 1.5461 8.9760
Cyclist -1 -1 1.1561 549.1596 165.8862 619.4768 264.2745 1.6579 0.6331 1.7014 -0.4500 1.4133 12.8127 1.1210 6.7833
Pedestrian -1 -1 0.6207 725.5355 158.6029 813.2185 289.4231 1.6607 0.7038 0.9150 2.1658 1.3844 9.5465 0.8437 5.5644
Car -1 -1 -2.1267 960.0646 175.9642 1070.1495 229.3340 1.6838 1.6195 3.5142 13.8101 1.5422 24.0866 -1.6061 8.0626
Cyclist -1 -1 1.7232 452.5966 169.0584 477.1721 214.5802 1.6843 0.6663 1.7562 -5.3708 1.2625 27.0478 1.5272 5.7752
Pedestrian -1 -1 0.6849 686.7565 160.3675 776.7550 302.2960 1.7151 0.6879 0.9118 1.5777 1.4735 9.1089 0.8564 5.2049
Car -1 -1 -1.6457 600.9097 176.3859 635.6729 205.3382 1.4412 1.5537 3.4548 0.6411 1.2378 36.9601 -1.6284 3.0529
Cyclist -1 -1 1.5144 584.0828 169.2433 604.1197 216.6555 1.6664 0.6305 1.6750 -0.4349 1.2723 25.7042 1.4975 3.4077
Pedestrian -1 -1 2.0262 191.8581 153.4331 228.4538 210.9630 1.8661 0.7337 0.9101 -13.0904 0.9897 23.4042 1.5163 5.1358
Car -1 -1 -3.7313 984.7101 184.5948 1223.0000 258.5002 1.5058 1.6466 4.3533 10.8466 1.6016 15.3748 -3.1169 2.0369
Cyclist -1 -1 -0.2677 417.7208 165.4286 445.3054 191.0841 1.7343 0.5626 1.7505 -11.8866 0.7168 48.4637 -0.5082 0.6650
Pedestrian -1 -1 0.3086 798.2832 148.4556 897.2601 313.9857 1.8243 0.6857 0.9435 2.8166 1.4728 8.3432 0.6342 4.4300
Car -1 -1 -1.1434 342.3776 162.1367 377.5545 179.2823 1.5189 1.6147 3.8194 -22.4211 -0.1140 64.8913 -1.4761 0.1316
Cyclist -1 -1 -2.4379 0.0000 158.3865 68.6666 214.2312 1.6075 0.5098 1.6425 -16.6855 0.9725 20.6217 -3.1182 -0.7273
Pedestrian -1 -1 2.1844 50.2980 152.0729 115.5476 242.5607 1.7715 0.6675 0.8980 -10.5789 1.2166 14.2939 1.5473 4.1127
Pedestrian -1 -1 2.0047 224.1208 153.6696 256.2515 210.0861 1.8532 0.7001 0.7610 -12.2087 0.9734 23.6164 1.5276 0.3238
Pedestrian -1 -1 1.8102 424.3208 163.4408 436.2413 188.8104 1.7192 0.6408 0.7101 -11.9229 0.5645 48.2657 1.5680 -0.5291
