Car -1 -1 -2.2604 1033.3572 185.8266 1154.7052 232.9018 1.4418 1.5583 3.3732 16.2929 1.6357 23.7942 -1.6600 10.7701
Cyclist -1 -1 -1.1522 254.0120 161.9632 288.1111 205.7988 1.7016 0.5882 1.7211 -13.3753 0.9836 28.3087 -1.5936 2.1361
Pedestrian -1 -1 0.4661 810.6289 146.6175 920.4904 314.5084 1.8106 0.7255 0.9794 2.9749 1.4469 8.2252 0.8131 6.6812
Car -1 -1 -2.1300 957.2943 183.2024 1068.1888 230.0353 1.4598 1.5856 3.6057 13.7210 1.5604 24.0791 -1.6120 8.9804
Cyclist -1 -1 -2.3410 0.0000 170.6840 68.5208 338.4889 1.7278 0.5891 1.7680 -6.9210 1.6284 7.6251 -3.0780 0.5121
Pedestrian -1 -1 0.7313 682.4472 157.6679 770.7522 298.1587 1.7638 0.6680 0.9636 1.5686 1.4789 9.4567 0.8957 6.3752
Car -1 -1 0.9035 1095.8318 186.4788 1223.0000 233.5167 1.4708 1.5730 3.8739 19.1481 1.6962 24.5365 1.5662 8.6576
Cyclist -1 -1 1.7464 525.3453 166.2914 545.0547 205.9086 1.7123 0.5827 1.7234 -3.1117 1.0996 31.4353 1.6477 0.3610
Pedestrian -1 -1 0.8193 475.6887 154.6434 554.4045 280.4239 1.7984 0.6965 0.9821 -1.4090 1.4304 10.6854 0.6882 6.3316
Car -1 -1 -1.6101 601.0315 175.2901 633.5371 204.1817 1.4408 1.5573 3.4471 0.5913 1.1824 36.9967 -1.5942 3.3058
Pedestrian -1 -1 1.0206 449.5497 159.0637 513.9658 266.7245 1.7951 0.7187 0.9501 -2.2080 1.4393 12.3778 0.8441 6.0491
Car -1 -1 -0.5970 985.3736 185.3013 1223.0000 258.2415 1.4927 1.6547 4.4055 10.9275 1.6051 15.4469 0.0186 0.6211
Pedestrian -1 -1 0.7888 598.2366 152.6370 698.8386 314.6618 1.8027 0.7284 0.9718 0.4636 1.4944 8.4667 0.8435 5.8054
Car -1 -1 1.9011 320.1653 162.6165 353.0474 179.8499 1.4841 1.5849 3.8254 -23.8378 -0.0585 62.9675 1.5392 0.2187
Pedestrian -1 -1 0.7736 638.5430 159.0647 729.8884 310.0007 1.7985 0.7063 0.9248 0.9519 1.5448 9.0015 0.8789 5.6581
Car -1 -1 -1.5071 620.6153 179.7859 666.2596 218.7161 1.4620 1.6003 3.8142 1.5863 1.4367 28.5369 -1.4515 -0.6758
Pedestrian -1 -1 0.7343 532.7624 157.4431 603.7513 269.8644 1.7818 0.7085 0.9510 -0.6585 1.4180 11.7756 0.6785 5.3375
Pedestrian -1 -1 0.6155 843.7415 152.8905 942.3951 306.4465 1.7658 0.6615 0.9072 3.4777 1.4500 8.6860 0.9963 4.8040
Pedestrian -1 -1 2.0526 228.3302 158.3145 263.7087 219.4129 1.7630 0.6475 0.7661 -10.5785 1.1244 20.7833 1.5818 3.6890
