Car -1 -1 -2.2780 1027.2805 186.0723 1156.1796 232.8733 1.4283 1.5858 3.6571 16.2901 1.6335 23.9307 -1.6803 7.8515
Cyclist -1 -1 1.8809 316.1830 163.3057 377.2642 257.3544 1.7235 0.6109 1.7887 -5.0673 1.4100 13.8581 1.5304 6.7824
Pedestrian -1 -1 -0.1237 1056.6362 133.9418 1198.6363 349.4204 1.8580 0.6964 0.9871 4.8014 1.4582 6.6345 0.5028 6.2396
Car -1 -1 -1.6001 601.4655 173.5923 635.3028 204.9230 1.5575 1.6509 3.8961 0.6438 1.2155 37.1009 -1.5827 3.6946
Cyclist -1 -1 0.2032 733.3522 152.4453 893.5106 309.7187 1.7768 0.5754 1.8040 2.4855 1.4615 8.6565 0.4828 6.6620
Pedestrian -1 -1 0.3645 910.8416 151.9583 1037.1013 340.7879 1.7344 0.7165 0.9282 3.6333 1.4739 7.0738 0.8390 5.7125
Car -1 -1 -2.1536 961.4017 184.4661 1068.8775 232.5279 1.4982 1.5739 3.3313 13.7888 1.6441 24.0277 -1.6326 3.2900
Cyclist -1 -1 0.4170 737.1236 171.1862 803.6131 234.0849 1.6799 0.5405 1.7239 4.5390 1.4327 19.6123 0.6444 3.7544
Pedestrian -1 -1 -0.0697 1122.0479 136.8777 1223.0000 369.0000 1.8218 0.6799 0.9567 4.6355 1.5125 5.5903 0.6226 5.7010
Car -1 -1 1.6765 480.1749 166.3035 502.8128 183.3907 1.4694 1.5747 4.0098 -10.0351 0.2498 62.8413 1.5181 1.6639
Cyclist -1 -1 1.5850 424.8922 165.4335 435.9238 193.1654 1.7243 0.6574 1.7439 -11.0787 0.7889 44.8813 1.3430 1.6714
Pedestrian -1 -1 0.1429 959.0132 147.6100 1066.0975 327.8739 1.7986 0.6749 0.9131 4.3298 1.4721 7.5962 0.6610 4.7764
Car -1 -1 1.0771 933.7031 185.1394 1103.7024 259.5879 1.4920 1.6288 4.1129 9.3673 1.6155 16.4973 1.5936 0.8694
Cyclist -1 -1 0.1394 923.5181 152.7929 1091.3494 305.3286 1.7045 0.5890 1.7224 4.8436 1.3965 8.6512 0.6498 1.0410
Pedestrian -1 -1 1.8872 144.1991 154.0825 182.7083 215.9312 1.7579 0.7133 0.8868 -12.8921 1.0086 20.6078 1.3282 4.6636
Car -1 -1 -1.5993 586.8198 170.0737 630.6285 212.3457 1.5949 1.6481 4.0267 0.0664 1.2030 28.7060 -1.5969 0.0848
Pedestrian -1 -1 1.8681 178.5144 157.1273 212.7022 217.1889 1.7331 0.6604 0.8330 -12.1133 1.0603 20.8780 1.3424 4.2370
Car -1 -1 -1.6322 619.3261 174.5274 665.8936 213.4018 1.4725 1.6265 4.2200 1.4452 1.2478 28.8962 -1.5822 -0.0040
Pedestrian -1 -1 1.8134 423.2307 164.9782 436.8312 191.9887 1.7019 0.6775 0.7583 -11.1169 0.7252 44.9248 1.5708 2.6656
