Car -1 -1 -2.2573 1034.2373 186.6469 1156.6296 234.3906 1.4579 1.5657 3.4151 16.3461 1.6818 23.8075 -1.6557 11.1696
Cyclist -1 -1 1.2057 584.6021 164.8031 639.1358 247.6487 1.7111 0.6019 1.7575 0.0830 1.3885 15.5272 1.2110 7.8655
Pedestrian -1 -1 0.5929 646.4753 148.3170 735.0100 292.8674 1.8256 0.6938 0.9573 1.1015 1.4208 9.4994 0.7084 6.9874
Car -1 -1 -2.1257 954.6914 182.4572 1064.7210 229.7425 1.4881 1.5834 3.6323 13.7127 1.5618 24.2449 -1.6110 7.6614
Cyclist -1 -1 1.2175 520.1361 164.6991 579.0026 253.4629 1.6900 0.6181 1.7500 -1.1971 1.3908 14.3802 1.1344 6.2543
Pedestrian -1 -1 0.3809 750.4073 142.2572 860.4289 324.1064 1.8386 0.6963 0.9678 2.1362 1.4536 7.7138 0.6510 6.0501
Car -1 -1 0.9251 1095.0200 187.6804 1223.0000 238.0956 1.5694 1.6204 3.9892 19.1842 1.8411 24.5850 1.5877 2.4083
Cyclist -1 -1 1.3772 565.1848 168.6540 588.4118 214.1512 1.7082 0.5743 1.7336 -1.1327 1.2650 27.4511 1.3360 5.2518
Pedestrian -1 -1 0.5314 689.0399 150.7139 773.6422 285.4385 1.7964 0.7235 0.9429 1.7392 1.4009 10.0035 0.7036 5.9049
Car -1 -1 -1.6026 602.7055 173.8543 635.3972 203.2383 1.4594 1.5820 3.7388 0.6799 1.1308 36.9916 -1.5842 1.1144
Cyclist -1 -1 1.6905 467.6898 169.7549 486.9620 211.7472 1.7408 0.6071 1.7609 -5.4638 1.2969 30.2034 1.5116 4.9113
Pedestrian -1 -1 0.2027 767.8865 150.9556 858.6161 303.7846 1.7655 0.6653 0.9571 2.5136 1.4259 8.6804 0.4845 5.3992
Car -1 -1 1.8653 1182.5638 153.0958 1223.0000 189.7900 1.5253 1.5842 3.9110 27.1637 0.3877 31.0936 2.5834 0.8504
Cyclist -1 -1 1.4905 635.6378 169.1664 644.1988 188.2088 1.7466 0.6533 1.7727 3.2668 0.7082 65.7446 1.5401 -0.3847
Pedestrian -1 -1 1.9882 202.8935 154.8395 236.0866 209.3006 1.8228 0.7155 0.8415 -13.1661 0.9655 24.1084 1.4884 5.0169
Car -1 -1 1.9406 317.3042 162.6746 350.2168 179.8448 1.4722 1.5339 3.5698 -23.9328 -0.0585 62.5437 1.5751 0.1955
Pedestrian -1 -1 -0.0474 1105.3269 124.5465 1223.0000 369.0000 1.8393 0.6894 0.9301 4.2491 1.4681 5.2608 0.6320 4.6929
Car -1 -1 -1.6237 565.8558 167.4375 611.6068 209.5981 1.6093 1.6517 4.0611 -0.7551 1.1122 29.0729 -1.6497 -0.2463
Pedestrian -1 -1 2.1580 85.2977 155.1317 142.1293 239.7939 1.7597 0.6570 0.8153 -10.5237 1.2341 15.1057 1.5495 3.5728
Car -1 -1 -1.5303 1185.8935 179.6269 1223.0000 369.0000 1.5671 1.6180 3.6985 6.1049 1.5640 5.7467 -0.7147 -0.6622
Pedestrian -1 -1 -0.0495 1125.8475 156.5787 1223.0000 369.0000 1.7294 0.6402 0.8442 4.6657 1.5557 5.6877 0.6375 2.2385
Car -1 -1 -0.4287 453.2380 165.6033 500.9460 183.1178 1.4716 1.6017 3.7317 -11.0259 0.2212 61.1247 -0.6071 -0.7467
