Car -1 -1 -2.2770 1033.8058 187.9060 1154.5899 233.2541 1.3778 1.5485 3.3161 16.2882 1.6466 23.7729 -1.6763 10.7907
Cyclist -1 -1 1.2023 589.1843 164.5284 646.0698 250.3307 1.7285 0.6137 1.7777 0.2012 1.4084 15.1787 1.2155 7.4374
Pedestrian -1 -1 0.7368 656.7879 153.6402 750.7479 294.1597 1.7520 0.7700 0.9774 1.2618 1.4188 9.4324 0.8698 6.2167
Car -1 -1 -2.1274 961.0520 182.2828 1066.4632 228.8395 1.4664 1.5662 3.3464 13.7816 1.5330 24.0960 -1.6079 8.0684
Cyclist -1 -1 1.2326 526.0328 168.0765 583.6116 256.1573 1.6432 0.6139 1.6769 -1.0677 1.4131 14.0767 1.1569 7.0149
Pedestrian -1 -1 0.3699 765.5511 155.1691 872.1567 330.0712 1.7620 0.6703 0.9295 2.2686 1.5085 7.6673 0.6576 5.8778
Car -1 -1 -2.2525 1101.6728 184.4972 1223.0000 233.7092 1.5517 1.6013 3.6878 19.2624 1.7019 24.4444 -1.5851 2.7097
Cyclist -1 -1 1.2613 565.9306 168.6790 594.8330 214.1631 1.6781 0.6131 1.6895 -0.9791 1.2435 26.9792 1.2250 6.0720
Pedestrian -1 -1 0.6976 697.1875 148.0285 785.9662 282.3359 1.7667 0.7483 0.9664 1.8584 1.3412 9.9065 0.8830 5.6262
Car -1 -1 -1.6164 605.0887 174.6923 638.6709 204.5444 1.4927 1.5893 3.7415 0.8331 1.2037 37.2388 -1.5940 0.1437
Cyclist -1 -1 1.6704 466.9574 167.8416 486.1323 211.1244 1.7502 0.6158 1.7846 -5.3702 1.2399 29.5004 1.4903 5.0592
Pedestrian -1 -1 2.0228 199.0366 156.4891 232.5054 210.3294 1.7889 0.6654 0.9079 -13.2095 0.9926 23.9576 1.5189 4.6626
Cyclist -1 -1 -2.3794 0.0000 173.8693 57.9229 335.0668 1.6657 0.5477 1.6956 -6.9797 1.5988 7.5906 -3.1229 0.2828
Pedestrian -1 -1 2.1673 78.3895 150.4503 136.5715 237.5764 1.7873 0.6558 0.8241 -10.5239 1.1725 14.9170 1.5529 3.6427
Pedestrian -1 -1 -0.6361 1108.8220 144.6001 1223.0000 369.0000 1.7462 0.6550 0.9203 4.3022 1.5049 5.1359 0.0612 3.1725
Pedestrian -1 -1 1.8053 423.5359 164.3558 434.9183 189.1146 1.7011 0.6269 0.6681 -12.1545 0.5932 48.9100 1.5617 -0.3686
