Car -1 -1 -2.2498 1036.0186 188.2056 1153.4944 232.9666 1.3606 1.5253 3.2603 16.2958 1.6394 23.7514 -1.6484 11.5643
Cyclist -1 -1 1.7421 471.3761 169.4310 493.4615 213.2802 1.6984 0.5910 1.6980 -4.9056 1.2712 28.2298 1.5700 4.3634
Pedestrian -1 -1 0.9271 501.4093 159.3619 583.9528 284.3945 1.7203 0.7862 0.9540 -0.9641 1.4311 10.3404 0.8341 6.9361
Car -1 -1 0.8767 1094.1978 185.4525 1223.0000 233.8753 1.5173 1.5889 3.9042 19.1373 1.7045 24.5296 1.5393 8.8595
Cyclist -1 -1 1.0429 717.8308 156.5394 790.6088 249.7997 1.7401 0.6130 1.7557 2.9006 1.2947 14.1173 1.2455 2.9259
Pedestrian -1 -1 0.4100 853.7322 148.6894 970.0046 324.8831 1.8062 0.7270 0.9773 3.3494 1.4818 7.8480 0.8133 6.6261
Car -1 -1 -2.1380 961.5131 184.8120 1065.2185 229.6702 1.3989 1.5095 3.2929 13.7446 1.5573 24.0474 -1.6188 8.2559
Cyclist -1 -1 1.5491 522.6702 163.9393 539.3187 208.5329 1.7901 0.6431 1.8287 -3.1025 1.1268 29.3257 1.4437 0.9475
Pedestrian -1 -1 0.9821 464.2546 161.1837 533.4596 272.1743 1.7986 0.7490 0.9791 -1.8623 1.4872 12.0668 0.8290 6.0237
Car -1 -1 -1.5596 605.9144 173.9273 637.4670 203.2540 1.4673 1.5795 3.6569 0.8846 1.1399 37.2249 -1.5358 4.1569
Cyclist -1 -1 1.7388 514.4517 167.3553 527.5759 193.1283 1.7208 0.6057 1.7419 -5.7029 0.8445 48.0891 1.6207 0.5023
Pedestrian -1 -1 0.6778 682.0191 154.0213 775.8645 313.0052 1.8069 0.6666 0.9052 1.4496 1.5076 8.5904 0.8450 5.8731
Car -1 -1 1.7056 479.4791 166.5233 503.4599 183.6479 1.4741 1.5823 4.0176 -10.0424 0.2722 62.8838 1.5473 0.9130
Cyclist -1 -1 1.4603 634.5747 169.0979 644.1877 188.9295 1.8173 0.6947 1.8156 3.2145 0.7736 65.7129 1.5092 -0.7704
Pedestrian -1 -1 0.7146 639.4224 154.0725 745.0687 318.4865 1.7540 0.7613 0.9381 0.9486 1.4738 8.1411 0.8306 5.8546
Car -1 -1 -0.4194 819.4617 163.4841 896.6331 190.0572 1.4693 1.6061 3.7873 14.2859 0.5298 40.0354 -0.0767 0.8337
Pedestrian -1 -1 0.8712 556.6217 153.8183 628.5629 266.6871 1.7264 0.7225 0.9415 -0.2516 1.3199 11.4016 0.8491 5.5069
Car -1 -1 1.7369 475.4281 153.3423 507.6401 175.6162 1.4690 1.6145 3.8160 -7.8786 -0.3531 49.3824 1.5787 -0.3216
Pedestrian -1 -1 0.4019 889.1910 151.0362 992.7184 311.4035 1.7457 0.6847 0.8973 3.8670 1.4267 8.2544 0.8400 5.2625
Car -1 -1 1.6152 463.5028 161.9924 493.4155 190.8218 1.7784 1.7210 4.3616 -8.1656 0.6381 45.8848 1.4390 -0.6956
Pedestrian -1 -1 0.6075 715.1608 152.2133 809.5409 298.6690 1.7589 0.7088 0.9481 1.9651 1.4209 9.0752 0.8207 4.9909
