Car -1 -1 0.8835 1096.8103 185.2920 1223.0000 233.2508 1.5038 1.5809 3.8171 19.1517 1.6843 24.4763 1.5474 9.4864
Cyclist -1 -1 1.3633 469.1480 166.6511 499.7998 223.4094 1.7471 0.6145 1.7651 -3.9154 1.3224 22.6925 1.1924 6.5924
Pedestrian -1 -1 0.5652 755.7226 148.2703 879.2144 343.9051 1.8081 0.7136 0.9603 2.0808 1.5120 7.1260 0.8493 6.8474
Car -1 -1 -2.2502 1031.8162 185.2317 1156.1236 233.6215 1.4858 1.5899 3.5066 16.3329 1.6592 23.8691 -1.6501 8.8556
Cyclist -1 -1 1.6031 510.8975 166.1089 530.1468 218.2952 1.7161 0.6001 1.7508 -2.9022 1.2444 24.1446 1.4835 4.8307
Pedestrian -1 -1 0.5242 572.0805 154.2331 660.5119 297.2717 1.7892 0.7375 0.9325 0.1069 1.4623 9.3941 0.5355 6.2576
Car -1 -1 -2.1321 956.8306 182.2235 1068.7793 228.7085 1.4558 1.5686 3.7016 13.7652 1.5208 24.1606 -1.6142 8.0776
Cyclist -1 -1 1.0717 831.3998 146.5220 930.0871 277.4827 1.8009 0.5764 1.8108 4.0504 1.3353 10.6539 1.4350 2.2965
Pedestrian -1 -1 0.6125 516.1904 154.0551 590.7337 273.5050 1.8060 0.6887 0.9596 -0.8618 1.4078 11.2260 0.5359 6.2389
Car -1 -1 1.2392 813.3108 153.7499 860.9412 180.3212 1.4667 1.5411 3.5253 13.3378 -0.0094 40.8237 1.5550 1.4838
Cyclist -1 -1 -2.3175 0.0000 174.6695 67.6108 339.9317 1.7035 0.5647 1.7499 -6.9138 1.6451 7.6421 -3.0529 0.8493
Pedestrian -1 -1 0.4828 820.9991 150.2074 929.8211 314.6681 1.7671 0.7105 0.9580 3.0735 1.4433 8.1859 0.8420 5.6033
Car -1 -1 1.8225 459.8928 164.9211 502.3484 194.6892 1.8342 1.7140 4.1969 -7.9517 0.8756 45.7207 1.6503 0.6905
Cyclist -1 -1 1.7068 502.9252 166.3307 517.1821 195.8055 1.7237 0.6165 1.7336 -5.6659 0.8965 42.2114 1.5734 0.5096
Pedestrian -1 -1 0.7486 614.6889 151.6929 696.3782 281.5041 1.8183 0.7511 0.9542 0.6991 1.4164 10.5035 0.8151 4.8816
Car -1 -1 1.8956 473.4109 155.3984 514.8271 178.3219 1.5208 1.6457 4.0867 -7.6995 -0.1578 49.4665 1.7412 -0.2338
Pedestrian -1 -1 0.5538 792.2613 156.9010 905.8566 334.3291 1.7652 0.7106 0.9211 2.5680 1.5321 7.6108 0.8792 4.8444
Car -1 -1 -1.9876 861.4105 180.6674 1070.7616 289.0679 1.4643 1.5874 3.6993 5.5149 1.4691 11.4265 -1.5380 -0.8446
Pedestrian -1 -1 0.7087 556.4308 158.9788 626.0320 272.7226 1.8053 0.6755 0.9478 -0.2765 1.4654 11.7783 0.6853 4.4253
