Car -1 -1 -2.1038 963.0436 183.3554 1064.5023 231.2664 1.5061 1.5465 3.2334 13.7582 1.6114 24.0423 -1.5840 7.4597
Cyclist -1 -1 1.8588 328.0721 164.2446 385.2030 256.0977 1.7588 0.6100 1.8343 -5.0867 1.4491 14.4645 1.5207 7.5816
Pedestrian -1 -1 0.1900 1097.2730 136.2525 1223.0000 369.0000 1.7571 0.7092 0.9607 4.6073 1.4381 5.7163 0.8684 5.9351
Car -1 -1 -2.2464 1027.9620 186.5912 1154.6860 234.3796 1.4562 1.5861 3.6435 16.2535 1.6798 23.8967 -1.6491 5.6583
Cyclist -1 -1 0.3206 726.0915 153.6430 880.4265 301.5056 1.6705 0.6158 1.7270 2.3725 1.3688 8.7175 0.5864 4.5677
Pedestrian -1 -1 0.4513 898.9747 148.6855 1029.4234 332.4094 1.7037 0.7131 0.9638 3.5692 1.4104 7.1511 0.9142 5.1410
Car -1 -1 -1.6067 603.4823 173.4839 636.9503 203.8399 1.5095 1.6104 3.6601 0.7409 1.1620 36.9957 -1.5867 3.9925
Cyclist -1 -1 0.2240 892.6755 148.1854 1067.6753 304.6129 1.7657 0.6515 1.8308 4.5893 1.4026 8.8166 0.7040 2.8704
Pedestrian -1 -1 2.0577 146.4793 153.8365 185.5777 215.3200 1.7635 0.6464 0.8639 -12.8933 1.0003 20.7284 1.5012 5.0764
Car -1 -1 0.8860 1095.9536 186.9647 1223.0000 237.7549 1.5880 1.6323 4.0456 19.3480 1.8336 24.6578 1.5513 1.6022
Cyclist -1 -1 1.8311 422.1340 165.0513 439.0773 192.0586 1.6913 0.6341 1.7068 -11.1247 0.7252 45.1319 1.5894 0.3589
Pedestrian -1 -1 0.3754 943.2739 156.6694 1060.0506 328.8155 1.7218 0.7021 0.9088 4.2283 1.4851 7.6407 0.8808 4.8851
Car -1 -1 1.6366 463.2531 164.1334 494.5724 192.1772 1.7296 1.7171 4.3968 -8.1333 0.7216 45.8820 1.4612 1.5056
Cyclist -1 -1 1.7530 397.8392 169.0638 410.3678 190.8529 1.6883 0.6429 1.7588 -15.8039 0.8034 55.6865 1.4765 -0.6538
Pedestrian -1 -1 2.0243 178.7494 157.8781 218.0099 217.6137 1.7386 0.7196 0.8363 -12.1100 1.0818 21.0160 1.5015 4.5876
Car -1 -1 -0.4097 822.1746 165.2249 899.7915 193.6372 1.5741 1.6396 3.7998 14.4749 0.7292 40.1049 -0.0633 1.4707
Pedestrian -1 -1 0.2365 1042.4883 148.5153 1182.1119 351.5973 1.7605 0.6874 0.9445 4.7506 1.4849 6.7062 0.8528 4.2366
Car -1 -1 -0.8486 339.3265 162.6765 383.7030 180.0222 1.4716 1.5945 3.7721 -21.3368 -0.0422 62.1443 -1.1793 0.6503
Pedestrian -1 -1 1.7804 423.4826 166.0368 437.0170 192.1964 1.6501 0.6773 0.8431 -11.1276 0.7391 45.0269 1.5381 0.6135
Car -1 -1 -1.0218 718.6774 171.7674 788.9802 205.3652 1.5149 1.5831 3.7097 7.1321 1.1226 33.7667 -0.8136 -0.1314
Car -1 -1 -1.6063 620.7281 175.9033 663.7714 214.6849 1.4575 1.5834 3.6746 1.4175 1.2862 28.4153 -1.5565 -0.2363
Car -1 -1 2.4755 996.3794 190.9468 1223.0000 264.3845 1.4767 1.6626 4.3245 11.0899 1.7194 15.3953 3.0997 -0.4661
