Car -1 -1 -2.1410 954.2018 182.0402 1063.4291 230.4359 1.5251 1.5775 3.5274 13.6599 1.5832 24.1954 -1.6270 6.4301
Cyclist -1 -1 1.3474 479.5429 170.0886 513.0325 228.9533 1.6464 0.6064 1.6741 -3.2269 1.3568 20.6608 1.1925 6.3572
Pedestrian -1 -1 0.9288 544.3912 153.5798 618.1440 276.8356 1.8004 0.6903 0.9747 -0.4214 1.4088 10.9186 0.8902 7.1696
Car -1 -1 0.8423 1098.9461 188.0605 1223.0000 236.8136 1.5033 1.5842 3.6731 19.0778 1.7845 24.2628 1.5086 6.1455
Cyclist -1 -1 0.6482 889.7400 151.6996 1044.7256 303.7265 1.8215 0.5986 1.8444 4.7072 1.4781 9.4256 1.1114 6.2383
Pedestrian -1 -1 0.2979 849.4562 146.5411 959.9692 334.1111 1.7860 0.6605 0.8942 3.0291 1.4643 7.2670 0.6929 6.0066
Car -1 -1 -2.2529 1033.5169 186.0520 1152.7532 233.8026 1.4658 1.5519 3.3156 16.2803 1.6678 23.8133 -1.6532 5.5801
Cyclist -1 -1 1.5260 546.6695 169.4679 560.5624 206.9843 1.7289 0.5747 1.7559 -2.4589 1.2219 33.4838 1.4527 3.2175
Pedestrian -1 -1 0.7547 603.1888 165.4498 695.3183 312.1119 1.7602 0.7464 0.9173 0.5144 1.5812 9.0702 0.8114 5.7642
Car -1 -1 -1.0839 721.1563 174.5042 788.1871 206.9507 1.4561 1.5817 3.6835 7.1495 1.1885 33.6453 -0.8745 0.9966
Cyclist -1 -1 1.4963 513.9471 167.6000 538.3612 225.3795 1.7214 0.6187 1.7736 -2.4985 1.3386 21.9887 1.3831 3.1936
Pedestrian -1 -1 0.7444 639.6001 157.7944 721.5007 292.6516 1.8214 0.6977 0.9429 1.0285 1.5164 10.1286 0.8456 5.7283
Car -1 -1 -0.6533 586.9787 181.5457 653.8890 208.0365 1.5024 1.5874 3.7895 0.9334 1.5684 41.9903 -0.6311 -0.1697
Pedestrian -1 -1 0.2619 875.3268 149.8921 981.6770 321.3984 1.7714 0.6516 0.9394 3.5390 1.4569 7.8473 0.6855 5.4784
Car -1 -1 1.1560 876.7076 165.8023 992.4276 222.0401 1.4842 1.6070 3.8696 9.4120 1.0979 20.6012 1.5845 -0.2359
Pedestrian -1 -1 0.3376 809.5590 140.4775 933.6780 349.0145 1.8190 0.6554 0.9419 2.4781 1.4716 6.7149 0.6912 5.0201
Car -1 -1 -1.3075 459.5620 163.7058 500.5775 192.3128 1.7572 1.6656 3.7880 -7.9691 0.7269 45.3857 -1.4813 -0.5779
Pedestrian -1 -1 0.8868 583.2214 160.0930 655.9050 275.2434 1.7695 0.7343 0.9623 0.1830 1.4575 11.4650 0.9027 4.6962
Car -1 -1 1.7031 461.1814 162.2159 486.0274 181.5645 1.6439 1.6455 3.9046 -11.4783 0.0916 62.0573 1.5202 -0.6848
Pedestrian -1 -1 1.5984 475.7945 170.7134 486.1400 197.2157 1.6302 0.6153 0.6513 -7.6947 1.0296 43.8542 1.4247 -0.8220
