Car -1 -1 -2.2604 1033.8816 185.8475 1155.4924 233.3097 1.4518 1.5573 3.3775 16.2959 1.6463 23.7674 -1.6594 11.0734
Cyclist -1 -1 2.1320 489.2297 165.3338 518.1716 201.7307 1.6977 0.5570 1.6959 -4.8553 0.9918 33.8633 1.9896 0.6647
Pedestrian -1 -1 1.0995 427.5798 158.6964 488.2934 261.1846 1.7951 0.7333 0.9608 -2.7512 1.4149 12.9833 0.8907 7.3723
Car -1 -1 0.9141 1096.2952 185.6322 1223.0000 234.0857 1.5193 1.5966 3.9496 19.2067 1.7135 24.5644 1.5777 7.9969
Cyclist -1 -1 1.4308 642.5922 167.2550 652.4336 188.0443 1.6834 0.5772 1.6767 3.5034 0.6121 58.1051 1.4910 0.3680
Pedestrian -1 -1 0.4782 740.4640 148.5531 837.5923 304.0065 1.8112 0.6639 0.9758 2.2388 1.4407 8.8052 0.7272 6.6248
Car -1 -1 -2.1210 959.1828 179.6375 1064.7880 227.6438 1.5238 1.5608 3.4144 13.7606 1.4980 24.1697 -1.6034 7.2920
Cyclist -1 -1 -2.3410 0.0000 169.0591 70.9599 336.7281 1.7384 0.6061 1.7764 -6.9499 1.6214 7.6861 -3.0762 -0.3758
Pedestrian -1 -1 0.7341 538.6164 154.7756 630.1533 303.0125 1.7765 0.6711 0.9691 -0.3159 1.4699 9.0369 0.6992 6.5046
Car -1 -1 -1.6272 604.9904 174.5333 640.4532 204.3515 1.4809 1.6301 3.9354 0.8692 1.1860 37.1045 -1.6038 3.9970
Cyclist -1 -1 0.7389 447.6289 159.0964 554.2967 274.5575 1.6797 0.5367 1.7224 -1.6819 1.3700 10.9815 0.5869 -0.6766
Pedestrian -1 -1 0.9674 503.3278 159.2794 567.8124 266.4702 1.7787 0.7066 0.9421 -1.2602 1.4282 12.3153 0.8654 5.9580
Car -1 -1 1.7575 476.6936 153.8661 511.2036 176.4325 1.4873 1.6463 4.1367 -7.7132 -0.2952 49.4454 1.6028 1.3502
Cyclist -1 -1 1.0463 634.5854 162.4323 690.5183 237.0395 1.7711 0.5888 1.7577 1.3773 1.3438 17.6996 1.1240 -0.6973
Pedestrian -1 -1 0.5413 778.2959 154.4748 874.2606 295.8384 1.7459 0.7160 0.9810 2.8651 1.4261 9.3314 0.8392 5.9225
Car -1 -1 1.9370 319.4908 161.1451 354.0859 179.2539 1.5584 1.6056 3.8745 -23.8513 -0.1134 63.0522 1.5754 0.3402
Pedestrian -1 -1 0.6751 585.1690 152.7800 669.7376 294.2114 1.8025 0.6850 0.9166 0.2538 1.4509 9.5637 0.7017 5.5019
Car -1 -1 -0.4057 820.3594 162.3857 898.8692 189.6194 1.5077 1.6217 3.8578 14.3832 0.5063 40.0662 -0.0611 -0.5438
Pedestrian -1 -1 0.6067 626.6712 154.5795 710.2557 285.7849 1.7613 0.7043 0.9541 0.8543 1.4150 10.0620 0.6914 5.0878
Car -1 -1 -2.3760 596.7608 181.3876 653.1767 204.1637 1.4763 1.5690 3.7841 1.3220 1.5401 47.8701 -2.3484 -0.8440
