Car -1 -1 -2.2630 1035.5883 186.3562 1153.8742 232.6245 1.4156 1.5297 3.2569 16.2912 1.6278 23.7456 -1.6617 10.7266
Cyclist -1 -1 1.6215 513.2171 163.9138 531.8228 214.7213 1.7747 0.5832 1.7786 -3.0020 1.1968 25.5982 1.5048 3.4232
Pedestrian -1 -1 0.6456 718.1037 143.3069 836.7771 330.9627 1.8116 0.6992 0.9892 1.7480 1.4542 7.4245 0.8768 6.7601
Car -1 -1 0.9198 1098.0988 184.9848 1223.0000 233.4152 1.5234 1.5956 3.7806 19.1533 1.6923 24.4868 1.5836 7.8724
Cyclist -1 -1 1.6166 466.3871 170.5752 487.3630 220.7087 1.6607 0.6358 1.6976 -4.4202 1.3335 24.3003 1.4367 2.5880
Pedestrian -1 -1 0.5822 756.5490 150.6183 866.1949 317.9384 1.7340 0.7071 0.9456 2.2506 1.4260 7.9115 0.8593 6.4670
Car -1 -1 -2.1248 958.9031 182.5680 1069.7136 229.2795 1.4620 1.5584 3.6786 13.8144 1.5396 24.1538 -1.6053 3.5770
Cyclist -1 -1 1.6120 509.2489 171.0147 519.8862 199.1699 1.7183 0.5893 1.7085 -5.6279 1.1408 44.0231 1.4849 1.7518
Pedestrian -1 -1 0.4939 593.9845 152.1341 671.9217 276.3688 1.7926 0.7056 0.9659 0.3819 1.3850 10.7455 0.5294 6.0770
Car -1 -1 -1.5813 606.4920 175.6582 637.7247 204.8880 1.4522 1.5517 3.5315 0.8576 1.2130 36.8973 -1.5581 3.1491
Cyclist -1 -1 3.8501 0.0000 173.7165 58.9047 334.7356 1.6523 0.5465 1.6744 -6.9486 1.5844 7.5532 3.1063 -0.1826
Pedestrian -1 -1 0.0150 959.0608 143.1810 1072.5692 337.2762 1.8152 0.7042 0.9510 4.0912 1.4679 7.1527 0.5345 6.0228
Car -1 -1 1.6791 480.0141 167.2835 502.7644 184.4376 1.4811 1.5792 4.0407 -10.0852 0.3412 63.0994 1.5207 0.4601
Pedestrian -1 -1 0.7922 498.7168 154.7481 572.4407 275.1735 1.8515 0.6956 0.9857 -1.1724 1.4572 11.4476 0.6902 6.0216
Car -1 -1 1.7514 322.6858 162.5350 350.0497 179.8743 1.4912 1.6182 3.8348 -23.8702 -0.0564 62.9819 1.3892 -0.4299
Pedestrian -1 -1 0.5932 788.5148 155.4851 892.5265 316.7134 1.7830 0.6565 0.9715 2.7366 1.5081 8.3992 0.9081 5.6416
Pedestrian -1 -1 0.5454 549.1881 155.6188 632.9429 291.3614 1.7598 0.6775 0.9323 -0.2352 1.4389 9.6873 0.5211 5.2159
Pedestrian -1 -1 0.6913 541.1063 153.3669 607.2068 264.3643 1.8011 0.6776 0.8954 -0.5688 1.3625 12.0080 0.6439 5.0238
Pedestrian -1 -1 0.1240 980.2573 149.5289 1089.3003 329.1443 1.8049 0.6793 0.9354 4.6045 1.4954 7.6560 0.6654 2.3892
