Car -1 -1 -2.2561 1035.2698 186.8261 1155.1652 233.6337 1.4272 1.5255 3.3476 16.3064 1.6568 23.7529 -1.6545 10.0872
Cyclist -1 -1 1.4860 642.2017 167.4590 651.4765 188.5664 1.7091 0.6162 1.7138 3.4485 0.6544 58.1115 1.5453 0.7706
Pedestrian -1 -1 -0.8020 14.3948 150.5098 87.0091 240.7903 1.7508 0.7201 0.9078 -11.1534 1.1709 14.1956 -1.4679 4.8662
Car -1 -1 -2.1378 961.6487 183.4937 1063.9253 228.5601 1.4161 1.5171 3.2123 13.7433 1.5265 24.0713 -1.6191 8.0526
Cyclist -1 -1 -2.3557 0.0000 168.9939 72.3499 337.1066 1.7378 0.6015 1.7729 -6.9095 1.6206 7.6498 -3.0903 -0.0601
Pedestrian -1 -1 2.3843 36.8318 155.0897 93.4334 234.7198 1.7170 0.6243 0.7840 -12.0006 1.1707 15.6770 1.7310 3.3050
Car -1 -1 0.8794 1093.3367 186.4370 1223.0000 233.7340 1.4717 1.6109 3.9962 19.1407 1.6962 24.5232 1.5421 7.9846
Pedestrian -1 -1 2.0766 0.0000 144.6916 36.2630 227.8615 1.7620 0.6707 0.9363 -13.1701 1.0050 15.4997 1.3723 2.4214
Car -1 -1 -1.7048 599.0799 175.5171 636.7959 204.6046 1.4462 1.5306 3.3062 0.6210 1.1999 36.8799 -1.6880 4.3163
Pedestrian -1 -1 -0.7413 176.7957 155.6822 205.3822 197.1397 1.7367 0.6521 0.8283 -17.6424 0.6985 30.1059 -1.2713 -0.1096
Car -1 -1 1.6687 480.1433 165.8660 502.0996 182.8943 1.4730 1.5647 3.9000 -10.1194 0.2083 63.1506 1.5098 0.9620
Pedestrian -1 -1 -0.0532 606.3301 176.9486 622.8126 205.9821 1.4458 0.6459 0.7943 0.4634 1.2704 35.5437 -0.0402 -0.5546
Car -1 -1 1.8304 458.3715 164.5407 502.1634 194.9048 1.8650 1.7423 4.2858 -7.9885 0.8861 45.6329 1.6571 0.0524
Pedestrian -1 -1 -1.0836 240.2858 164.0460 259.9052 196.7163 1.6797 0.6163 0.7857 -18.4553 0.8352 36.7474 -1.5491 -0.6767
Car -1 -1 1.6820 630.0833 176.1038 655.1226 195.8444 1.4588 1.5395 3.4635 2.9142 1.1352 54.0793 1.7359 -0.6658
