Car -1 -1 -2.2698 1035.6584 186.6940 1153.5552 233.9748 1.4509 1.5276 3.2439 16.3422 1.6760 23.8231 -1.6686 11.0878
Cyclist -1 -1 3.8607 0.0000 172.5561 57.7266 339.1862 1.7046 0.5755 1.7106 -6.9775 1.6250 7.5391 3.1140 -0.1756
Pedestrian -1 -1 2.2446 0.0000 150.4424 60.3677 246.9432 1.7900 0.6655 0.9149 -11.1831 1.2341 13.5729 1.5554 4.1700
Car -1 -1 0.8761 1100.8927 186.1500 1223.0000 234.0574 1.4911 1.5674 3.8421 19.2571 1.7031 24.4001 1.5442 9.2303
Cyclist -1 -1 1.8242 416.1943 166.0129 435.4460 197.0357 1.6912 0.6349 1.7043 -9.9820 0.9028 39.3933 1.5761 -0.7033
Pedestrian -1 -1 2.1612 47.8159 149.5873 107.6176 230.6783 1.7966 0.7339 0.8702 -12.0403 1.1133 16.1130 1.5194 4.0143
Car -1 -1 -2.1246 961.1009 181.2604 1067.7864 228.5398 1.4941 1.5930 3.3862 13.8113 1.5234 24.1124 -1.6044 8.6947
Pedestrian -1 -1 2.3007 0.0000 147.0947 51.7845 228.5970 1.7872 0.6717 0.9223 -13.2443 1.0563 15.9729 1.6084 2.3164
Car -1 -1 -1.6008 606.1902 175.1390 638.8029 204.3299 1.4526 1.5878 3.6526 0.8616 1.1873 37.0111 -1.5776 4.0607
Pedestrian -1 -1 0.0312 441.9622 167.4593 459.6629 203.9773 1.7017 0.6327 0.7972 -7.2812 1.0955 33.3274 -0.1839 1.6660
Car -1 -1 -0.4415 825.2681 162.4700 906.1604 190.3332 1.5409 1.6371 3.9852 14.7394 0.5452 40.0894 -0.0892 1.2456
Pedestrian -1 -1 -0.5386 177.2041 154.7903 204.1434 195.4739 1.7037 0.6353 0.7735 -17.6565 0.6285 30.0955 -1.0692 0.0481
Car -1 -1 1.8366 458.2999 164.3621 502.1391 192.7406 1.7440 1.7004 4.3796 -8.0027 0.7536 45.7044 1.6633 0.6457
Pedestrian -1 -1 0.2170 431.6856 165.5738 449.6162 204.7520 1.7777 0.6632 0.6749 -7.5494 1.1019 32.4128 -0.0118 -0.4159
Car -1 -1 -1.7935 740.7542 157.8381 777.8838 182.0767 1.5859 1.6430 3.9089 10.4762 0.1045 48.2183 -1.5796 -0.7690
