Car -1 -1 -2.2792 1032.8050 187.9025 1154.7222 233.6909 1.3900 1.5433 3.3689 16.2789 1.6590 23.7854 -1.6790 11.6494
Cyclist -1 -1 -3.4199 824.9750 158.1527 859.9490 189.6607 1.7390 0.5628 1.7571 13.1966 0.5070 39.3398 -3.0963 0.5212
Pedestrian -1 -1 2.2241 13.9769 148.2100 77.4344 233.8258 1.8020 0.7118 0.8448 -12.1317 1.1240 15.3047 1.5539 5.0931
Car -1 -1 -2.1328 955.9035 182.0571 1066.1654 228.8210 1.4702 1.5748 3.6097 13.7248 1.5291 24.1852 -1.6166 9.6398
Cyclist -1 -1 3.8370 0.0000 172.3449 57.6986 338.0657 1.6900 0.5626 1.7011 -6.9690 1.6085 7.5299 3.0903 -0.2001
Pedestrian -1 -1 2.2628 33.1576 149.0217 100.9479 239.0540 1.7935 0.6974 0.8999 -11.0895 1.1680 14.5432 1.6114 4.5677
Car -1 -1 0.9269 1097.3372 185.9159 1223.0000 232.8806 1.4849 1.5684 3.6690 19.1620 1.6892 24.6232 1.5882 5.8507
Pedestrian -1 -1 -3.5972 1133.5888 150.7269 1223.0000 332.1988 1.8705 0.6473 0.9503 6.4220 1.5653 7.7099 -2.9027 4.4059
Car -1 -1 -1.6205 602.6136 175.3462 636.2538 204.4097 1.4456 1.5767 3.4664 0.7006 1.1907 36.9191 -1.6016 4.9783
Pedestrian -1 -1 0.3177 191.4885 161.2129 217.6826 198.2504 1.6246 0.6577 0.8511 -17.8054 0.7801 31.4143 -0.1980 0.1169
Car -1 -1 1.8229 458.8966 163.7302 500.5586 191.7655 1.7290 1.6833 4.1016 -8.0423 0.6961 45.7098 1.6487 1.5127
Pedestrian -1 -1 -1.3951 182.4101 155.6818 203.1728 195.8776 1.6821 0.6352 0.7946 -17.5459 0.6450 30.0664 -1.9234 -0.0084
Car -1 -1 -0.4380 816.0627 163.4737 891.9431 190.8710 1.5171 1.6073 3.7324 14.0949 0.5757 40.1348 -0.1003 0.5916
Pedestrian -1 -1 2.2381 0.0000 148.7876 31.2397 231.9317 1.7546 0.6132 0.6822 -13.0141 1.0870 15.2688 1.5323 -0.3640
Pedestrian -1 -1 -1.2949 416.9484 162.8938 433.4006 195.6202 1.7513 0.6502 0.8773 -9.7425 0.8105 38.2788 -1.5442 -0.4297
