Car -1 -1 1.6618 487.7971 175.3920 586.2482 254.8225 1.4224 1.6410 4.3576 -1.2385 1.3143 15.0465 1.5796 12.2521
Cyclist -1 -1 1.6505 561.7831 163.7666 574.2282 192.7426 1.7199 0.6177 1.7538 -2.0144 0.6681 43.5224 1.6042 1.8748
Pedestrian -1 -1 -1.7992 768.8054 154.7999 822.9985 253.5883 1.6363 0.7271 0.8166 3.2770 1.1953 12.3152 -1.5392 2.3209
Car -1 -1 -1.6684 630.0277 136.9532 715.6746 222.0014 2.2871 2.0290 5.7013 2.0077 1.0903 22.1729 -1.5781 11.3525
Cyclist -1 -1 1.6338 571.1956 163.9269 580.2068 185.6667 1.7049 0.6116 1.7229 -2.0204 0.3273 57.2000 1.5985 0.2641
Pedestrian -1 -1 -1.6934 588.8304 166.7239 598.5378 190.4653 1.7709 0.6354 0.8059 -0.5664 0.6693 54.0215 -1.7039 2.1321
Car -1 -1 1.6905 505.4365 156.1794 537.4346 180.6796 1.5096 1.6021 3.8722 -5.1098 -0.0545 46.3346 1.5807 1.1563
Cyclist -1 -1 1.7365 405.6978 143.3213 427.5340 191.1306 1.6939 0.4988 1.7362 -6.7843 0.3423 26.3351 1.4844 -0.2698
Pedestrian -1 -1 -1.4183 493.9453 159.7972 507.5798 191.5470 1.7510 0.6483 0.7365 -5.6022 0.5549 39.9850 -1.5575 1.0795
Car -1 -1 -0.8541 0.0000 193.4231 190.3771 300.3584 1.4813 1.6091 4.0133 -9.2454 1.7239 12.4715 -1.4920 0.3597
Cyclist -1 -1 0.3434 596.0544 163.0323 625.0785 191.8638 1.7796 0.5379 1.7337 0.5752 0.6404 44.8894 0.3562 -0.5892
Pedestrian -1 -1 -1.8673 808.6876 159.1920 909.5065 340.8162 1.6096 0.6944 0.7619 2.3472 1.4133 6.7574 -1.5330 0.3957
Car -1 -1 -0.5329 652.9193 153.7660 717.8653 177.5868 1.4872 1.6040 3.9420 5.4911 -0.2631 46.8815 -0.4163 -0.4285
Pedestrian -1 -1 -2.2399 1091.0883 113.9559 1237.0000 373.0000 1.7845 0.7691 0.8319 3.8500 1.3791 4.7449 -1.5582 0.2580
Pedestrian -1 -1 -1.5391 579.4597 168.9935 588.3653 192.4607 1.7460 0.6442 0.7613 -1.2921 0.8161 53.8264 -1.5631 -0.1286
