Car -1 -1 -1.6286 679.2169 147.6113 739.4294 210.7494 2.1208 1.8977 4.9919 3.8812 0.9836 26.6947 -1.4842 6.9056
Cyclist -1 -1 1.4118 658.7098 169.2764 670.3350 192.5187 1.6841 0.5930 1.6760 4.6573 0.7990 52.9051 1.4996 0.4667
Pedestrian -1 -1 -1.2083 573.7493 164.4056 591.8892 197.8250 1.7112 0.6640 0.9087 -0.9685 0.8368 37.3172 -1.2342 2.5483
Car -1 -1 1.6097 596.2455 168.3563 644.2255 210.5835 1.5279 1.7163 4.1254 0.7836 1.0533 28.1033 1.6376 6.4368
Cyclist -1 -1 1.0671 954.4673 181.7554 999.0362 232.0615 1.6997 0.6186 1.7349 13.0928 1.7100 25.1515 1.5470 -0.1875
Pedestrian -1 -1 -1.5086 582.2478 163.3457 596.9585 197.2655 1.6652 0.6817 0.8341 -0.5917 0.7749 35.6944 -1.5252 2.3721
Car -1 -1 -1.7083 0.0000 208.4953 108.1555 373.0000 1.4719 1.5934 3.8345 -5.2498 1.7329 5.1284 -2.5054 0.0921
Pedestrian -1 -1 -2.0874 981.6168 153.0662 1100.8258 329.2963 1.7353 0.7640 0.7911 4.4960 1.4567 7.4757 -1.5460 1.9704
Pedestrian -1 -1 -1.7903 789.6234 161.3387 831.0565 240.8596 1.6735 0.7082 0.7597 4.4642 1.2505 15.5154 -1.5102 1.0024
Pedestrian -1 -1 -2.2875 1073.3385 174.9961 1160.6467 328.0609 1.8232 0.5972 0.6521 6.3303 1.7471 8.9076 -1.6697 0.7881
Pedestrian -1 -1 -1.9579 1033.3462 178.3887 1107.0090 310.0218 1.8194 0.6432 0.7725 6.6984 1.7778 10.3655 -1.3842 -0.4681
Pedestrian -1 -1 -1.6166 650.1160 164.5822 660.5355 191.4539 1.7002 0.6274 0.7705 3.4433 0.6305 45.8403 -1.5417 -0.6104
Pedestrian -1 -1 -2.0934 1072.9916 166.9427 1146.9335 282.6312 1.7655 0.6607 0.7627 7.9859 1.5446 11.3689 -1.4811 -0.7941
