Car -1 -1 1.6818 459.8358 169.9364 576.4965 271.3504 1.5660 1.6463 4.0973 -1.3984 1.3887 13.1425 1.5758 13.0326
Pedestrian -1 -1 -1.8358 764.4364 153.5997 824.6812 258.9926 1.6850 0.7601 0.8696 3.1448 1.2402 11.9197 -1.5779 3.1054
Car -1 -1 -1.6370 627.1969 135.3049 711.0629 227.3918 2.3811 2.0543 5.9710 1.8297 1.1878 21.5751 -1.5524 9.3340
Pedestrian -1 -1 -1.6054 592.6054 165.3276 603.8167 194.3131 1.7033 0.6364 0.8149 -0.1921 0.7537 42.6284 -1.6099 2.6736
Car -1 -1 -1.2788 477.6545 169.5436 528.8565 199.8100 1.4850 1.5996 3.8192 -5.0347 0.8992 37.2524 -1.4131 -0.4134
Pedestrian -1 -1 -1.5118 556.4439 166.1638 568.1237 194.9596 1.7124 0.6526 0.8495 -2.3449 0.8012 43.1407 -1.5661 2.0979
Pedestrian -1 -1 -1.7563 609.1180 164.7285 622.1474 193.2730 1.6853 0.6360 0.8202 0.8467 0.6958 42.8647 -1.7366 1.8363
Pedestrian -1 -1 -2.2540 1130.4392 111.4440 1237.0000 373.0000 1.7089 0.6312 0.8412 3.7591 1.3294 4.3328 -1.5394 1.3102
Pedestrian -1 -1 -1.8419 839.6276 160.9133 937.7976 362.0036 1.6106 0.6093 0.6867 2.3734 1.4471 6.1226 -1.4721 0.3058
Pedestrian -1 -1 -1.6678 573.4140 166.4328 582.8256 190.1029 1.7468 0.6261 0.7826 -1.7188 0.6355 53.4376 -1.7000 -0.0819
