Car -1 -1 -1.6649 589.9678 135.4556 692.9798 251.8031 2.5404 2.0620 5.6072 0.8034 1.5362 18.5340 -1.6216 7.8926
Cyclist -1 -1 1.7517 506.9724 180.7470 527.2721 219.6990 1.6873 0.6104 1.6626 -3.7537 1.6557 31.9631 1.6348 2.3956
Pedestrian -1 -1 1.7765 419.2946 179.2073 446.9665 235.6472 1.6682 0.6845 0.6909 -5.0791 1.6016 21.5834 1.5454 5.2678
Car -1 -1 -1.4901 487.6159 184.5848 523.3118 214.0649 1.4567 1.5731 3.6254 -4.9997 1.6275 37.7277 -1.6219 1.1589
Cyclist -1 -1 0.5645 552.2524 179.6662 582.0043 208.9192 1.6770 0.6090 1.6635 -2.0009 1.5727 41.8538 0.5167 0.4013
Pedestrian -1 -1 1.6646 509.7689 177.7204 524.7967 217.1301 1.7277 0.5889 0.8363 -3.7479 1.5630 31.9142 1.5477 4.2033
Pedestrian -1 -1 -1.8105 726.1939 168.0128 789.4914 282.7548 1.6611 0.7268 0.9505 2.3058 1.4672 10.8829 -1.6018 3.9616
Pedestrian -1 -1 -1.3066 398.3248 178.7845 426.8637 232.4646 1.6688 0.6767 0.8543 -6.0016 1.5855 22.7579 -1.5645 3.8077
Pedestrian -1 -1 1.9461 260.7604 177.6063 310.3227 260.5982 1.6367 0.6769 0.7989 -6.4358 1.5612 14.5770 1.5304 3.4877
Pedestrian -1 -1 1.5849 559.3886 179.2820 570.2506 207.6572 1.6468 0.6264 0.6611 -2.1384 1.5188 42.0283 1.5341 2.4445
Pedestrian -1 -1 1.5741 574.6957 179.6898 586.1157 208.0374 1.6507 0.6649 0.7649 -1.2335 1.5461 42.2187 1.5449 1.8143
Pedestrian -1 -1 -2.2982 1095.9270 132.3923 1237.0000 373.0000 1.7204 0.7513 0.8721 3.4604 1.4710 4.1129 -1.5988 1.7631
Pedestrian -1 -1 -0.7211 565.2101 176.8003 582.2999 204.7554 1.7168 0.6234 0.8651 -1.7140 1.4289 44.6352 -0.7595 0.1521
Pedestrian -1 -1 -1.5136 526.4501 180.2591 537.8828 208.4919 1.6567 0.6332 0.7491 -4.0966 1.5846 42.5346 -1.6096 -0.0054
Pedestrian -1 -1 1.6024 551.7865 177.8192 560.5491 200.4528 1.6704 0.6281 0.7258 -3.3441 1.3994 53.3854 1.5399 -0.4566
Pedestrian -1 -1 -1.5948 474.3581 181.1264 489.7720 215.9217 1.6045 0.6896 0.8556 -5.5996 1.5882 33.6058 -1.7599 -0.4570
