Car -1 -1 1.6108 611.5697 163.4622 650.0187 197.8150 1.5136 1.6448 4.0170 1.4192 0.7198 33.7162 1.6529 5.0125
Cyclist -1 -1 2.1258 0.0000 174.0672 285.0519 373.0000 1.7175 0.7337 1.7668 -2.1229 1.6965 3.0640 1.5199 10.5872
Pedestrian -1 -1 -2.0292 934.1351 146.5374 1032.6389 285.0634 1.6033 0.7694 0.8221 4.5681 1.2000 8.7312 -1.5472 4.2299
Car -1 -1 -1.6196 681.1621 147.6901 734.1706 203.4004 2.0395 1.8468 4.6570 4.1379 0.8028 28.6997 -1.4764 2.8347
Pedestrian -1 -1 -1.2917 594.5332 161.1366 610.4467 193.5972 1.7197 0.6399 0.8716 0.0567 0.6417 38.5602 -1.2902 2.3660
Car -1 -1 1.5805 514.3880 170.5860 561.9853 213.8571 1.4959 1.6437 4.1359 -2.3752 1.1197 26.9570 1.4926 0.7339
Car -1 -1 2.9629 539.9353 163.0396 614.3675 191.1071 1.5008 1.6217 3.8741 -1.3611 0.5146 39.6105 2.9285 0.6360
Car -1 -1 1.6957 493.9299 155.7284 541.1305 192.6092 1.5832 1.6724 3.8473 -3.7767 0.4779 32.7664 1.5810 0.6019
Car -1 -1 2.0909 343.9451 172.8950 454.8788 228.2319 1.4711 1.5642 3.5431 -5.8193 1.2435 21.0035 1.8207 0.5587
Car -1 -1 -1.7643 550.8052 158.6410 584.8698 181.2485 1.4718 1.6007 3.8332 -2.3138 -0.0172 48.8637 -1.8116 0.2921
Car -1 -1 -1.6316 607.0187 164.9448 634.1077 188.2744 1.5350 1.6184 3.8206 1.2866 0.4464 49.1985 -1.6054 -0.3598
