Car -1 -1 -1.0098 599.7390 170.2559 744.0846 246.2763 1.5076 1.5579 3.5757 1.6402 1.2858 16.1316 -0.9084 1.7776
Cyclist -1 -1 1.7935 440.8738 164.5469 484.6081 244.6435 1.6788 0.5872 1.7352 -3.0866 1.3247 15.9297 1.6021 8.0004
Pedestrian -1 -1 -1.7833 745.7173 157.4908 812.9469 273.9500 1.6552 0.7972 0.8697 2.5733 1.3152 10.6511 -1.5463 4.6594
Car -1 -1 1.7161 525.2335 161.1535 554.8442 182.5478 1.4765 1.5901 3.7528 -4.3487 0.0730 51.4955 1.6319 0.2342
Cyclist -1 -1 1.8461 359.6029 159.1690 421.8042 263.3280 1.7787 0.6213 1.8422 -3.8702 1.3986 13.1882 1.5607 7.0553
Pedestrian -1 -1 -1.9039 873.0749 143.6939 961.2957 284.7971 1.7093 0.7875 0.8581 3.9514 1.2527 9.1563 -1.4965 4.5822
Car -1 -1 1.6862 479.7450 158.6865 505.3976 179.1440 1.6277 1.6450 4.1426 -8.9884 -0.2024 59.7340 1.5368 0.1724
Cyclist -1 -1 1.8085 468.4556 160.7904 485.2821 191.3967 1.6723 0.5476 1.6793 -6.9462 0.5416 40.1016 1.6370 -0.4090
Pedestrian -1 -1 -1.8407 653.6068 155.8374 686.2815 218.2148 1.6651 0.6926 0.8237 1.8342 0.9812 19.6386 -1.7476 3.0116
Car -1 -1 1.7315 465.5886 162.1950 498.5630 184.9941 1.4832 1.6059 3.8770 -8.0319 0.2280 48.6703 1.5680 -0.1491
Pedestrian -1 -1 -1.8711 879.7798 163.0690 944.7213 270.3263 1.5537 0.7065 0.7391 4.6150 1.2880 10.8071 -1.4675 2.0778
Pedestrian -1 -1 -1.2398 592.5944 165.2376 637.7813 246.8169 1.6418 0.7022 0.8619 0.2578 1.3158 14.9789 -1.2226 1.9670
Pedestrian -1 -1 -1.4151 470.0318 158.8738 483.3086 188.8734 1.6572 0.6205 0.7589 -6.9569 0.4081 40.0641 -1.5870 -0.6764
