Car -1 -1 1.5968 591.7254 165.0989 622.7483 192.8660 1.4741 1.6329 3.9735 0.3652 0.6042 40.1472 1.6059 4.0895
Cyclist -1 -1 1.9309 306.9125 164.2599 436.0784 359.8331 1.6697 0.6251 1.7451 -2.2201 1.5239 7.0182 1.6245 7.6901
Pedestrian -1 -1 -1.9240 852.0397 149.2563 933.9100 275.1478 1.6769 0.7838 0.9254 4.0031 1.2487 10.0384 -1.5445 5.6054
Car -1 -1 -1.5932 650.4827 152.4883 692.7269 195.9807 1.7137 1.6605 3.7070 2.8854 0.5716 30.2108 -1.4980 2.4109
Cyclist -1 -1 2.0944 0.0000 142.0285 277.1831 373.0000 1.7276 0.6231 1.7863 -2.6905 1.5413 4.3161 1.5370 6.5923
Pedestrian -1 -1 -1.4742 570.4195 161.9998 581.9837 191.1157 1.6742 0.5972 0.8083 -1.4617 0.5537 41.7242 -1.5092 2.1321
Car -1 -1 1.9065 345.1847 172.2396 431.2378 221.6659 1.4381 1.5459 3.4610 -6.6540 1.1698 22.6650 1.6209 1.5312
Pedestrian -1 -1 -1.7576 732.5265 153.8289 766.3354 221.6333 1.6993 0.6956 0.8837 3.7577 1.0070 18.4473 -1.5566 0.9700
Car -1 -1 -1.4975 962.5681 162.3218 1080.9909 257.9581 1.4908 1.5984 3.7955 7.7821 1.1931 13.2099 -0.9652 1.1787
Pedestrian -1 -1 -1.8791 786.0553 176.7710 865.5694 343.7161 1.6159 0.6096 0.5997 2.2012 1.5715 7.2545 -1.5845 0.5422
Car -1 -1 -1.5496 545.4925 161.2602 570.7148 184.8256 1.5335 1.6272 3.9370 -2.8939 0.2171 48.7389 -1.6089 0.0992
Pedestrian -1 -1 0.0073 549.0940 159.3482 564.6533 190.1607 1.6996 0.6354 0.8572 -2.4786 0.4785 39.9620 -0.0546 0.2070
Car -1 -1 -1.0292 684.0941 164.0412 831.5983 240.8804 1.5966 1.6204 3.8700 3.7289 1.2351 16.8851 -0.8119 0.0803
Pedestrian -1 -1 -2.0286 942.0974 150.3258 996.3430 230.0671 1.6826 0.7349 0.8755 7.9333 1.0260 15.5972 -1.5581 0.0427
Car -1 -1 1.0952 958.8871 147.3814 1058.3099 191.1089 1.4797 1.5841 3.7854 14.7117 0.3262 26.2249 1.6064 -0.8268
