Car -1 -1 1.6848 519.8686 162.2310 548.0535 183.2555 1.4874 1.6303 3.9039 -4.9033 0.1248 52.7841 1.5922 2.2886
Cyclist -1 -1 1.7491 442.3342 161.1051 483.6797 239.8878 1.7272 0.6350 1.8038 -3.2189 1.2813 16.6517 1.5581 7.5596
Pedestrian -1 -1 -1.8576 743.0509 155.0472 812.3191 271.3125 1.6304 0.7607 0.8923 2.5208 1.2608 10.5361 -1.6227 4.3327
Car -1 -1 1.9206 430.1553 159.9435 478.5285 185.1817 1.5035 1.6464 4.1442 -9.1368 0.2201 44.9622 1.7201 1.1390
Cyclist -1 -1 1.8876 363.7353 158.2839 427.4585 257.0720 1.7786 0.6389 1.8567 -3.9742 1.3619 13.8704 1.6086 7.4934
Pedestrian -1 -1 -1.7967 642.9208 163.4105 699.3852 281.5691 1.6774 0.6798 0.7290 0.9725 1.4219 10.6019 -1.7052 3.0278
Car -1 -1 1.7633 477.6710 159.4963 506.0736 179.6010 1.6049 1.6091 3.9574 -9.0454 -0.1628 59.7326 1.6131 0.0720
Pedestrian -1 -1 -1.5058 604.6734 164.5820 651.8528 285.0717 1.7159 0.6525 0.7981 0.3658 1.4763 10.6567 -1.4715 2.3164
Car -1 -1 -1.5777 1178.3487 170.8848 1237.0000 373.0000 1.5359 1.6640 4.3877 6.3554 1.4762 6.2768 -0.7861 -0.6583
Pedestrian -1 -1 1.2637 648.5103 152.4578 680.9166 217.1661 1.7231 0.6885 0.7310 1.6855 0.9509 19.5582 1.3496 1.9392
Car -1 -1 -1.5940 566.3249 154.1502 604.4473 192.7205 1.7067 1.6889 4.1550 -0.8218 0.4974 33.8982 -1.6183 -0.6650
Pedestrian -1 -1 -1.6904 882.2451 167.2726 938.0339 269.9823 1.4588 0.6742 0.7186 4.5118 1.2580 10.6388 -1.2893 0.4423
Car -1 -1 0.1656 456.0902 158.8102 513.0978 179.4427 1.4902 1.6031 3.9314 -8.5490 -0.1531 52.8550 0.0052 -0.8355
