Car -1 -1 1.6645 559.2371 158.3527 590.6597 182.0139 1.4785 1.6772 4.1248 -1.6801 0.0328 46.9907 1.6288 5.5924
Cyclist -1 -1 1.8720 316.2806 160.4030 406.5780 304.1349 1.6804 0.6194 1.7373 -3.0895 1.4351 9.2703 1.5503 7.9477
Pedestrian -1 -1 -1.8308 785.6383 152.4935 854.2109 267.3938 1.6807 0.8022 0.8557 3.2649 1.2577 10.9445 -1.5409 3.5785
Car -1 -1 -0.0684 606.1542 156.9174 706.9703 194.9881 1.6232 1.7000 4.2946 2.3422 0.5761 31.4874 0.0058 3.9071
Cyclist -1 -1 1.8644 417.9892 155.1236 486.3880 266.7679 1.7323 0.6337 1.8022 -2.5089 1.3244 12.0690 1.6594 7.5035
Pedestrian -1 -1 -1.9442 856.2996 145.8971 920.1719 264.3198 1.7280 0.6477 0.8005 4.2831 1.2098 10.8797 -1.5692 2.4004
Car -1 -1 1.7280 426.2064 167.5708 492.3263 215.0317 1.4585 1.5926 3.7643 -4.6838 1.0316 23.9816 1.5352 0.6107
Pedestrian -1 -1 -1.9018 700.0937 169.0870 764.1362 292.1002 1.5505 0.6332 0.6962 1.6595 1.3953 9.4446 -1.7279 0.6618
Car -1 -1 1.8927 477.0180 155.0794 521.8382 180.6520 1.5014 1.5933 3.8889 -6.2408 -0.0541 44.3677 1.7530 0.3877
Pedestrian -1 -1 -1.7331 691.7660 152.6961 722.3801 215.3053 1.6717 0.7068 0.7761 2.8392 0.9038 19.5718 -1.5890 0.4692
Car -1 -1 1.6347 533.6683 159.3121 559.2432 180.9860 1.5446 1.6395 4.0588 -4.0276 -0.0391 53.3279 1.5593 0.1874
Pedestrian -1 -1 -0.3358 846.8020 156.8859 890.9917 223.0999 1.6438 0.7069 0.8624 6.7299 1.0339 18.1914 0.0186 -0.0168
Car -1 -1 1.4422 672.8845 150.8846 712.0473 180.2378 1.5334 1.6288 4.0790 4.9793 -0.0726 39.7423 1.5669 0.1006
Pedestrian -1 -1 0.0659 512.3708 156.3212 526.9405 186.6599 1.7027 0.6091 0.7815 -4.6239 0.2904 40.6363 -0.0474 -0.5533
Car -1 -1 -1.9634 733.0883 145.7302 801.1902 180.9896 1.4978 1.6087 3.9664 7.4370 -0.0238 32.6641 -1.7395 -0.4774
Car -1 -1 -3.6711 846.2771 144.9640 956.8382 183.6805 1.4564 1.5859 3.6878 11.6616 0.0831 28.0532 -3.2771 -0.6728
