Car -1 -1 -1.6655 608.9240 142.3301 716.3299 255.2473 2.3784 2.0619 5.8918 1.2901 1.5546 18.0974 -1.5944 7.9410
Pedestrian -1 -1 -1.8327 740.5016 165.0264 814.2650 277.6338 1.6342 0.8765 0.9056 2.6007 1.3964 10.8867 -1.5982 4.5455
Car -1 -1 -1.4727 495.0908 184.5938 533.4371 214.9079 1.4907 1.6243 3.8974 -4.5260 1.6623 37.6860 -1.5922 2.4925
Pedestrian -1 -1 1.7716 422.9410 177.9783 451.6046 238.8259 1.7002 0.6575 0.7697 -4.6989 1.6029 20.4617 1.5459 4.1996
Pedestrian -1 -1 -1.5216 589.5881 178.2148 600.8615 207.6179 1.7182 0.6264 0.8318 -0.3615 1.5270 42.4034 -1.5301 3.6971
Pedestrian -1 -1 -1.4781 545.6832 178.0365 557.4219 207.5405 1.7404 0.6189 0.8982 -2.9679 1.5368 42.8262 -1.5473 2.4161
Pedestrian -1 -1 2.0428 247.6277 180.0810 304.7138 269.1487 1.6232 0.7043 0.7721 -6.1348 1.5986 13.4897 1.6159 1.8066
Pedestrian -1 -1 -1.4673 528.5951 179.5063 546.1433 217.6651 1.6753 0.6901 0.9056 -2.8612 1.5887 31.9920 -1.5565 1.5526
Pedestrian -1 -1 -1.4944 576.6445 177.9753 589.1012 207.6246 1.7252 0.6699 0.8569 -1.0863 1.5209 42.2393 -1.5201 1.5398
Pedestrian -1 -1 -2.3011 1113.4082 119.6421 1237.0000 373.0000 1.8036 0.6798 0.8197 3.5664 1.4805 4.1836 -1.5952 1.3151
Pedestrian -1 -1 -1.6102 493.1749 178.8894 508.1953 215.7264 1.6812 0.6533 0.8836 -4.6825 1.5630 33.2742 -1.7500 1.0383
Pedestrian -1 -1 -1.5353 569.0722 179.0594 577.7419 200.7030 1.6092 0.6238 0.7325 -2.0774 1.4283 53.7722 -1.5740 0.6669
Pedestrian -1 -1 -1.5383 560.7864 179.1989 569.8117 201.9710 1.6878 0.6505 0.7163 -2.6760 1.5178 53.6016 -1.5882 -0.1255
