Car -1 -1 1.6359 611.6368 162.9408 656.3136 202.0579 1.5730 1.6703 3.9191 1.4438 0.8277 30.9231 1.6825 7.8151
Pedestrian -1 -1 -1.7953 822.1632 170.4437 897.0456 314.4398 1.5950 0.6691 0.7297 2.9351 1.4739 8.3547 -1.4574 2.1158
Car -1 -1 -1.5991 692.7205 151.6317 744.1425 204.2487 1.8461 1.7895 4.7231 4.4018 0.7992 27.6581 -1.4413 2.8884
Pedestrian -1 -1 -1.5497 595.5455 159.9397 608.8572 192.0299 1.6423 0.6729 0.8364 0.0379 0.5398 37.1864 -1.5486 1.9726
Car -1 -1 -1.6598 646.1364 162.3478 670.1882 181.5340 1.5122 1.5835 4.2410 4.6295 0.0032 58.7421 -1.5811 0.6859
Pedestrian -1 -1 -1.9856 964.8047 143.0771 1059.9842 303.7741 1.7105 0.6705 0.7677 4.5361 1.3029 8.0582 -1.4729 1.9383
Car -1 -1 0.3340 1032.8806 150.4478 1237.0000 309.6464 1.4595 1.6070 3.8530 7.5726 1.1762 8.6546 1.0529 0.4771
Pedestrian -1 -1 -1.8066 792.7810 152.9744 833.5164 230.8201 1.7069 0.7061 0.8147 4.7188 1.0826 16.1718 -1.5227 1.3195
Car -1 -1 -1.0291 728.7868 170.1734 899.3982 260.0911 1.4900 1.5343 3.4683 4.0690 1.3036 13.6357 -0.7391 -0.2505
Pedestrian -1 -1 -1.6551 661.0439 160.6598 672.7987 186.8948 1.6816 0.6895 0.8180 4.2395 0.3465 46.4518 -1.5641 1.0455
Pedestrian -1 -1 1.0723 929.2762 156.6576 976.2244 232.7787 1.6398 0.6512 0.7480 7.7095 1.1058 15.8600 1.5247 0.3654
Pedestrian -1 -1 -2.3340 1028.1945 183.1673 1116.7502 303.7260 1.5897 0.6723 0.7762 6.4454 1.6151 9.9258 -1.7581 0.0571
Pedestrian -1 -1 -1.6886 673.5192 159.9345 684.1702 185.7602 1.6710 0.6004 0.7986 5.0574 0.2763 46.8769 -1.5811 0.0235
Pedestrian -1 -1 -2.3008 1014.6301 176.9716 1085.2072 285.4622 1.6284 0.6382 0.6818 6.9187 1.5618 11.1708 -1.7463 -0.3714
