Car -1 -1 1.8148 319.6047 188.1578 541.0303 349.9891 1.4613 1.6037 3.9154 -1.8076 1.5611 8.6335 1.6085 10.7112
Cyclist -1 -1 -0.1044 554.8900 168.8600 578.7891 191.7400 1.6702 0.5619 1.7065 -2.5303 0.7481 52.8420 -0.1522 -0.3288
Pedestrian -1 -1 -1.8125 745.2330 155.2097 811.5930 270.7335 1.6978 0.7872 0.9138 2.6493 1.3127 11.0135 -1.5764 4.8573
Car -1 -1 -1.6338 603.6385 131.2386 693.7343 234.4913 2.4554 2.0688 6.0052 1.1034 1.2613 20.0905 -1.5789 5.2468
Pedestrian -1 -1 -1.5400 571.7733 169.2580 583.5301 198.0315 1.6593 0.6621 0.7442 -1.3797 0.9541 41.7942 -1.5730 2.0485
Car -1 -1 -1.4889 512.3340 171.9252 542.2874 198.0958 1.5918 1.5933 3.7174 -4.6563 1.0102 45.5634 -1.5908 1.5703
Pedestrian -1 -1 -1.9368 867.5365 142.9224 1034.3174 373.0000 1.6975 0.6919 0.7990 2.0930 1.4793 4.5094 -1.5023 2.0051
Car -1 -1 2.2929 0.0000 206.2232 87.1662 346.1649 1.4875 1.6162 3.9030 -9.5864 1.9114 10.3025 1.5435 -0.4162
Pedestrian -1 -1 1.5364 589.6457 170.1954 600.9241 199.3670 1.6934 0.6336 0.7769 -0.3619 1.0380 42.0992 1.5278 1.5798
Car -1 -1 1.7676 442.9451 152.1420 479.2531 177.4443 1.4789 1.5414 3.5209 -8.6088 -0.2595 44.3149 1.5757 -0.6459
Pedestrian -1 -1 1.6436 536.2603 169.0410 548.0548 198.3936 1.7130 0.6427 0.7126 -3.4843 0.9867 42.2780 1.5614 0.4781
Car -1 -1 -1.4860 522.7855 166.3063 541.8152 181.4611 1.4601 1.5691 3.6930 -6.7725 -0.0037 71.0753 -1.5810 -0.7234
Pedestrian -1 -1 -0.5585 508.7110 168.1200 533.1615 207.9929 1.7520 0.6258 0.8888 -3.6080 1.1650 32.0815 -0.6705 0.4452
Pedestrian -1 -1 -1.5187 553.8810 170.0165 562.4644 191.6718 1.5766 0.5936 0.6884 -3.1516 0.7411 52.6412 -1.5785 -0.0446
Pedestrian -1 -1 0.0810 544.7358 170.5367 553.9182 191.8576 1.5839 0.5963 0.6387 -3.8727 0.7700 53.6634 0.0090 -0.7481
