Car -1 -1 1.6527 545.6767 173.9495 612.8666 228.3259 1.4583 1.6547 4.2460 -0.5927 1.2569 21.4263 1.6250 9.0730
Pedestrian -1 -1 -2.1173 1006.6698 134.3347 1172.6752 339.6507 1.6368 0.8389 0.8870 4.1008 1.2622 6.1837 -1.5317 4.2351
Car -1 -1 -1.6272 649.3934 141.8454 717.4459 214.3943 2.1988 1.9632 5.5075 2.6477 0.9981 24.5684 -1.5199 8.7635
Pedestrian -1 -1 -1.5780 618.0625 164.9009 628.7594 193.0823 1.7274 0.6545 0.8712 1.3623 0.7107 44.4709 -1.5473 1.5531
Car -1 -1 -1.4725 470.2735 163.1018 510.5212 198.2689 1.6436 1.6071 3.7336 -5.4391 0.7847 35.4777 -1.6246 -0.3744
Pedestrian -1 -1 -1.7754 776.0552 152.1890 820.0720 247.2415 1.7916 0.6767 0.7804 3.7662 1.2404 13.9464 -1.5116 1.1014
Car -1 -1 -1.5642 560.8965 161.7376 581.4772 180.6720 1.4628 1.5944 3.8020 -2.3899 -0.0681 57.5918 -1.6057 -0.4783
Pedestrian -1 -1 -1.8504 777.7412 171.4061 846.2967 299.8810 1.5876 0.6627 0.7455 2.6476 1.4642 9.2473 -1.5716 0.4138
Pedestrian -1 -1 -2.1992 1158.5142 156.0654 1237.0000 282.2289 1.5353 0.6752 0.7357 7.6500 1.2271 9.1292 -1.5018 -0.3586
Pedestrian -1 -1 0.6652 632.1418 163.6625 648.5094 191.1661 1.6971 0.6373 0.7962 2.4322 0.5972 44.8240 0.7194 -0.7409
