Car -1 -1 -1.6827 652.9386 131.9556 773.2209 260.4983 2.5092 2.0687 5.8538 2.3560 1.5433 16.9725 -1.5448 8.5895
Cyclist -1 -1 1.7759 470.2800 183.7334 498.5775 236.8508 1.6644 0.5858 1.6705 -3.8252 1.7409 23.4234 1.6140 1.8738
Pedestrian -1 -1 -1.3401 470.1546 181.3723 497.6540 234.3216 1.6747 0.6828 0.9360 -3.8149 1.6717 23.2068 -1.5030 4.9705
Car -1 -1 -1.4978 536.4513 186.9372 573.1858 217.9441 1.4768 1.6053 3.8165 -2.3457 1.7707 36.7973 -1.5615 0.6158
Pedestrian -1 -1 1.1798 799.9465 168.1951 873.0571 286.5831 1.6415 0.7461 0.8196 3.3388 1.4583 10.3957 1.4906 4.0744
Car -1 -1 -0.1384 654.5339 151.1226 739.4615 181.1855 1.4932 1.6046 4.0935 4.8046 -0.0155 36.5126 -0.0075 0.2399
Pedestrian -1 -1 2.0110 435.6141 178.9709 475.0585 248.5817 1.7344 0.6821 0.8800 -3.7669 1.6726 18.4033 1.8091 4.0007
Car -1 -1 3.2884 263.1775 151.7238 349.7528 181.9826 1.5016 1.6021 3.9227 -15.0804 0.0248 36.8906 2.9004 -0.1207
Pedestrian -1 -1 -1.7859 617.1078 180.7232 631.6361 208.8682 1.6349 0.6858 0.8536 1.3458 1.5905 42.2060 -1.7540 3.6632
Pedestrian -1 -1 2.1558 230.2720 183.9236 305.3072 293.2205 1.6709 0.7545 0.8311 -5.3514 1.7124 11.4662 1.7192 3.1968
Pedestrian -1 -1 -1.6368 631.0182 181.9482 643.3435 210.5732 1.6672 0.6713 0.8054 2.1013 1.6946 42.2570 -1.5872 3.1267
Pedestrian -1 -1 -1.2626 575.0168 180.1821 595.4990 219.6072 1.7219 0.6640 0.9165 -0.7269 1.6653 31.9044 -1.2853 2.6363
Pedestrian -1 -1 -1.5365 592.7138 184.3823 604.0984 212.9375 1.6886 0.6556 0.7756 -0.1754 1.8633 42.9537 -1.5405 0.4108
Pedestrian -1 -1 -1.6787 543.8057 179.0345 560.2703 217.3974 1.7024 0.6473 0.8826 -2.2428 1.5939 32.3652 -1.7479 0.4089
