Car -1 -1 1.7353 396.9475 178.8602 559.6504 306.8442 1.5291 1.6573 4.2339 -1.6414 1.4989 10.7070 1.5832 13.1981
Pedestrian -1 -1 -1.7613 752.4151 153.8748 814.2829 265.6294 1.6925 0.7841 0.9133 2.8120 1.2754 11.3530 -1.5185 4.6938
Car -1 -1 -1.6492 613.1679 138.3532 700.0318 231.9225 2.3402 2.0108 5.6702 1.3981 1.2623 20.8095 -1.5821 7.4834
Pedestrian -1 -1 -1.7310 766.0062 167.8881 871.0116 373.0000 1.6107 0.6498 0.7350 1.5777 1.5157 5.4872 -1.4510 2.0651
Car -1 -1 -1.4797 1195.1883 161.8398 1237.0000 373.0000 1.4837 1.5868 4.1451 5.4481 1.4099 4.5799 -0.6080 2.8830
Pedestrian -1 -1 -1.8878 852.4121 156.6022 982.0730 373.0000 1.6236 0.6671 0.7244 2.2204 1.4565 5.2462 -1.4874 1.9271
Car -1 -1 1.6709 516.2322 158.6426 542.8998 179.5551 1.4819 1.5918 3.8268 -5.2670 -0.1486 53.1724 1.5722 -0.4163
Pedestrian -1 -1 -2.2606 1120.6722 190.7572 1237.0000 373.0000 1.4225 0.6929 0.7816 3.5425 1.4819 4.1063 -1.5488 -0.0439
Car -1 -1 1.7431 483.5888 163.3255 518.0204 187.6042 1.5235 1.6106 3.7616 -6.5288 0.3838 46.9808 1.6051 -0.8442
Pedestrian -1 -1 1.5234 587.4518 167.8484 598.1592 194.6005 1.6205 0.6200 0.7141 -0.5256 0.7943 43.8849 1.5114 -0.1722
Pedestrian -1 -1 -1.5723 581.4356 164.7952 592.6079 194.9042 1.7473 0.6484 0.7628 -0.8438 0.7787 42.0727 -1.5923 -0.5301
