Car -1 -1 1.7649 510.4389 161.2292 542.8416 181.7760 1.4861 1.6565 4.1652 -5.5696 0.0206 54.1037 1.6623 3.6254
Cyclist -1 -1 1.8530 380.7715 159.8753 434.3857 246.1142 1.7282 0.6235 1.8220 -4.1358 1.2961 15.3089 1.5892 9.1062
Pedestrian -1 -1 -1.8721 748.0763 154.9989 820.1437 275.7698 1.6292 0.7644 0.8451 2.5122 1.2730 10.1319 -1.6291 4.3461
Car -1 -1 -1.1957 570.8385 166.6417 705.1814 242.2710 1.5262 1.6563 4.3074 0.9704 1.2276 16.7961 -1.1380 0.0519
Cyclist -1 -1 1.7054 447.6576 161.2572 481.3239 232.2163 1.6962 0.6059 1.7489 -3.4558 1.2135 18.0585 1.5163 7.4637
Pedestrian -1 -1 -0.2389 737.3269 149.2272 782.7406 233.6380 1.7311 0.6345 0.8001 3.2771 1.0705 15.0558 -0.0245 1.7894
Car -1 -1 -1.4649 483.3302 160.0113 512.6992 183.7235 1.5818 1.6199 3.8744 -7.1289 0.1490 49.8818 -1.6068 -0.5161
Pedestrian -1 -1 -1.7419 646.0590 157.6386 678.8206 220.2509 1.6429 0.7353 0.8856 1.6000 1.0180 19.3196 -1.6592 1.6689
Car -1 -1 3.3032 446.3281 164.6510 502.4099 184.9967 1.4755 1.6127 3.8610 -9.3120 0.2542 52.9212 3.1290 -0.7423
Pedestrian -1 -1 -0.8273 1123.3686 144.6679 1237.0000 373.0000 1.7484 0.6429 0.8538 4.7204 1.4786 5.6613 -0.1323 0.3774
Pedestrian -1 -1 -1.6953 636.8216 162.5980 683.0434 280.7201 1.7147 0.6241 0.5174 0.8194 1.4417 10.6986 -1.6189 -0.0632
Pedestrian -1 -1 -1.9662 851.5520 148.7677 922.6883 280.7324 1.6865 0.6446 0.7289 3.7352 1.2695 9.5491 -1.5934 -0.1767
Pedestrian -1 -1 0.8119 785.2198 165.2654 823.2896 232.0875 1.7893 0.5886 0.8413 5.5374 1.3557 19.7412 1.0853 -0.3350
Pedestrian -1 -1 -0.6546 579.1941 168.7909 630.4094 247.9332 1.6215 0.7016 0.8318 0.0330 1.3624 15.2462 -0.6524 -0.4578
