Car -1 -1 -1.7619 712.7597 148.8767 763.4297 182.3941 1.4745 1.5998 3.9005 6.3042 0.0403 33.5528 -1.5762 1.1266
Cyclist -1 -1 1.8940 344.0115 151.4311 421.1572 271.2806 1.7995 0.6444 1.8769 -3.5672 1.3493 11.7298 1.5988 9.4323
Pedestrian -1 -1 -1.8770 759.4910 146.2605 826.9551 259.5868 1.6450 0.7447 0.9101 2.8459 1.1348 10.8976 -1.6215 4.7947
Car -1 -1 1.8358 494.3036 156.6526 532.6890 180.1959 1.5006 1.6002 3.8331 -5.8210 -0.0902 48.0187 1.7152 0.8220
Cyclist -1 -1 1.8340 438.4930 158.8046 489.4306 246.9155 1.6688 0.5852 1.7180 -2.7808 1.2402 14.4806 1.6443 7.2217
Pedestrian -1 -1 -1.8176 763.5058 144.3664 795.1761 210.5395 1.7824 0.6515 0.8697 4.8596 0.7833 19.7828 -1.5767 2.0542
Car -1 -1 1.6433 514.2265 159.3853 537.5216 178.0590 1.4799 1.6333 4.1726 -6.2308 -0.2962 59.8174 1.5395 0.6768
Cyclist -1 -1 1.7489 487.5545 156.9521 503.0074 187.2056 1.6682 0.5783 1.6577 -5.9693 0.3154 40.4451 1.6024 1.3603
Pedestrian -1 -1 -0.2881 807.9712 155.7057 844.7406 219.3645 1.6649 0.6542 0.7784 5.9460 0.9914 19.1164 0.0134 1.5065
Car -1 -1 1.5939 539.3902 159.2912 563.1263 181.3059 1.4733 1.5637 3.9171 -3.4536 -0.0135 50.0993 1.5251 0.2104
Cyclist -1 -1 1.7170 571.1196 160.5411 583.4924 185.7922 1.7056 0.6071 1.7277 -1.6405 0.2906 49.4095 1.6838 -0.0758
Pedestrian -1 -1 -1.7093 669.7319 154.5496 700.2564 217.2102 1.6809 0.7209 0.8299 2.2510 0.9591 19.6903 -1.5955 1.3457
Pedestrian -1 -1 0.0802 488.3289 156.5543 503.8133 185.9014 1.6385 0.6198 0.8164 -5.9293 0.2466 40.4403 -0.0654 0.9743
Pedestrian -1 -1 -0.5331 1009.9674 139.6088 1057.8548 206.4986 1.6613 0.7038 0.7899 10.9098 0.6221 18.1933 0.0071 -0.1911
Pedestrian -1 -1 -0.3204 832.8927 160.9206 871.8124 227.3744 1.7194 0.6287 0.8086 6.5630 1.1881 18.9031 0.0138 -0.5281
