Car -1 -1 2.2886 0.0000 218.9645 277.5747 373.0000 1.4124 1.4839 3.4914 -3.0287 1.6776 3.2908 1.5446 9.9885
Cyclist -1 -1 1.7242 413.3930 171.6977 446.5855 238.1408 1.7233 0.6153 1.7934 -4.6760 1.4702 19.5470 1.4894 8.1727
Pedestrian -1 -1 -1.8138 760.8195 165.4419 835.9607 295.7156 1.6493 0.7831 0.8049 2.5385 1.4474 9.5013 -1.5527 3.6905
Car -1 -1 -1.5825 541.3154 156.1506 581.4757 200.3314 2.0036 1.8223 4.5736 -1.9864 0.8549 34.9176 -1.6393 6.8983
Cyclist -1 -1 1.6215 458.7484 169.7074 482.0553 226.5549 1.7023 0.6326 1.7090 -4.0987 1.3503 22.3969 1.4405 3.4643
Pedestrian -1 -1 -1.6133 645.9149 166.6243 679.7538 229.6215 1.6317 0.8560 0.8339 1.5851 1.2476 19.0367 -1.5302 3.4483
Car -1 -1 -1.7287 659.8487 162.9417 705.1589 194.9269 1.4657 1.5973 3.7799 3.8648 0.6162 34.8394 -1.6182 2.1095
Pedestrian -1 -1 -2.1339 1100.7168 120.7749 1237.0000 373.0000 1.7924 0.6836 0.8238 3.9885 1.4137 4.9420 -1.4548 1.3033
Car -1 -1 -1.6858 568.8652 175.4697 638.1010 233.7527 1.5886 1.6294 3.7881 -0.0530 1.4254 21.5528 -1.6883 1.2850
Pedestrian -1 -1 -1.3065 568.5070 179.6491 610.6403 250.5420 1.5333 0.7582 0.8014 -0.2922 1.4945 16.0152 -1.3247 0.7431
Car -1 -1 -1.3754 427.9962 159.2635 459.4611 179.5022 1.4572 1.5884 3.8990 -11.8097 -0.1553 54.0714 -1.5904 0.2948
Pedestrian -1 -1 -1.7380 616.5921 179.9090 661.8304 279.5632 1.5537 0.6190 0.6866 0.5564 1.5302 11.5749 -1.6900 0.2155
Car -1 -1 -0.5588 928.2212 164.2328 1152.6508 239.2805 1.4660 1.5985 3.6771 8.9260 1.1299 14.8612 -0.0179 -0.5271
Pedestrian -1 -1 -1.2656 526.2342 168.6772 538.9660 193.4182 1.6641 0.6344 0.8544 -4.6618 0.8023 48.7964 -1.3608 -0.2207
