Car -1 -1 -1.6456 594.4103 129.7789 691.9534 240.9249 2.5108 2.0887 6.0152 0.8857 1.3436 19.2609 -1.5996 9.0621
Cyclist -1 -1 3.2469 460.3511 173.6390 496.5390 208.6024 1.6666 0.5561 1.6684 -5.9203 1.2928 34.5691 3.0773 -0.0184
Pedestrian -1 -1 -1.3481 433.6529 172.3232 462.1166 225.7279 1.6907 0.7372 0.8141 -4.9672 1.4013 23.1502 -1.5594 3.7748
Car -1 -1 1.9781 0.0000 190.1620 489.1802 373.0000 1.5382 1.6427 4.1237 -2.0591 1.6272 5.1832 1.6000 8.1575
Pedestrian -1 -1 -1.7964 726.6269 161.3077 797.1861 272.9564 1.6024 0.8534 0.8656 2.3358 1.3139 10.7448 -1.5823 3.0439
Car -1 -1 1.5730 497.9911 174.5218 525.9363 201.1592 1.5880 1.6573 4.0451 -5.5868 1.1727 44.9282 1.4493 2.8033
Pedestrian -1 -1 -1.5317 575.9411 169.7921 587.1024 197.7047 1.6184 0.6253 0.7358 -1.1607 0.9404 42.0191 -1.5593 2.8791
Car -1 -1 1.7834 467.9162 177.9431 507.4247 202.8567 1.4742 1.6000 4.0702 -7.0010 1.2645 44.5809 1.6277 0.9926
Pedestrian -1 -1 1.6112 559.4020 169.7840 571.7948 199.2710 1.6976 0.6905 0.7459 -2.0777 1.0239 41.7292 1.5614 2.5934
Pedestrian -1 -1 -1.1294 502.1092 167.2202 525.0665 210.0135 1.8575 0.6663 0.9492 -3.8891 1.2386 31.7331 -1.2514 2.1853
Pedestrian -1 -1 -1.3042 394.1003 172.7380 424.2655 223.8090 1.5685 0.7345 0.7734 -6.0275 1.3005 22.4476 -1.5666 2.0856
Pedestrian -1 -1 -1.4326 522.9251 174.2602 535.4231 203.2438 1.6868 0.6346 0.7467 -4.2395 1.2663 42.1892 -1.5327 1.1743
Pedestrian -1 -1 -1.7201 570.3542 172.5358 582.8758 199.6373 1.6560 0.6576 0.8164 -1.5307 1.1090 44.3518 -1.7546 0.0859
