Car -1 -1 1.6395 526.0761 167.4164 599.0728 230.8859 1.5502 1.6948 4.4504 -0.9891 1.2074 19.7831 1.5896 10.4446
Cyclist -1 -1 1.6872 464.6515 165.4753 486.6477 213.4515 1.6235 0.5757 1.6313 -4.4124 1.0823 25.1361 1.5134 0.1366
Pedestrian -1 -1 -2.1609 1015.7934 132.5941 1197.0234 358.1910 1.6721 0.8378 0.8812 3.9481 1.3110 5.7666 -1.5606 4.6971
Car -1 -1 -1.6374 641.5507 141.5183 712.6177 217.1920 2.2320 1.9561 5.3826 2.3583 1.0539 23.9059 -1.5391 5.3736
Pedestrian -1 -1 -1.9737 932.3841 159.0257 1113.6582 373.0000 1.5929 0.7032 0.7306 2.4343 1.4715 4.3226 -1.4608 2.9625
Car -1 -1 -1.3912 522.5894 155.9860 555.7576 178.9735 1.4662 1.5775 3.7258 -4.1238 -0.1756 48.1689 -1.4766 0.9796
Pedestrian -1 -1 -1.7606 772.5865 153.5602 818.1858 246.9404 1.6995 0.6829 0.8120 3.5919 1.1922 13.4995 -1.5006 2.3594
Car -1 -1 -1.4812 554.2103 158.8804 578.5303 178.3146 1.4749 1.5912 3.9091 -2.7341 -0.2618 57.1539 -1.5290 -0.6864
Pedestrian -1 -1 -1.6882 828.5786 155.7127 957.0339 373.0000 1.6863 0.6587 0.8088 1.7721 1.5394 4.6014 -1.3206 0.2571
Pedestrian -1 -1 -2.1908 1122.6282 184.3675 1237.0000 328.9169 1.4503 0.6474 0.7117 6.0366 1.4834 7.5914 -1.5190 -0.1323
Pedestrian -1 -1 -2.2630 1156.0528 166.1737 1237.0000 307.2170 1.6260 0.6660 0.8318 7.3231 1.4506 8.6969 -1.5632 -0.5066
