Car -1 -1 1.5230 627.5623 160.8053 650.2672 180.7117 1.4760 1.5537 3.9951 2.8811 -0.0625 55.4203 1.5749 1.8369
Cyclist -1 -1 1.7761 436.0977 165.9669 504.7989 298.4385 1.6715 0.6041 1.6918 -1.8135 1.4768 9.9142 1.5952 7.2430
Pedestrian -1 -1 -1.0701 584.8839 161.6822 661.5578 292.1393 1.7278 0.6995 0.9737 0.2746 1.4666 10.1078 -1.0430 5.3984
Car -1 -1 -1.4615 456.8895 178.7037 496.9626 209.8303 1.5233 1.6287 3.8853 -6.3883 1.3874 37.1407 -1.6319 1.2518
Cyclist -1 -1 1.4871 604.5118 167.5681 618.2709 196.7429 1.7184 0.6794 1.7700 0.5939 0.8986 43.2130 1.5008 0.6585
Pedestrian -1 -1 1.3297 841.6885 140.4041 949.7148 336.7676 1.7742 0.7676 0.9197 2.7791 1.4043 6.9957 1.7078 5.3919
Car -1 -1 -2.1942 960.3260 140.2098 1152.0269 217.8048 1.4796 1.6057 3.7484 9.6122 0.6935 15.6217 -1.6426 0.2677
Cyclist -1 -1 1.4911 615.0296 168.1993 623.8162 189.6913 1.6662 0.5573 1.6825 1.4334 0.6356 56.5410 1.5164 -0.7976
Pedestrian -1 -1 -1.5463 579.8414 170.3939 604.4402 226.9502 1.6872 0.7301 0.8110 -0.3037 1.3570 21.8367 -1.5602 5.2398
Car -1 -1 -2.4132 1105.6989 153.3127 1237.0000 373.0000 1.5152 1.6361 4.0956 5.8451 1.3935 5.1863 -1.5682 -0.4788
Pedestrian -1 -1 -1.7114 544.8387 167.3307 574.5700 223.1599 1.6648 0.7849 0.9074 -1.3101 1.2434 21.9402 -1.7711 5.0893
Car -1 -1 -2.2061 366.7401 153.7788 444.2447 186.6444 1.5496 1.6411 4.0409 -9.7964 0.2435 35.7632 -2.4734 -0.5524
Pedestrian -1 -1 1.8440 340.4972 161.6492 427.3355 323.3447 1.7369 0.7224 0.9483 -2.5012 1.5250 8.1958 1.5478 4.7272
Car -1 -1 1.7378 476.7742 159.2144 502.9934 177.4043 1.4977 1.6070 3.9351 -9.5648 -0.3645 62.0165 1.5848 -0.7395
Pedestrian -1 -1 1.2001 940.1157 137.5635 1060.3699 336.2459 1.6917 0.7131 0.7979 3.5531 1.3190 6.5542 1.6969 4.4331
Pedestrian -1 -1 -2.2552 0.0000 161.3210 99.5138 343.0175 1.7185 0.6667 0.8639 -5.7442 1.5290 7.2088 -2.9280 3.2350
Pedestrian -1 -1 -1.6111 594.8064 170.7417 616.5101 222.6279 1.6699 0.6776 0.7842 0.1070 1.3247 23.5198 -1.6065 2.4578
