Car -1 -1 -1.7733 705.3579 104.7055 922.1402 303.5520 2.5322 2.1197 6.2667 3.1217 1.5556 12.3234 -1.5252 10.5330
Cyclist -1 -1 2.5492 659.2546 178.8833 708.2536 227.7971 1.6304 0.5686 1.6253 2.7960 1.5443 24.5686 2.6625 1.0989
Pedestrian -1 -1 -1.3598 512.6338 175.1531 540.2259 234.0382 1.6793 0.6312 0.8858 -2.2100 1.4995 20.9573 -1.4649 4.7205
Car -1 -1 -2.4946 547.7517 180.8787 626.8499 210.3679 1.4700 1.6161 3.9676 -0.7733 1.4400 37.6242 -2.5152 0.6677
Cyclist -1 -1 -1.4080 643.9029 177.3238 656.5214 201.2530 1.6961 0.6433 1.6953 3.5406 1.4007 51.8114 -1.3398 -0.2615
Pedestrian -1 -1 -1.9470 964.5638 161.8731 1077.8755 331.7222 1.6312 0.7365 0.8538 4.2229 1.4441 7.3717 -1.4267 4.1275
Car -1 -1 -1.6008 613.0174 169.7037 633.4814 187.7879 1.4748 1.6012 3.9319 1.8391 0.5133 60.5446 -1.5704 -0.3667
Cyclist -1 -1 1.6295 601.1557 175.2318 607.8964 192.9851 1.6974 0.5543 1.7166 0.3447 1.0984 69.5499 1.6344 -0.3083
Pedestrian -1 -1 -1.5390 625.3814 176.7492 643.8572 218.8879 1.6786 0.7220 0.8286 1.3298 1.4904 29.0542 -1.4933 2.9382
Car -1 -1 2.1026 133.4880 150.3608 235.7613 191.6255 1.4946 1.6070 4.0760 -16.1577 0.3678 28.0603 1.5802 -0.5909
Pedestrian -1 -1 1.8193 376.1003 171.9743 427.5699 280.2155 1.7497 0.6642 0.7606 -3.3628 1.5970 11.9975 1.5460 2.9127
Pedestrian -1 -1 -1.6126 635.5198 176.6059 647.5039 206.5427 1.6779 0.6448 0.7573 2.2639 1.4044 40.6424 -1.5570 1.7988
Pedestrian -1 -1 -0.7825 668.5027 178.8770 700.0798 228.0121 1.6450 0.6561 0.8611 2.8106 1.5582 24.5703 -0.6686 0.6602
Pedestrian -1 -1 1.6314 575.8131 178.3958 594.2196 221.5865 1.6283 0.6609 0.7492 -0.6430 1.5123 27.4661 1.6080 0.5499
Pedestrian -1 -1 1.0289 407.2615 169.3890 443.9892 238.7836 1.7144 0.6099 0.7403 -4.4948 1.4164 18.2217 0.7871 0.3282
Pedestrian -1 -1 -1.6171 644.9141 176.3902 653.8081 200.5385 1.7270 0.6061 0.7088 3.4649 1.3622 51.7307 -1.5502 -0.4251
