Car -1 -1 1.6960 458.8906 178.9654 517.6244 223.8891 1.5365 1.6457 4.1446 -4.1364 1.4509 26.6619 1.5421 0.1623
Cyclist -1 -1 1.7099 450.1673 181.8087 502.2298 284.5565 1.6526 0.6619 1.6932 -2.1752 1.6595 12.4133 1.5364 3.1880
Pedestrian -1 -1 -1.6446 577.6305 177.5314 607.5100 242.4032 1.6614 0.7176 0.9009 -0.2739 1.5609 18.8748 -1.6591 5.2988
Car -1 -1 1.7475 483.1526 155.0661 517.2311 177.9661 1.4721 1.6208 3.9786 -6.8233 -0.2495 48.8195 1.6086 -0.4031
Cyclist -1 -1 -3.2070 681.9742 160.9216 712.3794 190.4494 1.6750 0.5629 1.6896 5.4689 0.5085 41.0827 -3.0747 -0.6905
Pedestrian -1 -1 3.5029 281.2539 178.1537 363.6296 315.6142 1.6666 0.5379 0.8248 -3.5199 1.6273 8.9804 3.1294 3.8976
Car -1 -1 -1.7201 527.8789 168.7387 564.9236 195.1394 1.4725 1.6030 3.8459 -3.2689 0.7615 42.1154 -1.7975 -0.7510
Pedestrian -1 -1 1.4014 555.4048 180.6828 580.4217 228.0455 1.6097 0.7443 0.7708 -1.1893 1.5830 24.8673 1.3537 3.7666
Pedestrian -1 -1 -1.1949 891.7756 170.4833 960.4441 286.0278 1.6394 0.6844 0.8147 4.8036 1.4844 10.7187 -0.7736 3.6646
Pedestrian -1 -1 2.4675 297.0669 172.8436 422.1071 367.3548 1.7339 0.6955 0.9186 -2.3814 1.6581 6.9750 2.1385 3.0530
Pedestrian -1 -1 1.8010 535.8265 180.0291 564.2113 235.0404 1.6344 0.6918 0.8210 -1.5815 1.5918 21.7984 1.7286 2.8009
Pedestrian -1 -1 1.4329 694.1429 173.6816 718.4962 228.4202 1.7810 0.6950 0.7761 3.4377 1.5277 23.7593 1.5766 2.4709
Pedestrian -1 -1 -1.7377 782.7868 169.0000 828.4802 255.2301 1.7072 0.7603 0.8777 4.1247 1.4610 14.6958 -1.4641 2.3036
Pedestrian -1 -1 1.6756 460.9990 183.3363 505.3998 280.3586 1.6369 0.6893 0.7911 -2.0945 1.6714 12.5483 1.5102 -0.0153
