Car -1 -1 1.7352 418.9833 179.4140 488.9826 232.5736 1.5607 1.6088 3.6670 -4.6467 1.5006 22.9476 1.5354 2.4414
Cyclist -1 -1 1.6932 479.5304 168.8027 525.1174 270.4777 1.7223 0.6105 1.8043 -1.8160 1.5085 13.0726 1.5551 8.5557
Pedestrian -1 -1 -1.1900 568.0830 165.8073 632.1247 279.1384 1.6895 0.7107 0.9360 -0.0507 1.4568 11.2717 -1.1945 6.7285
Car -1 -1 -1.7048 670.1617 171.5695 715.7862 204.4930 1.4927 1.6417 4.0317 4.3349 1.0434 34.5888 -1.5802 2.1411
Pedestrian -1 -1 -1.9508 895.4317 144.0530 1000.3374 315.7601 1.7006 0.6969 0.9328 3.5816 1.3311 7.5982 -1.5104 5.2735
Car -1 -1 3.0742 507.6365 184.7467 587.9615 214.8316 1.4843 1.6080 3.9965 -2.7792 1.6562 36.7514 2.9987 0.2978
Pedestrian -1 -1 -1.6282 549.5467 168.8291 574.6443 221.8184 1.6619 0.7515 0.8710 -1.2929 1.2656 23.0018 -1.6844 4.4548
Pedestrian -1 -1 1.3547 779.0423 148.9658 842.5793 291.4177 1.8083 0.6611 0.7313 2.7072 1.3966 9.5013 1.6323 4.4401
Pedestrian -1 -1 1.9271 406.3367 173.5487 473.9635 290.0279 1.6533 0.7430 0.8145 -2.4185 1.5417 10.6461 1.7037 4.3992
Pedestrian -1 -1 3.6459 151.2212 164.5203 248.4886 306.7195 1.7418 0.7012 0.8501 -5.1392 1.5351 9.1500 3.1342 4.1664
Pedestrian -1 -1 -1.4878 522.1665 168.7199 545.9312 221.5641 1.7871 0.7495 0.8303 -2.3351 1.3560 24.7101 -1.5820 1.5831
Pedestrian -1 -1 -1.9701 943.8480 137.3012 1035.5973 300.7242 1.7444 0.6554 0.7715 4.2937 1.2740 8.0784 -1.4816 0.4456
Pedestrian -1 -1 -1.2440 461.7825 172.3237 475.7512 200.8215 1.6672 0.6180 0.7062 -7.8290 1.1311 42.4146 -1.4265 -0.4567
