Car -1 -1 -1.7343 730.6321 107.2762 949.3178 318.4302 2.3319 2.0242 5.6397 3.1153 1.5136 10.8487 -1.4546 5.7030
Cyclist -1 -1 1.4949 567.3372 165.3714 588.4396 213.1925 1.6586 0.6286 1.6557 -0.8786 1.1003 25.7695 1.4609 -0.4172
Pedestrian -1 -1 -2.1187 1028.5438 154.2548 1195.6870 359.1109 1.6326 0.8330 0.8790 4.2945 1.4168 6.1854 -1.5118 5.0267
Car -1 -1 1.5852 611.0224 161.2779 631.3299 180.1732 1.4709 1.5893 3.9449 1.6514 -0.1107 58.2032 1.6136 1.4294
Pedestrian -1 -1 -1.3454 504.4736 169.3559 535.1799 229.0143 1.6132 0.6700 0.8667 -2.2823 1.2860 19.8898 -1.4596 4.9343
Car -1 -1 1.5360 600.1037 176.5934 626.3063 199.9936 1.4759 1.5843 3.7659 0.7484 1.1672 47.2027 1.5519 0.4746
Pedestrian -1 -1 1.9012 312.0768 164.0416 379.1406 292.2826 1.7018 0.6704 0.7377 -3.5559 1.4715 9.9037 1.5565 4.1244
Car -1 -1 -1.5151 585.0064 167.1042 620.6011 198.4261 1.5103 1.6025 3.8745 0.1101 0.8170 36.6146 -1.5121 0.0104
Pedestrian -1 -1 2.2116 562.7770 164.8324 593.4838 214.3779 1.7342 0.6858 0.9196 -0.8528 1.1519 25.7143 2.1785 3.4303
Car -1 -1 1.4490 647.7827 155.0675 678.2144 178.5052 1.4726 1.5391 3.9045 4.0502 -0.2061 47.6192 1.5338 -0.7071
Pedestrian -1 -1 1.5563 626.4050 165.1093 645.0952 209.1087 1.6848 0.7121 0.7990 1.3091 1.0582 27.9139 1.6031 3.3811
Pedestrian -1 -1 -2.2879 385.2570 160.5762 432.8174 237.2625 1.7247 0.6980 0.8219 -4.4993 1.2553 16.6712 -2.5515 2.1828
Pedestrian -1 -1 2.6394 652.0656 165.7012 687.6248 219.7470 1.6728 0.6836 0.9016 2.1343 1.1849 22.7233 2.7331 2.1490
