Car -1 -1 1.6717 518.3619 154.3739 545.5371 175.7126 1.4846 1.6000 4.0796 -5.0836 -0.4440 53.1311 1.5763 1.6577
Cyclist -1 -1 1.8606 396.3487 167.8134 480.2993 297.8381 1.6429 0.6815 1.6862 -2.2546 1.4713 9.9379 1.6375 5.6640
Pedestrian -1 -1 -1.8228 799.4622 149.4598 853.6844 248.1799 1.7044 0.7013 0.9872 3.9866 1.1525 12.9093 -1.5233 6.0400
Car -1 -1 1.2916 678.9803 160.5931 724.2733 190.2103 1.6624 1.6324 3.8696 5.8523 0.4897 42.3493 1.4290 0.0243
Pedestrian -1 -1 -1.5273 575.7598 161.8513 609.0326 233.9887 1.6792 0.7598 0.9017 -0.2408 1.2230 17.1806 -1.5413 4.9615
Car -1 -1 2.9589 255.8286 121.5576 409.8655 176.6772 1.4966 1.6245 4.1057 -8.0527 -0.1554 21.5614 2.6015 -0.2593
Pedestrian -1 -1 0.8502 142.5770 163.8677 277.8446 360.4808 1.6891 0.6391 0.9326 -3.6478 1.5390 6.6277 0.3470 3.8112
Car -1 -1 1.3078 655.0754 159.8848 699.9737 190.2424 1.6930 1.6518 3.8977 4.4066 0.4884 42.1128 1.4121 -0.7778
Pedestrian -1 -1 1.3861 708.4589 155.6819 737.0800 218.4774 1.7528 0.6505 0.8900 3.4243 1.0333 20.4992 1.5517 3.7106
Pedestrian -1 -1 2.7284 498.7912 157.5074 542.1274 227.6432 1.7712 0.6568 0.9328 -2.1375 1.1665 18.6565 2.6144 3.1281
Pedestrian -1 -1 1.5825 547.5127 163.8995 572.9902 218.9604 1.6236 0.7507 0.7730 -1.2620 1.1057 21.5824 1.5241 3.0489
Pedestrian -1 -1 -1.4985 981.4933 148.3127 1051.3494 300.6987 1.6702 0.6539 0.7806 4.8002 1.3078 8.3769 -0.9781 2.7091
Pedestrian -1 -1 2.6329 0.0000 164.1953 216.7803 373.0000 1.8019 0.6600 0.8085 -2.6561 1.7251 3.7529 2.0170 1.0063
