Car -1 -1 -1.7626 649.0814 159.7071 694.2844 191.6207 1.6184 1.6623 4.0336 3.7022 0.5141 38.5126 -1.6667 0.9371
Cyclist -1 -1 1.6268 534.1860 161.5619 558.4787 225.6266 1.7397 0.5931 1.7793 -1.5799 1.1994 20.3995 1.5495 7.8173
Pedestrian -1 -1 -2.0447 831.0800 146.7270 909.0140 267.9890 1.6572 0.7165 0.8890 3.7859 1.1833 10.2991 -1.6925 5.2950
Car -1 -1 0.7992 0.0000 192.5462 220.5731 373.0000 1.4772 1.5898 3.8656 -5.0835 1.5688 5.0531 0.0108 -0.3987
Cyclist -1 -1 1.7816 167.0813 162.8515 321.3729 373.0000 1.6745 0.6341 1.7032 -2.5010 1.5665 5.1167 1.3270 7.1164
Pedestrian -1 -1 -1.0756 555.8449 161.3484 610.8465 249.9537 1.6954 0.7569 0.9087 -0.3906 1.3111 14.3187 -1.1029 4.5602
Car -1 -1 1.8771 498.0063 155.9218 538.3677 178.6891 1.4735 1.6072 4.0179 -5.6323 -0.2000 49.1405 1.7630 -0.7958
Cyclist -1 -1 0.8551 970.5777 152.1515 1237.0000 373.0000 1.7005 0.5617 1.7174 1.9951 1.6345 2.5191 1.5250 0.5482
Pedestrian -1 -1 -1.4476 670.1299 159.0133 689.3073 201.8842 1.7395 0.6884 0.8525 3.2180 0.8281 29.6371 -1.3394 3.8064
Cyclist -1 -1 1.6381 548.2352 173.1776 555.9982 191.9501 1.6846 0.5922 1.7076 -4.4444 0.9382 65.3131 1.5701 -0.6959
Pedestrian -1 -1 1.6830 505.6869 164.6724 543.0374 242.7297 1.7179 0.7521 0.8408 -1.7667 1.3488 16.2282 1.5746 3.4390
Pedestrian -1 -1 3.1757 400.2127 159.7505 449.4632 251.8012 1.7175 0.6741 0.8993 -3.4247 1.3130 13.8232 2.9328 3.3316
Pedestrian -1 -1 1.4048 726.5316 154.6687 763.9416 239.1731 1.7295 0.6340 0.8757 2.9832 1.1816 15.1459 1.5993 3.2681
Pedestrian -1 -1 -1.5493 656.2622 160.9603 675.4477 202.7445 1.6877 0.7676 0.8424 2.6315 0.8591 29.4728 -1.4602 0.8715
Pedestrian -1 -1 -1.5537 587.3248 165.1045 598.7185 196.2349 1.7151 0.6213 0.8443 -0.4667 0.8126 39.9979 -1.5654 -0.6033
