Car -1 -1 -1.7062 679.9933 131.2520 810.1213 262.7605 2.4121 2.0241 5.3738 2.8961 1.4917 15.9021 -1.5261 6.7177
Pedestrian -1 -1 1.7181 452.1839 173.6229 483.2247 247.5215 1.7223 0.6142 0.8476 -3.2231 1.5399 17.1739 1.5326 4.3711
Car -1 -1 -2.8569 501.0872 188.1401 591.2058 221.8906 1.4656 1.5972 3.8125 -2.5146 1.7809 32.8285 -2.9334 0.8351
Pedestrian -1 -1 -1.8369 845.3873 170.9032 926.1326 294.5934 1.6113 0.8261 0.8552 3.8175 1.4746 9.8235 -1.4662 4.0196
Car -1 -1 -0.1698 675.6939 185.2390 761.7107 216.5399 1.5212 1.6186 4.0277 5.8117 1.7134 35.9333 -0.0094 0.1321
Pedestrian -1 -1 2.2235 206.0611 180.9667 291.2220 301.0388 1.6301 0.7706 0.7829 -5.0411 1.6242 10.2078 1.7647 3.6670
Car -1 -1 -1.5451 574.4693 186.5218 603.6974 213.6311 1.4838 1.6107 3.8515 -0.6812 1.7914 41.9619 -1.5613 -0.4200
Pedestrian -1 -1 -1.5187 604.6017 176.2771 621.2690 216.1047 1.7213 0.6857 0.9262 0.4960 1.4966 31.5288 -1.5029 2.9165
Pedestrian -1 -1 -1.3876 498.4499 178.7349 523.8830 232.9326 1.7013 0.6709 0.8191 -2.9068 1.6156 22.9742 -1.5135 2.8329
Pedestrian -1 -1 -1.5806 617.6110 178.2629 628.8218 206.7723 1.6769 0.6565 0.7826 1.2925 1.4873 42.6477 -1.5503 2.7547
Pedestrian -1 -1 1.4645 654.9821 179.2208 667.2538 207.4505 1.6283 0.6354 0.7444 3.4721 1.4976 41.8111 1.5474 1.0172
Pedestrian -1 -1 -1.6212 641.6316 176.5771 653.1813 205.7336 1.6810 0.6345 0.7040 2.6715 1.3980 41.7695 -1.5574 0.8619
Pedestrian -1 -1 -1.6763 567.3569 179.6278 583.8316 217.7761 1.6509 0.6355 0.8512 -1.1532 1.5708 31.5504 -1.7128 0.3598
