Car -1 -1 1.4944 631.2210 164.5061 652.4001 181.9202 1.5166 1.5935 4.0233 3.6351 0.0370 64.5840 1.5507 0.0813
Cyclist -1 -1 1.9291 15.9118 138.5557 269.3967 373.0000 1.6670 0.6417 1.6755 -2.4964 1.4780 4.0659 1.3785 9.2076
Pedestrian -1 -1 -2.0202 834.0177 148.2333 915.4628 273.8993 1.6398 0.7371 0.8625 3.6748 1.2071 9.8343 -1.6626 5.4374
Car -1 -1 1.7187 468.6188 156.7943 498.5047 177.9464 1.4684 1.5987 3.9083 -8.5566 -0.2689 52.4929 1.5571 -0.3103
Cyclist -1 -1 1.6056 526.5842 162.0188 551.3289 231.5326 1.7464 0.5928 1.7887 -1.6652 1.2582 18.9534 1.5180 6.4558
Pedestrian -1 -1 -1.2261 554.6909 158.4595 606.3912 250.8104 1.6988 0.7296 0.9029 -0.4284 1.2762 13.7532 -1.2572 4.5556
Cyclist -1 -1 1.8088 438.1697 148.4408 465.4819 194.7633 1.7621 0.6297 1.8797 -5.8897 0.5055 28.2718 1.6035 -0.7371
Pedestrian -1 -1 1.6993 490.7310 161.2112 530.3336 244.3006 1.7125 0.7360 0.8166 -1.9516 1.2956 15.2113 1.5717 4.3784
Cyclist -1 -1 1.7449 475.7724 164.7232 488.9424 190.6146 1.6680 0.5715 1.6816 -7.7946 0.5879 47.1181 1.5810 -0.8430
Pedestrian -1 -1 1.3311 730.9243 149.6264 772.8773 244.0277 1.8011 0.6114 0.8926 2.9146 1.1942 14.1596 1.5341 4.0460
Pedestrian -1 -1 3.1952 365.5130 159.4373 417.9076 256.0874 1.6776 0.6615 0.8707 -3.7891 1.2959 12.8879 2.9093 3.6328
Pedestrian -1 -1 1.6094 528.7081 165.3432 553.6398 228.8770 1.6593 0.6338 0.8600 -1.6352 1.2385 19.2025 1.5245 3.4180
