Car -1 -1 -1.7914 729.8835 100.7991 986.9133 331.4340 2.3081 1.9781 5.4153 3.0223 1.5019 9.9596 -1.4968 5.2770
Cyclist -1 -1 -1.2314 707.7434 161.2458 751.0854 228.4682 1.7682 0.6213 1.7853 3.5200 1.2366 19.8224 -1.0556 2.3859
Pedestrian -1 -1 -2.1474 1071.0055 146.8305 1237.0000 373.0000 1.6355 0.8499 0.8645 4.3176 1.3879 5.6197 -1.4923 5.7655
Car -1 -1 1.6010 514.3625 181.3938 560.5181 224.3607 1.4588 1.5647 3.7742 -2.3075 1.4563 26.3149 1.5135 1.5857
Cyclist -1 -1 1.7214 645.1316 168.4865 673.5324 226.1293 1.6621 0.6120 1.6587 1.7264 1.2880 21.5876 1.8012 1.6484
Pedestrian -1 -1 -1.3654 506.8557 166.8531 536.7933 231.5938 1.6971 0.6320 0.8978 -2.1626 1.3143 19.3039 -1.4770 4.3351
Car -1 -1 -1.3836 577.6310 168.5549 622.6976 202.0490 1.5790 1.5913 3.6771 -0.0189 0.9697 35.8164 -1.3841 0.5582
Pedestrian -1 -1 2.0966 263.9827 165.2477 349.8403 309.6702 1.6909 0.6931 0.7547 -3.6479 1.5019 8.8278 1.7048 4.0846
Car -1 -1 -1.5084 608.8202 164.1526 631.6356 183.2476 1.4750 1.5876 3.8974 1.5580 0.1355 57.4985 -1.4813 -0.2745
Pedestrian -1 -1 2.1755 643.9242 169.0257 680.0051 225.3591 1.6614 0.7035 0.8986 1.8083 1.2947 21.7536 2.2585 2.9703
Car -1 -1 -1.4582 641.7156 158.0939 672.0498 181.7170 1.4827 1.5697 3.7782 3.6795 0.0143 47.0859 -1.3803 -0.7460
Pedestrian -1 -1 -1.6069 626.4687 168.9419 646.0614 213.1660 1.6566 0.7133 0.8178 1.2991 1.1872 27.3180 -1.5594 2.4639
Pedestrian -1 -1 2.2218 558.9857 163.9471 591.1335 216.1150 1.7599 0.6909 0.9254 -0.9306 1.1688 24.8076 2.1843 2.3152
Pedestrian -1 -1 -2.3244 371.8241 165.0522 419.8404 242.6959 1.6587 0.6425 0.8015 -4.5644 1.3086 15.8244 -2.6052 -0.2742
