Car -1 -1 -1.8528 659.2347 184.4147 724.7787 222.9271 1.4860 1.6175 4.1939 3.7096 1.6186 30.2457 -1.7307 0.9700
Cyclist -1 -1 1.6963 444.9865 181.8132 500.0482 286.3163 1.6240 0.7049 1.6950 -2.1686 1.6309 12.0302 1.5179 5.2737
Pedestrian -1 -1 -1.4831 578.3434 178.6294 609.8410 245.1274 1.6780 0.7409 0.9165 -0.2135 1.6067 18.6086 -1.4946 4.5562
Car -1 -1 1.7221 484.3148 158.2926 517.0662 181.1090 1.4753 1.6230 3.8853 -6.7427 -0.0268 48.4655 1.5839 -0.2556
Cyclist -1 -1 1.7115 528.7586 178.5396 539.6080 201.8532 1.7028 0.5684 1.7181 -4.9694 1.4872 53.3366 1.6186 -0.3797
Pedestrian -1 -1 -1.1858 900.8546 170.6601 973.6342 286.5831 1.5878 0.7070 0.7936 4.8030 1.4407 10.3658 -0.7519 4.5028
Cyclist -1 -1 1.2632 659.5524 169.0143 672.5267 188.6554 1.7536 0.6533 1.8048 5.8814 0.6393 65.0850 1.3533 -0.4479
Pedestrian -1 -1 0.3736 255.6560 179.2999 349.3998 324.0945 1.6706 0.5693 0.8891 -3.5995 1.6466 8.5803 -0.0236 4.1250
Cyclist -1 -1 1.4414 640.1777 178.0435 650.2188 199.0120 1.6678 0.5978 1.6623 3.5517 1.3934 57.9837 1.5026 -0.4638
Pedestrian -1 -1 2.4890 268.9724 174.4109 405.1313 373.0000 1.7318 0.6860 0.9252 -2.4120 1.6750 6.4678 2.1321 3.7213
Pedestrian -1 -1 1.6136 554.3853 178.2149 578.0458 228.2301 1.6662 0.7679 0.8328 -1.2113 1.5578 24.3470 1.5639 3.2789
Pedestrian -1 -1 1.7141 447.7524 171.0539 497.8181 280.6393 1.7689 0.7069 0.9192 -2.1870 1.6016 12.0648 1.5348 3.0206
Pedestrian -1 -1 1.8936 528.9246 181.1986 559.1414 240.4039 1.7109 0.6415 0.8992 -1.7211 1.7034 21.2695 1.8129 2.0114
