Car -1 -1 1.9117 506.0563 155.0866 545.6635 177.3537 1.5090 1.6078 3.9289 -5.3622 -0.3092 51.5607 1.8080 -0.0848
Cyclist -1 -1 1.8049 342.9573 161.4169 436.8966 326.1271 1.6529 0.6391 1.6880 -2.3674 1.4527 8.0653 1.5194 5.9569
Pedestrian -1 -1 -1.7941 813.9540 145.2100 869.4927 254.9179 1.7335 0.6630 0.9881 3.9092 1.1614 11.8711 -1.4760 6.5567
Car -1 -1 -1.2539 1007.6556 189.3349 1237.0000 373.0000 1.4938 1.6076 4.0839 4.3748 1.5571 4.0854 -0.4343 -0.4561
Cyclist -1 -1 2.0818 543.2302 160.7911 580.5244 211.1523 1.6607 0.5350 1.6523 -1.3596 0.9789 24.5448 2.0264 0.4548
Pedestrian -1 -1 -1.4290 568.5129 160.9063 609.3297 238.3527 1.6762 0.7939 0.9061 -0.3045 1.2317 16.0430 -1.4480 5.0431
Car -1 -1 -1.4300 419.3124 173.2787 494.2654 230.2277 1.4612 1.5756 3.6331 -4.0185 1.2514 20.2850 -1.6256 -0.6074
Cyclist -1 -1 1.5647 565.1912 169.4724 571.4176 187.5502 1.7104 0.5840 1.7426 -3.1387 0.5728 68.8475 1.5191 0.0389
Pedestrian -1 -1 -1.2200 1040.8854 134.1152 1162.7792 323.3276 1.6471 0.7102 0.8131 4.6670 1.2360 6.7753 -0.6168 4.9182
Car -1 -1 1.5117 634.1662 163.8987 658.4977 184.3337 1.5148 1.6229 4.1113 3.4427 0.2106 55.3056 1.5739 -0.8072
Pedestrian -1 -1 1.6025 714.7438 151.3307 743.6543 225.0237 1.8216 0.6973 0.9612 3.2295 1.0770 18.2956 1.7772 4.2518
Pedestrian -1 -1 1.5924 540.3498 161.0400 569.0551 223.9773 1.6632 0.7578 0.8240 -1.2862 1.1237 19.4083 1.5263 3.5330
Pedestrian -1 -1 0.9657 0.0000 155.5835 182.5236 373.0000 1.7011 0.6957 0.8945 -3.6675 1.5357 5.0967 0.3420 2.6605
Pedestrian -1 -1 -0.0495 469.9947 156.5446 513.0420 234.8974 1.7710 0.6636 0.9529 -2.5912 1.2081 16.6551 -0.2038 1.4606
Pedestrian -1 -1 -1.2108 791.2921 151.2035 822.4627 211.5227 1.7737 0.6483 0.8450 6.1682 0.8839 21.6522 -0.9333 -0.2849
