Car -1 -1 -1.7348 708.6495 119.5883 874.7600 292.4889 2.5515 2.0059 5.3271 3.1744 1.6391 13.3247 -1.5010 4.2353
Cyclist -1 -1 -3.0300 560.5984 183.6495 603.5436 225.2467 1.6466 0.6021 1.6679 -0.7884 1.7350 28.8404 -3.0573 0.2232
Pedestrian -1 -1 -1.9733 925.8536 165.3602 1033.5787 319.8174 1.6375 0.7773 0.9023 4.1786 1.4677 8.0916 -1.4966 4.8048
Car -1 -1 3.0190 631.2502 183.6363 691.5809 208.6450 1.6199 1.6458 3.8068 3.9509 1.7647 47.5758 3.1019 -0.0531
Cyclist -1 -1 1.6375 561.6886 192.1055 577.3768 231.5883 1.6508 0.5764 1.6626 -1.3962 2.1266 31.3191 1.5930 -0.7968
Pedestrian -1 -1 -1.4198 516.2886 181.3121 541.1113 237.2753 1.6599 0.6332 0.8173 -2.2216 1.6554 21.7271 -1.5217 4.1587
Car -1 -1 1.4790 699.0069 187.0320 759.3038 236.9003 1.4905 1.6027 3.9284 4.1466 1.6914 23.9362 1.6506 -0.5842
Pedestrian -1 -1 1.9367 405.8640 180.2609 459.6468 273.5678 1.7044 0.7462 0.8245 -3.2154 1.6830 13.5772 1.7042 2.9432
Pedestrian -1 -1 2.4451 0.0000 181.6922 131.2979 373.0000 1.6709 0.7729 0.8788 -4.9864 1.6742 6.4731 1.7888 2.7961
Pedestrian -1 -1 -1.6183 624.4915 181.6003 641.4259 221.2313 1.6267 0.6647 0.8055 1.2907 1.6319 29.8873 -1.5752 2.7304
Pedestrian -1 -1 2.9947 681.1016 179.4369 708.4861 227.4343 1.7014 0.6730 0.8851 3.3256 1.6293 25.8049 3.1228 2.2171
Pedestrian -1 -1 1.4373 668.5946 179.8187 681.4284 209.9450 1.6771 0.6359 0.6416 4.1258 1.5843 40.3159 1.5393 1.9087
Pedestrian -1 -1 -1.6827 575.9055 182.4438 595.8741 223.1491 1.6004 0.7052 0.8608 -0.6451 1.6398 28.7351 -1.7052 1.8742
Pedestrian -1 -1 -1.6561 657.8359 181.8484 670.7155 211.4626 1.6459 0.6601 0.7136 3.5203 1.6665 40.2878 -1.5690 0.3872
Pedestrian -1 -1 -0.1330 644.9628 179.7249 657.8468 203.3449 1.7116 0.6022 0.8644 3.6579 1.5836 52.3798 -0.0633 0.1830
