Car -1 -1 1.5349 582.6529 170.5581 630.2345 218.7491 1.6641 1.6206 3.5340 0.1068 1.2873 26.5941 1.5389 0.3915
Cyclist -1 -1 1.6193 493.0005 167.6938 529.7457 259.0680 1.7042 0.6455 1.7717 -1.8093 1.4479 14.3027 1.4934 7.5647
Pedestrian -1 -1 -1.0420 558.6044 164.4755 624.7700 274.2980 1.7157 0.6958 0.9701 -0.1913 1.4510 11.8127 -1.0582 5.8953
Car -1 -1 2.0662 518.7801 172.5394 558.5993 190.7912 1.5171 1.6316 4.1792 -5.3366 0.7728 61.9462 1.9803 0.2291
Cyclist -1 -1 1.7368 605.6951 165.7666 618.7176 191.7640 1.6540 0.5799 1.6583 0.7133 0.6537 46.5681 1.7521 -0.6782
Pedestrian -1 -1 1.9643 420.5310 165.6572 486.4899 276.4125 1.7134 0.7621 0.8965 -2.4196 1.4696 11.6215 1.7591 5.0856
Pedestrian -1 -1 1.2764 760.8612 149.5526 824.4702 275.4812 1.7675 0.6597 0.9194 2.7457 1.3204 10.5524 1.5309 4.5782
Pedestrian -1 -1 -1.5101 550.4827 167.7086 575.8465 219.6840 1.6640 0.7764 0.8802 -1.2667 1.2236 23.4375 -1.5641 4.3884
Pedestrian -1 -1 3.4080 210.9632 164.8767 292.3765 291.3617 1.6656 0.6528 0.8654 -4.8242 1.4481 9.8587 2.9529 4.1276
Pedestrian -1 -1 -1.9327 878.9971 153.7635 973.9707 305.8752 1.6339 0.7354 0.8137 3.6085 1.3373 8.1401 -1.5154 3.6199
Pedestrian -1 -1 -1.4943 526.7170 169.9915 549.9241 217.2159 1.6278 0.7499 0.8457 -2.2292 1.2322 25.1849 -1.5826 3.3032
Pedestrian -1 -1 1.7465 456.6677 161.1796 468.9903 188.8982 1.6974 0.6267 0.7508 -8.5530 0.4538 44.3659 1.5561 -0.6823
Pedestrian -1 -1 1.8527 465.4985 169.2835 479.0828 197.5674 1.6890 0.6467 0.6643 -7.7715 0.9602 43.2578 1.6749 -0.7207
