Car -1 -1 -1.7849 730.6394 121.2484 960.5689 316.6238 2.0931 1.8835 5.1656 3.0467 1.4490 10.3373 -1.4983 4.1466
Cyclist -1 -1 -1.2517 705.5596 161.0364 746.8741 228.2864 1.7978 0.6051 1.8164 3.4883 1.2519 20.1449 -1.0803 1.0655
Pedestrian -1 -1 -2.1288 1044.8887 142.9388 1221.1543 360.5559 1.6502 0.8286 0.8643 4.2632 1.3592 5.9036 -1.5033 5.6214
Car -1 -1 1.5505 594.4012 164.9760 611.8474 181.4082 1.5313 1.5898 3.9789 0.1789 -0.0088 68.9664 1.5531 0.2640
Pedestrian -1 -1 -1.1768 504.1985 163.3036 539.1913 228.8450 1.7457 0.6532 0.9132 -2.2053 1.2622 19.6598 -1.2885 4.2831
Car -1 -1 1.5661 606.7237 160.6481 626.9567 179.8848 1.4889 1.5758 4.0655 1.2561 -0.1345 57.9893 1.5878 0.2549
Pedestrian -1 -1 2.0838 288.8409 159.4815 368.7204 299.1293 1.7321 0.6973 0.7414 -3.5691 1.4604 9.3252 1.7183 3.9316
Car -1 -1 -1.6677 607.1376 164.3358 643.4847 195.2414 1.6670 1.6685 4.0690 1.3068 0.7420 40.8272 -1.6357 -0.0972
Pedestrian -1 -1 2.3884 646.3854 167.2746 683.3625 223.1717 1.6899 0.7027 0.9069 1.9398 1.2609 22.2702 2.4753 3.3968
Car -1 -1 -1.7161 657.5231 174.4328 693.4817 200.1388 1.4638 1.5965 3.7535 4.3710 1.0621 42.8109 -1.6143 -0.2508
Pedestrian -1 -1 2.0317 561.2255 164.1778 589.9693 213.4659 1.7014 0.6885 0.8950 -0.9292 1.1045 25.3431 1.9950 3.0052
Car -1 -1 -1.6804 702.1595 157.9311 731.7577 180.7393 1.4635 1.5666 3.5649 7.6978 -0.0522 48.0327 -1.5215 -0.6723
Pedestrian -1 -1 -1.7152 711.4912 162.1875 725.1264 192.1951 1.6569 0.6529 0.7136 6.5073 0.5914 40.0232 -1.5540 2.5504
Pedestrian -1 -1 -1.8854 717.2916 164.2561 732.2996 194.6572 1.7217 0.6272 0.8059 7.0588 0.7459 41.1219 -1.7154 -0.6010
Pedestrian -1 -1 0.1305 641.7969 166.6826 658.0220 194.7756 1.6751 0.6669 0.8961 2.9243 0.7923 43.2440 0.1980 -0.7125
