Car -1 -1 -1.8199 737.9241 79.9678 1049.0221 351.8756 2.3836 2.0357 5.6503 3.0631 1.4949 9.1860 -1.4981 8.9878
Cyclist -1 -1 -1.3610 714.1508 161.7835 751.0821 233.0121 1.7814 0.5977 1.8009 3.4400 1.2895 18.9095 -1.1810 3.3641
Pedestrian -1 -1 1.5051 627.5318 167.3991 646.7380 212.4914 1.6583 0.6651 0.7667 1.3064 1.1407 26.8031 1.5538 5.4076
Car -1 -1 -1.6115 606.3737 163.3024 629.3668 182.9882 1.4904 1.6303 4.2519 1.2820 0.1132 56.5211 -1.5888 -0.0502
Cyclist -1 -1 2.6195 543.9067 168.4403 593.5338 217.7750 1.5942 0.4991 1.6135 -1.1038 1.1733 23.8548 2.5733 -0.4558
Pedestrian -1 -1 -1.1711 503.5830 169.4570 540.9912 235.2728 1.6714 0.6776 0.8969 -2.0917 1.3667 18.7659 -1.2821 4.8533
Cyclist -1 -1 1.4700 645.1737 166.5481 655.5790 190.9805 1.6673 0.5531 1.6713 3.4043 0.6476 49.8631 1.5382 -0.4822
Pedestrian -1 -1 2.0019 213.0129 158.7448 308.3388 330.2361 1.7612 0.6548 0.8170 -3.7166 1.5289 7.7879 1.5566 3.5943
Pedestrian -1 -1 2.3831 552.3509 169.0530 587.6351 218.8154 1.6180 0.7433 0.9147 -1.0712 1.2144 23.9403 2.3384 2.4219
Pedestrian -1 -1 -2.2080 1116.7602 133.7267 1237.0000 373.0000 1.6724 0.6793 0.8700 4.2439 1.3651 5.0936 -1.5133 2.3179
Pedestrian -1 -1 2.1773 637.3078 176.0923 674.5075 235.5936 1.6679 0.6788 0.8982 1.5435 1.5175 20.6959 2.2517 1.2667
Pedestrian -1 -1 -2.2634 359.6191 166.6153 410.0371 249.9923 1.6801 0.6482 0.7930 -4.5482 1.3814 14.9607 -2.5585 1.2323
Pedestrian -1 -1 -0.1525 711.6688 175.8629 733.6749 221.2383 1.7063 0.6414 0.7356 4.5890 1.4954 27.3354 0.0139 0.1653
