Car -1 -1 -1.3967 520.7063 165.6749 550.2887 185.7934 1.4690 1.5780 3.9360 -4.9420 0.3141 54.4748 -1.4872 1.7290
Cyclist -1 -1 1.6750 428.7265 174.3870 488.6989 290.8326 1.6696 0.7403 1.7917 -2.2351 1.5689 11.2230 1.4784 5.0148
Pedestrian -1 -1 -1.7265 792.2896 160.3118 832.6503 252.4597 1.7082 0.5995 0.9601 4.0091 1.3167 13.8279 -1.4443 5.2275
Cyclist -1 -1 1.7076 631.1098 173.1026 642.4897 194.4232 1.6791 0.6800 1.7424 2.8607 1.0183 57.4904 1.7573 2.2320
Pedestrian -1 -1 -1.4556 574.0961 169.6393 607.7177 240.7534 1.7353 0.7397 0.9775 -0.2875 1.4471 18.0488 -1.4715 5.0665
Cyclist -1 -1 1.6798 551.0942 174.4191 575.3458 227.4649 1.6569 0.6109 1.6629 -1.2508 1.4368 23.2816 1.6261 1.1241
Pedestrian -1 -1 -1.6475 936.9763 149.5986 1001.8490 281.5343 1.6549 0.6975 0.8504 4.8155 1.2561 9.5338 -1.1798 3.4121
Cyclist -1 -1 1.4536 661.2508 167.5010 670.9346 186.9020 1.7109 0.6571 1.7815 5.8108 0.4768 64.2456 1.5438 1.0087
Pedestrian -1 -1 2.5862 175.3590 162.9662 347.7067 373.0000 1.7639 0.7123 0.9372 -2.5844 1.6411 5.4008 2.1399 3.3861
Cyclist -1 -1 1.4949 645.8671 171.8136 654.3239 191.2826 1.7043 0.6186 1.7168 4.3460 0.8568 63.7405 1.5630 -0.0591
Pedestrian -1 -1 1.5746 554.4047 171.5085 578.1091 223.6359 1.6536 0.7517 0.8140 -1.1619 1.3378 23.2089 1.5246 3.3223
Pedestrian -1 -1 1.5585 699.9859 164.8351 722.2378 226.7803 1.8686 0.6649 0.7692 3.3394 1.3670 22.0930 1.7086 1.2638
Pedestrian -1 -1 -0.6432 514.3397 167.9099 554.6698 232.5802 1.7697 0.6683 0.9113 -1.9118 1.3990 20.2083 -0.7375 0.3265
