Car -1 -1 -1.4956 549.2521 179.5404 598.4025 219.8852 1.4680 1.6286 4.0149 -1.0341 1.3978 28.1730 -1.5323 3.2844
Cyclist -1 -1 0.5902 542.4636 169.7810 594.3529 220.8596 1.5976 0.5635 1.6300 -1.0960 1.2322 23.1270 0.5428 1.8188
Pedestrian -1 -1 -1.5746 505.3630 166.0230 532.2779 238.0429 1.7610 0.6554 0.9409 -2.1145 1.3838 18.0686 -1.6911 3.4289
Car -1 -1 1.5446 587.4542 157.6856 612.2228 181.4178 1.5134 1.5377 4.0012 -0.1305 -0.0051 47.8443 1.5419 0.3809
Cyclist -1 -1 1.1200 895.8456 142.9762 958.4546 224.0331 1.6784 0.5667 1.6775 7.0553 0.8820 15.7184 1.5419 0.1215
Pedestrian -1 -1 2.4348 552.0873 167.8620 588.0583 221.6941 1.6863 0.6942 0.9254 -1.0319 1.2602 23.0694 2.3901 3.1680
Car -1 -1 1.6692 550.9681 174.0243 593.5177 208.5362 1.5559 1.6486 4.0623 -1.3514 1.2198 34.4578 1.6300 0.3643
Cyclist -1 -1 1.4880 625.4159 166.3337 636.2876 191.3950 1.6903 0.6039 1.7132 2.0253 0.6681 49.3163 1.5290 0.0059
Pedestrian -1 -1 2.0498 145.4009 157.6319 255.3022 355.3458 1.7627 0.6786 0.6505 -3.7879 1.5513 6.7380 1.5377 2.3711
Car -1 -1 -1.8569 686.2586 159.7221 725.6125 182.3855 1.4867 1.6264 3.8876 7.1139 0.0588 49.1575 -1.7132 0.3200
Cyclist -1 -1 -1.1821 710.4126 171.5859 761.5297 243.6223 1.7247 0.6404 1.7880 3.3815 1.4885 18.1207 -0.9976 -0.4618
Pedestrian -1 -1 -2.2172 344.3548 161.7999 398.0064 252.6142 1.7320 0.6733 0.7839 -4.5891 1.3575 14.1980 -2.5298 2.3408
Car -1 -1 1.6278 505.1079 180.9008 558.8228 227.6518 1.4666 1.6050 3.8163 -2.3184 1.4490 24.4694 1.5334 -0.1566
Pedestrian -1 -1 2.2661 624.6402 172.9077 666.2583 232.5040 1.5917 0.7392 0.8991 1.1823 1.3634 19.7635 2.3259 2.3252
Car -1 -1 -1.6696 638.3058 171.0875 670.4722 197.0491 1.5405 1.6165 3.7676 3.2460 0.9234 44.5265 -1.5968 -0.5323
Pedestrian -1 -1 -1.5597 624.6766 167.2966 643.4405 215.4035 1.7209 0.6710 0.8115 1.1679 1.2138 26.1173 -1.5150 1.9639
Pedestrian -1 -1 -0.9850 730.8655 161.7177 747.0573 191.3352 1.7311 0.6120 0.7788 8.1351 0.5756 42.4747 -0.7958 -0.4180
