Car -1 -1 1.5608 555.3290 168.8529 581.1795 192.9210 1.5116 1.6237 3.7542 -2.1852 0.7180 47.0332 1.5143 4.1833
Pedestrian -1 -1 -1.5071 581.6071 161.9440 614.8767 231.7818 1.6676 0.7636 0.8818 -0.1027 1.2018 17.6117 -1.5130 5.0313
Car -1 -1 -1.7934 685.5603 173.7944 791.6483 243.0277 1.4682 1.6307 3.9418 3.1144 1.3061 17.2360 -1.6147 2.3090
Pedestrian -1 -1 -1.5689 643.7127 160.1231 673.0704 232.5438 1.7178 0.6952 0.8277 1.3503 1.2119 17.4757 -1.4918 4.8684
Car -1 -1 1.4358 683.7677 153.6816 717.1683 177.8178 1.4921 1.6230 4.0979 6.4527 -0.2512 47.0836 1.5720 1.3473
Pedestrian -1 -1 -2.2272 1011.3769 121.8850 1162.7719 335.3129 1.7994 0.6711 1.0033 4.3487 1.2982 6.5783 -1.6431 4.7848
Car -1 -1 1.4520 676.0363 152.7878 705.3528 175.0571 1.4925 1.6016 4.0652 6.3553 -0.4783 51.3568 1.5751 0.5168
Pedestrian -1 -1 -1.5713 948.3089 116.7528 1107.9855 373.0000 1.6787 0.8167 0.9065 2.6898 1.3131 4.6657 -1.0483 4.6812
Car -1 -1 2.7235 438.5234 151.4876 511.2147 178.8501 1.4823 1.5844 3.7633 -7.1960 -0.1566 40.9508 2.5496 0.2658
Pedestrian -1 -1 -1.5922 612.6326 162.6274 632.3189 213.8104 1.7988 0.6811 1.0389 0.7254 1.1366 25.7646 -1.5641 4.1738
Car -1 -1 -1.6269 609.0136 163.5999 645.6502 195.3764 1.4696 1.5718 3.7197 1.2097 0.6427 35.0960 -1.5924 -0.2078
Pedestrian -1 -1 -1.6209 670.4520 163.6623 698.7319 223.7601 1.6118 0.7282 0.7976 2.2396 1.1346 19.6838 -1.5076 3.9477
Pedestrian -1 -1 1.6254 469.1679 164.8018 507.5847 260.5008 1.6954 0.6552 0.8063 -2.1004 1.4009 13.1583 1.4671 3.8954
Pedestrian -1 -1 -1.7594 629.6201 165.3031 664.5575 230.2689 1.6461 0.7508 0.8902 1.1457 1.2369 18.6878 -1.6982 2.9181
Pedestrian -1 -1 1.6008 499.4998 169.4298 533.0243 259.1613 1.6173 0.5993 0.7322 -1.6128 1.4011 13.3365 1.4804 2.1483
