Car -1 -1 1.6887 552.1601 178.9438 593.3857 211.9968 1.6126 1.6607 4.0982 -1.4315 1.4888 37.1524 1.6502 9.9471
Cyclist -1 -1 1.4154 631.3401 174.8652 660.5528 237.1408 1.7303 0.5781 1.7391 1.2456 1.5471 20.8494 1.4750 1.6748
Pedestrian -1 -1 -1.6919 729.8888 172.2576 769.8794 247.9009 1.6772 0.7847 0.9327 3.3444 1.4735 16.4211 -1.4909 6.0617
Car -1 -1 -0.2698 714.4661 157.2937 792.7661 185.7529 1.5497 1.6340 3.9771 8.4464 0.2324 40.0514 -0.0620 2.6925
Pedestrian -1 -1 -1.8346 694.0803 167.8934 747.8030 270.8963 1.7195 0.7225 0.8308 2.0142 1.4936 12.4395 -1.6741 5.8317
Car -1 -1 -0.1346 666.9136 172.0290 775.6211 209.8996 1.5699 1.6966 4.3872 5.0353 1.1783 30.6847 0.0281 1.0003
Pedestrian -1 -1 -1.6107 663.5425 175.9515 708.4336 276.7817 1.6719 0.7296 0.8131 1.3976 1.5812 12.3405 -1.4979 5.5592
Car -1 -1 1.4944 657.4926 167.7301 680.9969 186.5528 1.4734 1.6052 3.7623 5.4806 0.3960 58.1202 1.5885 0.9299
Pedestrian -1 -1 -1.7334 763.6922 166.2628 794.9746 229.6977 1.6931 0.6847 0.9434 4.8293 1.2876 19.6668 -1.4927 4.9597
Pedestrian -1 -1 2.2590 428.3925 178.1974 474.2464 251.2125 1.6525 0.6611 0.8490 -3.5362 1.5789 16.7838 2.0513 3.7007
Pedestrian -1 -1 1.3358 748.8314 169.7126 782.0247 239.1310 1.6942 0.6551 0.7163 4.0431 1.4077 17.8909 1.5580 3.4352
Pedestrian -1 -1 -1.6291 630.6867 173.5078 659.0421 234.0320 1.7279 0.7722 0.8914 1.2287 1.5008 20.9504 -1.5705 3.3867
Pedestrian -1 -1 -1.9894 780.0269 166.9176 818.5521 240.2751 1.6941 0.6368 0.7262 4.6381 1.3586 16.9941 -1.7230 2.1735
