Car -1 -1 1.6140 532.7085 172.0287 559.3878 195.6465 1.5919 1.6950 4.1528 -3.8425 0.9542 50.5178 1.5381 3.9133
Pedestrian -1 -1 -1.4470 773.5814 149.1856 870.5049 362.3007 1.7173 0.7150 0.9333 1.9217 1.4583 6.3572 -1.1535 5.3878
Car -1 -1 1.8204 365.4548 164.2861 418.8242 198.4101 1.6394 1.6380 4.1427 -10.5945 0.8133 36.6044 1.5387 2.9915
Pedestrian -1 -1 -1.5418 559.1777 165.4970 588.3783 229.8435 1.6644 0.7502 0.8340 -0.7551 1.2517 18.9992 -1.5815 5.1787
Car -1 -1 0.1377 461.5663 169.3902 546.7872 205.0148 1.6593 1.6441 3.8431 -4.6041 1.0962 34.2866 0.0042 1.9389
Pedestrian -1 -1 -1.6404 497.4453 165.3024 529.9730 240.1673 1.7162 0.6982 0.9129 -2.1175 1.3461 16.9791 -1.7644 4.6456
Car -1 -1 -1.6923 654.8686 156.4184 684.7047 178.6338 1.4641 1.5866 3.9518 4.7162 -0.2063 49.8535 -1.5980 1.8236
Pedestrian -1 -1 1.4801 472.5354 160.6314 504.5099 237.8642 1.7728 0.6660 0.8994 -2.7161 1.2950 17.0038 1.3217 4.3933
Car -1 -1 -0.7284 1155.4499 138.0005 1237.0000 227.5443 1.5482 1.5980 3.6678 12.6728 0.7974 13.2778 0.0337 0.6053
Pedestrian -1 -1 -1.5874 612.3193 166.6272 641.0754 232.0004 1.6725 0.7354 0.8254 0.6203 1.2932 18.7942 -1.5544 4.0121
Car -1 -1 1.9102 332.7577 161.5525 402.4930 199.0693 1.4667 1.5921 3.8062 -9.6918 0.6879 30.0046 1.5978 0.3975
Pedestrian -1 -1 -2.1771 1104.7560 132.1141 1220.2614 291.1898 1.6556 0.6811 0.7650 6.0709 1.1430 7.8728 -1.5202 3.8214
Car -1 -1 -1.8855 728.9374 177.6596 901.4922 281.2588 1.4731 1.6144 3.8815 3.3575 1.4199 12.1876 -1.6167 0.2446
Pedestrian -1 -1 -2.2694 958.6990 135.2851 1066.3597 296.7824 1.7483 0.6638 0.8781 4.6570 1.2494 8.2667 -1.7564 3.2534
Pedestrian -1 -1 -2.6886 203.9373 198.1591 346.4466 373.0000 1.4263 0.6499 0.8141 -2.5719 1.5657 5.6157 -3.1181 2.4105
Pedestrian -1 -1 -2.6080 157.2384 227.1807 293.6246 373.0000 1.2897 0.6077 0.6300 -2.6698 1.6326 5.0500 -3.0943 -0.4191
