Car -1 -1 1.7139 541.5705 164.8345 597.5948 208.3454 1.5984 1.6538 4.0788 -1.2062 0.9872 28.4979 1.6716 12.1272
Pedestrian -1 -1 -1.8811 798.2151 167.1444 906.4660 353.9137 1.6686 0.7288 0.9040 2.3171 1.5417 6.8723 -1.5559 7.6863
Car -1 -1 -1.6158 695.9761 171.2462 800.4331 275.5611 1.5777 1.5662 3.3276 2.4320 1.4239 12.6214 -1.4254 3.1654
Pedestrian -1 -1 -1.7266 749.5507 170.4622 804.7597 277.1906 1.5356 0.6714 0.8883 2.5809 1.3781 10.8017 -1.4920 7.0921
Car -1 -1 -1.7344 692.1785 161.5684 725.4785 186.1448 1.5779 1.6069 3.7306 7.1432 0.2989 47.9964 -1.5866 0.0175
Pedestrian -1 -1 -1.7477 724.0738 163.6016 789.7955 294.5051 1.6623 0.7192 0.7881 1.9979 1.4364 9.5242 -1.5409 6.1935
Car -1 -1 -1.6225 653.5897 165.1693 682.9239 192.1265 1.6149 1.6274 3.7545 4.1473 0.6373 44.9387 -1.5304 -0.4303
Pedestrian -1 -1 -1.6746 701.0344 157.4783 753.7348 270.6140 1.6699 0.7074 0.8696 1.8787 1.3167 11.0569 -1.5063 6.1055
Pedestrian -1 -1 -1.8021 781.0135 164.4577 857.3289 316.0159 1.6359 0.6669 0.7587 2.4016 1.4533 8.1483 -1.5155 6.0838
Pedestrian -1 -1 2.4037 193.5835 142.9795 339.4994 365.0461 1.8506 0.7496 0.9548 -3.0834 1.5309 6.5682 1.9648 5.1497
Pedestrian -1 -1 0.8906 1079.1430 130.5369 1237.0000 373.0000 1.7371 0.6161 0.8818 3.9833 1.4045 5.1531 1.5486 3.8452
Pedestrian -1 -1 2.0569 61.1618 146.2174 181.3490 344.9277 1.7963 0.6414 0.8606 -4.6603 1.4788 6.9525 1.4664 2.7257
Pedestrian -1 -1 -1.8830 617.2902 154.9166 657.9184 234.2544 1.7880 0.6823 0.9547 0.7969 1.1901 16.7365 -1.8354 1.3073
Pedestrian -1 -1 -0.1783 698.2708 159.4173 712.0422 185.2731 1.6608 0.6258 0.7823 6.7146 0.2431 46.4655 -0.0348 -0.7783
