Car -1 -1 1.6837 535.9243 180.3813 575.1000 211.4548 1.5800 1.6697 3.8849 -2.4138 1.5240 38.5056 1.6211 6.7241
Cyclist -1 -1 1.3900 609.4322 175.3917 639.8249 236.6033 1.7550 0.5937 1.7798 0.6487 1.5810 21.5172 1.4201 3.0673
Pedestrian -1 -1 -1.5456 632.9698 169.7177 673.1613 268.5124 1.7608 0.7165 0.8876 0.9225 1.5521 13.2758 -1.4762 6.0557
Car -1 -1 -0.2680 0.0000 148.4743 207.7642 272.7922 1.6416 1.6586 4.1288 -8.9511 1.2069 11.6302 -0.9240 -0.1940
Pedestrian -1 -1 -1.6758 705.4675 172.6687 744.1794 244.1740 1.6832 0.8335 0.8584 2.9357 1.4765 17.3606 -1.5083 5.6884
Car -1 -1 1.6384 519.6477 163.5396 543.4481 184.1802 1.5414 1.5882 3.6652 -5.3478 0.2007 55.4972 1.5424 -0.3951
Pedestrian -1 -1 -1.6005 657.2171 177.8207 689.2534 252.8233 1.6487 0.6923 0.8288 1.5761 1.5691 16.2246 -1.5036 5.3307
Car -1 -1 -0.1309 652.0356 162.7462 751.8715 197.9503 1.4921 1.6220 4.1227 4.3041 0.6982 31.2662 0.0059 -0.7655
Pedestrian -1 -1 -1.6839 690.4194 183.4246 725.9859 247.0405 1.3860 0.7019 0.7654 2.3420 1.4313 16.0647 -1.5392 4.7549
Pedestrian -1 -1 -1.6179 668.4514 171.3311 709.8784 265.6280 1.6777 0.7146 0.8089 1.5604 1.4981 13.2067 -1.5003 4.4593
Pedestrian -1 -1 -1.6128 609.5210 174.0850 635.8778 232.0292 1.7137 0.7559 0.9025 0.6061 1.4955 21.6988 -1.5849 3.7533
Pedestrian -1 -1 2.4697 417.4098 177.3651 464.2907 245.5366 1.7055 0.7198 0.9386 -4.1778 1.6032 18.5596 2.2483 3.6625
Pedestrian -1 -1 2.0130 397.7601 171.5695 437.6551 238.1226 1.7374 0.7288 0.8855 -4.9468 1.4793 19.2538 1.7615 3.6228
Pedestrian -1 -1 1.3115 734.3961 168.9536 768.5964 234.9008 1.7292 0.7083 0.8226 3.9837 1.4014 19.2637 1.5154 2.1513
