Car -1 -1 1.6894 561.6537 180.3965 603.7882 213.9531 1.5704 1.6373 3.9303 -0.8815 1.5197 35.6473 1.6647 10.4991
Cyclist -1 -1 -1.7914 643.4799 174.7584 684.9306 242.6790 1.8136 0.7485 1.9322 1.7076 1.6347 20.1859 -1.7070 1.5918
Pedestrian -1 -1 -1.6670 693.6148 173.2768 746.7482 284.7320 1.6887 0.7359 0.9615 1.8205 1.5654 11.3837 -1.5085 6.4934
Car -1 -1 -1.6390 669.7876 181.6693 705.8808 213.2873 1.5526 1.5980 3.6507 4.4165 1.5626 37.1527 -1.5207 1.6768
Cyclist -1 -1 1.7378 524.7754 176.2928 549.7910 226.4006 1.7475 0.6222 1.7402 -2.3242 1.5670 25.9408 1.6484 1.1129
Pedestrian -1 -1 -1.9527 784.4549 173.1953 831.4008 250.6955 1.6373 0.7530 0.7466 4.4327 1.4631 15.5843 -1.6755 6.0090
Car -1 -1 -1.1738 570.8377 168.2383 601.5692 184.1441 1.4940 1.5843 3.9223 -1.4012 0.2487 69.5850 -1.1939 -0.0444
Pedestrian -1 -1 -1.8473 719.3847 171.5869 777.3277 278.8091 1.6833 0.7211 0.8382 2.3395 1.5290 11.7212 -1.6503 5.5113
Car -1 -1 -2.2556 903.5288 199.9172 1237.0000 373.0000 1.4753 1.6089 3.9880 3.7190 1.6545 4.9104 -1.6074 -0.1380
Pedestrian -1 -1 -1.7677 752.8093 173.5557 794.4794 254.5409 1.7129 0.7318 0.8184 3.6942 1.5461 15.6125 -1.5353 5.4504
Pedestrian -1 -1 1.9969 376.8208 172.3238 422.2157 258.0532 1.8018 0.6331 0.9049 -4.4073 1.6102 15.5900 1.7214 4.4607
Pedestrian -1 -1 -1.6712 682.1960 178.6636 720.5415 259.7612 1.6277 0.7052 0.7843 2.0130 1.5720 14.8188 -1.5361 4.1903
Pedestrian -1 -1 -1.6018 643.1289 174.8688 671.1939 237.8135 1.7391 0.7614 0.8534 1.5352 1.5571 20.2877 -1.5263 3.6192
Pedestrian -1 -1 1.2777 824.4516 169.0232 862.1042 252.7124 1.6808 0.5811 0.6012 4.9147 1.4315 14.7332 1.5997 3.2351
Pedestrian -1 -1 2.4591 420.1687 183.3853 472.8446 257.1970 1.4984 0.7240 0.8115 -3.3026 1.5409 15.1507 2.2445 2.9141
