Car -1 -1 1.6891 546.7343 185.4301 596.1409 224.3123 1.5236 1.6352 4.0953 -1.2282 1.7039 30.6748 1.6491 9.8712
Cyclist -1 -1 -2.0788 626.5195 172.8265 687.7661 249.6274 1.8209 0.6939 1.8916 1.3348 1.6164 18.0323 -2.0049 0.2587
Pedestrian -1 -1 -1.6493 691.5189 171.6202 735.4430 277.3378 1.7457 0.6718 0.8974 1.8675 1.5838 12.3308 -1.4990 5.9396
Car -1 -1 2.7353 0.0000 171.2279 187.5238 236.3534 1.4725 1.5829 3.5475 -12.7351 1.2415 18.1644 2.1238 -0.5576
Pedestrian -1 -1 -1.7616 756.5965 180.4115 838.7807 334.3400 1.6726 0.7564 0.8521 2.1821 1.6622 8.2537 -1.5032 5.7541
Car -1 -1 1.6815 467.6122 173.5059 498.5346 197.3432 1.5455 1.6311 4.0373 -7.9576 1.0279 48.6280 1.5193 -0.6662
Pedestrian -1 -1 -1.7120 711.2221 172.2171 763.1732 290.9616 1.7325 0.6627 0.8063 2.0006 1.5984 10.8945 -1.5304 5.4145
Pedestrian -1 -1 2.7473 310.4603 181.8613 401.3371 323.6270 1.7303 0.7043 0.9165 -3.2354 1.7366 9.3354 2.4137 5.2804
Pedestrian -1 -1 1.1554 917.8386 164.4434 1007.4147 322.8600 1.7605 0.6769 0.7694 4.1421 1.5723 8.3793 1.6145 4.6994
Pedestrian -1 -1 -1.6966 726.8488 182.3942 777.7669 285.9783 1.6583 0.7332 0.7550 2.4450 1.6749 11.9089 -1.4941 4.3518
Pedestrian -1 -1 1.1129 971.5309 158.7837 1066.0081 322.6392 1.7370 0.6192 0.8009 4.5917 1.4975 8.0309 1.6323 2.9453
Pedestrian -1 -1 1.6280 224.8403 181.8256 284.7672 315.2640 1.6897 0.6777 0.8864 -4.6740 1.6956 9.6354 1.1764 1.4727
Pedestrian -1 -1 1.5868 164.1451 186.9690 218.4526 308.1532 1.6699 0.6635 0.6475 -5.9619 1.7537 10.3799 1.0655 0.0050
