Car -1 -1 1.6211 534.6653 169.8747 561.3309 193.7412 1.5980 1.6514 4.2035 -3.6828 0.8203 50.2129 1.5479 6.4849
Pedestrian -1 -1 -1.5663 561.7871 166.6782 591.8111 231.2660 1.6604 0.7719 0.8594 -0.6799 1.2805 18.9056 -1.6023 5.6592
Car -1 -1 -1.6639 654.8046 175.8687 724.0519 232.2807 1.4513 1.5831 3.7141 2.3729 1.3076 20.3521 -1.5479 1.9995
Pedestrian -1 -1 -1.5106 789.8956 148.9170 886.5189 370.7055 1.7354 0.7360 0.9195 2.0044 1.4818 6.1804 -1.1970 4.9014
Car -1 -1 -1.7119 657.6603 158.5764 689.3917 180.8004 1.4673 1.6200 4.0434 4.9475 -0.0497 49.6086 -1.6125 0.1705
Pedestrian -1 -1 1.6258 469.5151 166.5665 503.4011 240.0240 1.6516 0.7304 0.8595 -2.6842 1.3171 16.6140 1.4656 4.3011
Car -1 -1 -1.5792 620.1094 160.4654 642.2892 181.3908 1.5284 1.6202 3.9354 2.2573 -0.0081 54.4815 -1.5378 0.1260
Pedestrian -1 -1 1.4782 498.2346 164.0541 530.7254 239.7100 1.7036 0.6730 0.8031 -2.0570 1.3120 16.6372 1.3552 4.2093
Car -1 -1 -1.9888 405.1321 165.5885 511.1177 229.7202 1.6940 1.6422 3.7377 -4.2904 1.2749 20.9700 -2.1906 0.0346
Pedestrian -1 -1 -2.2808 1122.2588 125.8800 1237.0000 296.8832 1.7051 0.6990 0.7926 6.0818 1.1519 7.5676 -1.6038 4.1522
Car -1 -1 -1.3886 528.4817 164.8648 552.7856 181.3814 1.5255 1.5862 4.1502 -5.7265 -0.0114 68.5223 -1.4720 -0.3976
Pedestrian -1 -1 -2.3183 956.6662 122.9350 1074.8605 295.4512 1.8273 0.6598 0.9965 4.6305 1.2084 8.1668 -1.8025 3.4417
Pedestrian -1 -1 -2.2168 1097.9624 131.7583 1207.2143 285.6109 1.7169 0.7033 0.7459 6.3616 1.1632 8.3877 -1.5679 2.6061
Pedestrian -1 -1 -2.6831 223.1940 227.0281 345.4035 373.0000 1.4731 0.6425 0.6196 -2.4026 1.8368 5.3814 -3.1030 2.3489
Pedestrian -1 -1 -2.7188 244.2642 222.3310 360.2265 373.0000 1.3602 0.6566 0.7125 -2.5886 1.7306 6.1523 -3.1170 1.2220
Pedestrian -1 -1 -0.1121 524.5728 173.3918 539.2524 201.2459 1.7091 0.6279 0.8389 -4.3012 1.2123 44.4677 -0.2086 -0.4743
