Car -1 -1 1.6122 566.3770 170.6307 596.2957 196.4250 1.4526 1.6089 3.8417 -1.1442 0.8413 42.3826 1.5852 8.0888
Pedestrian -1 -1 1.7554 382.9197 155.0336 470.1470 358.6108 1.7149 0.6244 0.8508 -1.6046 1.4934 6.4913 1.5130 6.5072
Car -1 -1 -1.1888 720.9879 155.3223 792.6907 193.8309 1.5644 1.6235 4.1632 6.8336 0.5019 31.3578 -0.9743 1.4469
Pedestrian -1 -1 -1.8250 700.9744 158.5868 740.0912 227.5871 1.6528 0.7567 0.8511 2.8843 1.1052 17.6631 -1.6631 6.2491
Car -1 -1 -1.7024 676.2086 161.7823 737.7797 213.5559 1.7431 1.6867 4.0354 3.7433 1.0803 26.2087 -1.5605 0.5185
Pedestrian -1 -1 -1.5938 636.6079 157.3593 674.8115 241.6843 1.7284 0.7809 0.9183 1.0983 1.2349 15.1992 -1.5217 6.1915
Pedestrian -1 -1 -1.7211 725.5186 159.0036 760.8494 224.3187 1.6991 0.7965 0.8920 3.7354 1.1150 19.1463 -1.5284 6.1087
Pedestrian -1 -1 1.8099 303.2252 168.9314 425.9813 373.0000 1.6227 0.7658 0.8198 -1.9143 1.5310 5.7617 1.4891 4.9892
Pedestrian -1 -1 -1.6508 680.4619 157.8182 718.0279 241.7281 1.6965 0.7071 0.8322 1.9873 1.2189 14.9546 -1.5186 4.9890
Pedestrian -1 -1 -1.7267 750.2254 155.6586 779.9906 210.5131 1.6587 0.7647 0.8924 5.0191 0.8784 22.1889 -1.5042 4.0440
Pedestrian -1 -1 1.8707 482.6379 164.8329 511.4914 215.3609 1.6407 0.7238 0.8681 -3.4772 1.1006 23.8079 1.7257 1.6694
Pedestrian -1 -1 -2.4482 13.8938 229.8302 232.0306 373.0000 1.5085 0.6209 0.6712 -2.4170 1.7759 3.6068 -3.0386 0.6342
