Car -1 -1 1.6967 549.8767 181.7986 597.9916 218.5693 1.5209 1.6321 4.0752 -1.1671 1.5359 31.8443 1.6601 10.3840
Cyclist -1 -1 1.4520 682.1611 189.2751 699.6779 228.9194 1.6856 0.5681 1.6854 3.9272 2.0390 31.7146 1.5752 -0.7663
Pedestrian -1 -1 -1.6952 710.7911 181.7877 766.5835 290.6462 1.6549 0.7619 0.8588 2.1125 1.6610 11.3714 -1.5115 8.1971
Car -1 -1 1.4992 682.7313 169.3489 708.1071 190.3146 1.5506 1.6392 4.0792 7.2076 0.6525 55.2100 1.6290 0.7335
Pedestrian -1 -1 -1.7356 742.4275 175.2882 809.5927 319.9706 1.7216 0.6855 0.8127 2.1147 1.6491 8.9735 -1.5042 6.1371
Pedestrian -1 -1 2.4965 338.6111 171.7241 421.4820 293.7792 1.7035 0.7501 0.8998 -3.3059 1.5684 10.6076 2.1944 5.5237
Pedestrian -1 -1 -1.7768 772.6445 177.7031 821.9377 266.9707 1.6567 0.7587 0.8042 3.6959 1.5875 13.7519 -1.5143 5.2682
Pedestrian -1 -1 -1.7688 685.3323 177.8437 737.8287 269.9353 1.5912 0.7763 0.8280 1.9141 1.5293 12.8422 -1.6208 5.0294
Pedestrian -1 -1 1.1804 924.7700 166.0300 1000.2989 305.7586 1.7579 0.6579 0.7175 4.6682 1.5646 9.4154 1.6407 4.5648
Pedestrian -1 -1 1.1683 877.8304 166.3850 944.0027 298.1136 1.7745 0.6692 0.5750 4.2344 1.5722 9.9617 1.5702 3.3466
Pedestrian -1 -1 2.1491 261.0262 172.3210 336.6753 295.1524 1.7685 0.6668 0.9080 -4.5932 1.6377 10.8458 1.7485 1.7701
Pedestrian -1 -1 -1.7967 639.5450 173.0971 674.0944 243.5850 1.7611 0.6914 0.9305 1.3805 1.5523 18.4566 -1.7220 0.1128
