Car -1 -1 1.6052 538.1873 177.9422 570.3343 205.7323 1.4590 1.6420 3.7887 -2.5618 1.2731 39.6295 1.5407 6.5832
Cyclist -1 -1 2.4019 0.0000 84.8563 299.4718 373.0000 1.6503 0.6417 1.6615 -2.0864 1.3762 2.9252 1.7823 7.8301
Pedestrian -1 -1 -1.6995 703.0577 164.7623 739.0607 235.4473 1.7293 0.7806 0.8893 2.9578 1.3210 18.0289 -1.5369 5.9642
Car -1 -1 2.9770 636.3996 160.4990 729.3015 195.5267 1.5029 1.5795 3.8650 3.5363 0.6028 31.7095 3.0881 1.9743
Cyclist -1 -1 1.6404 555.7147 168.9520 563.9249 189.3823 1.6803 0.5699 1.6786 -3.4391 0.6488 59.9183 1.5831 -0.6667
Pedestrian -1 -1 -1.5909 666.9967 163.5696 705.8127 254.9527 1.6977 0.7180 0.8334 1.5804 1.3658 13.7908 -1.4768 5.6100
Car -1 -1 -3.1664 633.4529 160.7516 679.5749 179.1032 1.4671 1.5595 3.6981 4.4898 -0.1977 58.5279 -3.0898 -0.0095
Pedestrian -1 -1 -1.5715 624.1412 166.0135 665.6298 255.0788 1.6782 0.7815 0.8554 0.8036 1.3877 13.9819 -1.5141 5.3759
Car -1 -1 2.4860 0.0000 167.2948 59.9685 373.0000 1.4705 1.5800 3.6444 -6.0141 1.4100 4.9824 1.6071 -0.0456
Pedestrian -1 -1 -1.8373 684.2820 164.0519 725.3701 239.8507 1.7010 0.7308 0.8811 2.3430 1.3107 16.6006 -1.6971 5.1557
Car -1 -1 -1.3826 1071.4303 140.1834 1237.0000 289.9003 1.5643 1.6147 3.8278 7.6607 1.1340 9.3498 -0.6962 -0.5372
Pedestrian -1 -1 -1.7812 722.8988 166.4968 753.5776 220.4537 1.5515 0.7352 0.7765 3.9721 1.1213 21.0500 -1.5947 4.5391
Car -1 -1 -0.0955 642.6880 162.6538 711.1597 187.0366 1.4664 1.5961 4.0356 4.5911 0.3337 44.0142 0.0084 -0.6772
Pedestrian -1 -1 -1.5756 650.5537 168.8314 685.1314 242.6828 1.6827 0.7860 0.8937 1.5174 1.3953 16.8433 -1.4858 4.5216
Car -1 -1 -1.6391 621.4032 162.4548 711.4148 257.0023 1.7952 1.6472 3.6040 1.2468 1.4349 15.4488 -1.5586 -0.8374
Pedestrian -1 -1 2.3132 433.5321 170.0007 473.1673 233.2343 1.7330 0.6560 0.9045 -4.1975 1.4190 20.2410 2.1087 3.8332
Pedestrian -1 -1 -2.4144 194.6751 169.4081 264.2088 269.4469 1.7744 0.6505 0.9370 -6.8518 1.5612 13.1688 -2.8941 2.3385
Pedestrian -1 -1 -1.6100 607.2499 166.8674 631.1631 227.0060 1.8248 0.7017 0.9570 0.5160 1.3819 22.2779 -1.5868 1.5657
Pedestrian -1 -1 2.1046 0.0000 113.4516 247.3654 373.0000 1.8120 0.6749 0.8026 -2.0913 1.5617 3.0758 1.5075 1.1875
