Car -1 -1 -1.4900 563.0325 182.1291 600.3337 213.3159 1.4805 1.5879 3.5542 -0.9521 1.5145 35.9885 -1.5164 6.9093
Cyclist -1 -1 -2.0163 637.5262 176.8291 683.4521 239.3551 1.7054 0.6208 1.7202 1.6339 1.5792 20.5045 -1.9368 0.7469
Pedestrian -1 -1 -1.6442 686.8740 171.9644 735.3698 280.2691 1.6891 0.7087 0.9222 1.7257 1.5417 11.6861 -1.4976 6.6816
Car -1 -1 -1.6950 665.3455 183.8315 704.2643 212.9207 1.4428 1.5828 3.6375 4.3270 1.5721 37.7443 -1.5809 0.4244
Pedestrian -1 -1 -1.6957 716.3521 171.1765 762.1853 280.3175 1.7584 0.6498 0.8278 2.2477 1.5934 12.0037 -1.5105 5.9462
Pedestrian -1 -1 -1.6207 641.2738 175.0624 671.4883 236.5759 1.7127 0.8109 0.9098 1.5257 1.5346 20.4628 -1.5463 5.3987
Pedestrian -1 -1 2.2846 425.2437 168.2618 477.7634 253.9281 1.8151 0.6703 0.9552 -3.3253 1.5359 15.7978 2.0771 5.2335
Pedestrian -1 -1 -1.7614 748.7784 170.8762 787.8186 252.0499 1.7430 0.6973 0.7949 3.6303 1.5161 15.8315 -1.5360 4.6555
Pedestrian -1 -1 1.2838 777.1412 167.0654 814.6342 244.5209 1.7349 0.6815 0.6034 4.3958 1.4128 16.3969 1.5457 4.5175
Pedestrian -1 -1 1.7799 393.6802 172.9296 430.4583 251.1098 1.7327 0.6615 0.7877 -4.3305 1.5440 16.3278 1.5206 3.4060
Pedestrian -1 -1 -1.9146 0.0000 166.4766 76.8718 293.1335 1.7636 0.6962 0.8687 -8.3328 1.5557 10.5249 -2.5843 1.6503
Pedestrian -1 -1 -1.6124 662.3118 202.5911 686.9473 255.4703 1.4138 0.6472 0.6891 1.9863 2.0087 19.8553 -1.5127 0.2918
