Car -1 -1 1.5888 562.1400 167.6059 588.5444 194.2650 1.5910 1.5756 3.6264 -1.5866 0.7626 44.6949 1.5533 5.9934
Cyclist -1 -1 1.1727 623.9797 162.6560 659.4729 215.2476 1.7286 0.5741 1.7449 1.3339 1.1103 24.5261 1.2270 2.6882
Pedestrian -1 -1 1.7256 422.0756 156.0664 481.8018 294.2010 1.7599 0.6555 0.8998 -2.0281 1.4372 9.6160 1.5177 6.4273
Car -1 -1 1.6657 482.3019 151.2799 517.6032 180.3797 1.5630 1.6191 3.9233 -5.7059 -0.0659 40.7301 1.5265 -0.0025
Pedestrian -1 -1 -1.5016 604.2334 158.4145 643.1503 235.6943 1.7135 0.8296 0.9400 0.4850 1.2029 16.4336 -1.4721 5.6358
Car -1 -1 -1.8813 702.7808 179.3047 831.2523 259.8387 1.4610 1.5530 3.5027 3.2354 1.4224 14.8464 -1.6668 -0.3075
Pedestrian -1 -1 -1.7900 684.6852 159.5954 720.5987 224.0231 1.6438 0.7592 0.8573 2.6044 1.0861 18.7833 -1.6522 5.5124
Pedestrian -1 -1 1.6727 468.4791 162.0514 521.2453 293.9557 1.7520 0.6495 0.7875 -1.5064 1.4950 9.9474 1.5224 5.1509
Pedestrian -1 -1 -1.4630 663.7125 160.4730 697.4204 235.5755 1.6520 0.6810 0.7716 1.7612 1.1907 16.2481 -1.3550 5.0650
Pedestrian -1 -1 -2.2044 1093.7705 109.6497 1237.0000 365.2085 1.7036 0.8118 0.9042 4.2600 1.2261 5.2569 -1.5233 4.4395
Pedestrian -1 -1 -1.8605 715.2814 157.3704 749.1024 220.4044 1.7505 0.7357 0.8329 3.6751 1.0815 20.4008 -1.6823 2.7990
Pedestrian -1 -1 3.4806 279.5597 186.2585 337.2499 295.3088 1.8036 0.6814 0.7291 -5.0331 1.8886 12.2682 3.0913 -0.3712
