Car -1 -1 1.7097 539.1772 161.9484 594.5116 205.2538 1.5423 1.6038 3.8393 -1.2764 0.8471 27.5670 1.6635 10.3465
Cyclist -1 -1 -2.6357 588.9214 160.0811 668.4576 238.6469 1.7013 0.6033 1.7205 0.5705 1.2387 16.2543 -2.6006 -0.1661
Pedestrian -1 -1 -1.8577 813.8613 157.6237 934.9973 356.1327 1.6234 0.7743 0.8736 2.3183 1.4296 6.3327 -1.5068 7.1762
Car -1 -1 -0.9814 677.6566 155.6672 732.8677 179.1641 1.4775 1.6299 4.0831 6.9334 -0.1610 47.6420 -0.8368 -0.7770
Pedestrian -1 -1 -1.8342 790.8034 155.8394 877.4067 321.0386 1.6559 0.6859 0.7837 2.3905 1.4001 7.6035 -1.5296 6.0095
Pedestrian -1 -1 -1.7366 756.4923 155.4047 818.7617 276.5865 1.6612 0.7292 0.8454 2.6050 1.3048 10.2956 -1.4888 5.9404
Pedestrian -1 -1 -1.7375 725.8106 156.0110 793.5481 295.2695 1.6854 0.7138 0.7726 1.9381 1.3782 9.0925 -1.5274 5.8860
Pedestrian -1 -1 -1.6284 707.1852 156.0518 759.0778 275.1783 1.6725 0.6943 0.9015 1.8765 1.3165 10.5708 -1.4528 5.7084
Pedestrian -1 -1 2.3092 96.1239 146.1282 275.8395 373.0000 1.7252 0.7856 0.9030 -3.1787 1.4824 5.4815 1.7837 4.3341
Pedestrian -1 -1 -1.7621 795.9505 148.0357 855.5505 262.6410 1.7580 0.7543 0.8659 3.5252 1.2460 11.4868 -1.4643 3.7660
Pedestrian -1 -1 1.9052 0.0000 152.9745 111.8010 371.0205 1.6491 0.7078 0.8789 -4.6688 1.4347 5.9605 1.2407 3.0884
Pedestrian -1 -1 -2.2817 596.1032 149.8708 645.9409 232.8600 1.8013 0.6761 0.9314 0.3995 1.1160 16.1632 -2.2570 -0.2732
