Car -1 -1 1.7045 538.4518 177.2830 578.9957 208.6523 1.5752 1.6402 3.9080 -2.2153 1.3643 38.0777 1.6463 10.5603
Cyclist -1 -1 1.2935 610.9858 173.2507 647.5701 234.4309 1.7380 0.6223 1.7586 0.7784 1.5048 21.3314 1.3300 1.9187
Pedestrian -1 -1 -1.5083 634.9935 173.5473 680.5682 267.6021 1.6342 0.7702 0.8692 0.9880 1.4973 12.9623 -1.4323 6.5210
Car -1 -1 1.6495 538.2237 163.1052 560.0960 181.0195 1.4765 1.5626 3.8704 -4.3988 -0.0419 61.2511 1.5778 0.0682
Pedestrian -1 -1 -1.7351 675.9305 172.5664 724.6504 268.1603 1.6604 0.7345 0.8487 1.7221 1.5065 12.9103 -1.6025 6.4906
Car -1 -1 1.2464 785.6541 175.5364 887.4999 231.0542 1.4947 1.6266 4.1198 6.8353 1.3353 21.4092 1.5555 -0.0686
Pedestrian -1 -1 -1.6830 696.1109 172.9254 732.3132 249.0352 1.6266 0.6972 0.7927 2.4274 1.4445 15.7594 -1.5301 5.6277
Car -1 -1 -1.9118 0.0000 222.6503 289.5760 373.0000 1.4682 1.6082 3.9371 -4.0211 1.8229 4.5121 -2.6398 -0.1527
Pedestrian -1 -1 -1.6707 714.3483 170.8842 750.7166 241.5738 1.6361 0.7658 0.8574 3.0711 1.3916 17.0800 -1.4928 5.0261
Pedestrian -1 -1 1.7222 397.8386 173.6077 430.3743 241.4695 1.7142 0.6933 0.8813 -4.8775 1.5160 18.6167 1.4659 4.4805
Pedestrian -1 -1 -1.6295 659.3638 177.2177 694.7568 249.5348 1.5692 0.7349 0.8037 1.6381 1.4775 16.0015 -1.5275 4.0503
Pedestrian -1 -1 -1.5669 613.1503 170.7562 638.6715 231.1740 1.7612 0.7440 0.9502 0.7019 1.4492 21.4258 -1.5341 3.6139
Pedestrian -1 -1 -1.9295 106.8809 176.0470 176.5804 286.8701 1.7497 0.6896 0.9249 -7.6541 1.6649 11.8914 -2.5014 2.6763
Pedestrian -1 -1 2.4893 418.5052 179.8468 464.7872 244.7538 1.5649 0.7649 0.8311 -4.0095 1.5263 17.8809 2.2687 1.9397
Pedestrian -1 -1 1.3246 746.0853 163.5084 780.0333 233.3138 1.7591 0.6862 0.7579 4.1186 1.3069 18.4873 1.5438 1.8192
