Car -1 -1 1.7189 542.6734 176.5472 596.9570 218.1545 1.5802 1.6442 3.9869 -1.2374 1.3931 29.3484 1.6768 10.6854
Cyclist -1 -1 -2.1209 612.7779 171.4058 686.3352 246.4973 1.6934 0.8616 1.9566 1.0881 1.4670 17.2631 -2.0580 2.8089
Pedestrian -1 -1 -1.7795 785.3957 176.7091 880.7822 351.1335 1.6694 0.7597 0.8484 2.2853 1.6249 7.3304 -1.4773 6.7678
Car -1 -1 1.7149 460.9717 165.3701 493.2098 188.8145 1.4703 1.5682 3.6454 -8.0674 0.4595 46.8907 1.5446 0.3945
Pedestrian -1 -1 -1.7063 713.5408 176.0892 774.1861 297.6744 1.6436 0.7338 0.7846 1.9446 1.5718 10.1195 -1.5165 5.8708
Car -1 -1 -1.5178 680.8674 179.6059 723.6634 216.2778 1.4659 1.6105 3.9761 4.3646 1.3911 30.8168 -1.3771 -0.5190
Pedestrian -1 -1 -1.7814 766.4983 164.8211 839.1687 319.6402 1.7671 0.6707 0.8609 2.3545 1.5780 8.6446 -1.5155 5.6620
Car -1 -1 1.6919 472.3381 168.9855 498.3664 188.2027 1.4661 1.5891 3.7497 -9.1065 0.5119 56.7044 1.5326 -0.7154
Pedestrian -1 -1 2.5383 254.0497 156.2452 375.2152 343.9639 1.8282 0.7207 0.9477 -3.0625 1.5836 7.5874 2.1546 5.1080
Car -1 -1 -1.6380 651.4744 177.4865 680.6381 201.4138 1.4688 1.5982 3.8519 4.1094 1.2232 46.0360 -1.5490 -0.8343
Pedestrian -1 -1 -1.6673 690.4043 173.3725 744.4163 281.4745 1.6691 0.7712 0.8765 1.8047 1.5449 11.5485 -1.5123 4.9316
Pedestrian -1 -1 1.0784 992.4149 154.4967 1130.3032 364.3161 1.7251 0.7050 0.8468 3.9737 1.5045 6.3494 1.6376 4.4531
Pedestrian -1 -1 1.1827 1092.6338 140.3416 1236.6097 373.0000 1.8132 0.6438 0.8947 4.5783 1.5021 5.9681 1.8371 3.5938
