Car -1 -1 1.6242 566.9828 169.7831 596.2588 195.8304 1.4940 1.5664 3.5485 -1.1474 0.8227 42.9930 1.5975 7.6522
Pedestrian -1 -1 1.6664 436.5700 163.0856 502.6230 327.6830 1.7112 0.6431 0.8284 -1.4796 1.5211 7.9067 1.4814 6.5231
Car -1 -1 -2.9386 424.2521 153.4475 512.6187 185.8165 1.5587 1.6593 4.0393 -6.5255 0.2088 35.4594 -3.1206 1.0920
Pedestrian -1 -1 -1.6015 629.5271 159.1793 666.7820 239.5282 1.7002 0.7787 0.9545 0.9708 1.2291 15.6870 -1.5397 5.7575
Car -1 -1 -1.6492 634.3569 173.4302 690.4813 219.3569 1.4861 1.6338 4.0462 2.0432 1.2261 25.2669 -1.5685 -0.5374
Pedestrian -1 -1 -1.6944 699.0664 163.9577 733.2730 227.9621 1.5817 0.7587 0.7973 2.8579 1.1494 18.1602 -1.5384 5.4509
Car -1 -1 0.3773 660.3830 157.7550 727.6847 181.6148 1.4876 1.6201 4.0012 5.9851 0.0079 46.4599 0.5054 -0.6361
Pedestrian -1 -1 -1.8522 723.5536 158.4312 761.1205 221.8853 1.6939 0.7816 0.9219 3.8161 1.0793 19.6674 -1.6605 5.3748
Car -1 -1 -1.7769 592.8390 175.3990 624.5943 196.2650 1.4741 1.5782 3.8193 0.5140 1.0437 52.7717 -1.7672 -0.8070
Pedestrian -1 -1 1.5995 381.7992 163.8807 457.3160 341.3156 1.6973 0.7087 0.8141 -1.8956 1.5301 7.3442 1.3469 4.2168
Pedestrian -1 -1 -1.6574 675.0775 158.4139 711.3228 238.8010 1.6911 0.7087 0.7762 1.9344 1.2067 15.5102 -1.5333 3.9691
Pedestrian -1 -1 -1.7070 746.2493 153.7169 773.1174 210.4272 1.7511 0.7082 0.9110 4.9569 0.8944 22.6608 -1.4916 3.8729
Pedestrian -1 -1 2.1394 489.7160 164.5098 519.0181 215.7657 1.7602 0.6436 0.8871 -3.4238 1.1778 25.2044 2.0044 1.1568
Pedestrian -1 -1 -2.5065 113.4203 255.1098 276.6589 373.0000 1.4868 0.6293 0.6576 -2.6008 1.9913 4.5556 -3.0252 1.1455
Pedestrian -1 -1 -2.5298 368.3848 162.4424 419.7349 242.1941 1.7273 0.6480 0.8890 -4.6520 1.3158 16.0056 -2.8127 1.0291
