Car -1 -1 1.7044 567.3305 170.7076 601.8181 196.7141 1.4703 1.5616 3.7243 -0.9542 0.8609 42.5464 1.6820 5.7864
Cyclist -1 -1 2.0823 532.9351 166.1628 562.3535 204.5989 1.6997 0.5588 1.7339 -2.4449 1.0224 32.6661 2.0076 -0.5586
Pedestrian -1 -1 -1.6797 705.1583 160.8351 740.0052 229.5931 1.6572 0.7589 0.8447 2.9499 1.1603 17.7534 -1.5150 6.1581
Car -1 -1 -1.7388 719.1501 158.6677 770.9012 195.8190 1.5299 1.6104 3.7141 6.2068 0.5906 31.4560 -1.5440 1.6049
Pedestrian -1 -1 -1.6039 636.5898 158.3154 675.6720 239.6322 1.6799 0.7968 0.8949 1.1151 1.2022 15.3000 -1.5312 6.1007
Car -1 -1 0.1026 664.9652 157.9402 737.2278 182.1380 1.5016 1.6866 4.4268 6.3932 0.0403 45.9215 0.2409 1.3858
Pedestrian -1 -1 -1.6258 678.6717 157.6492 715.0155 241.7516 1.7123 0.7062 0.8605 1.9536 1.2279 15.0776 -1.4969 5.8105
Car -1 -1 -1.4952 637.6953 176.1179 702.6573 231.3966 1.4821 1.6206 4.0361 2.1016 1.3390 21.3847 -1.3973 1.1461
Pedestrian -1 -1 1.7063 398.3616 159.3409 477.2767 350.5699 1.7119 0.6321 0.8513 -1.5927 1.5149 6.8807 1.4788 5.6993
Car -1 -1 1.2977 769.2216 167.5414 844.7605 211.4024 1.4698 1.6214 3.8902 7.3211 1.0032 26.0159 1.5720 0.4734
Pedestrian -1 -1 -1.7420 725.3404 161.4579 760.9788 225.1915 1.6683 0.7934 0.8968 3.7569 1.1449 19.2577 -1.5493 5.5437
Car -1 -1 -1.7329 680.0495 165.4514 741.9492 213.9663 1.6787 1.6560 3.9117 3.9868 1.1245 26.8207 -1.5854 -0.1606
Pedestrian -1 -1 -1.6471 670.0577 163.6921 700.6171 227.7488 1.5847 0.7068 0.7969 2.0817 1.1454 18.1802 -1.5331 5.1214
Pedestrian -1 -1 1.7879 329.3685 155.5506 441.5134 368.6381 1.6949 0.7542 0.8865 -1.8736 1.4899 6.1820 1.4937 5.0542
Pedestrian -1 -1 -1.7040 750.9733 155.8961 778.5379 211.0990 1.6781 0.7261 0.8432 5.0316 0.9009 22.2862 -1.4819 3.1199
Pedestrian -1 -1 -2.4526 38.3443 267.2553 230.4009 373.0000 1.3926 0.6080 0.6164 -2.5169 1.8928 3.8403 -3.0327 1.5284
Pedestrian -1 -1 -2.7290 342.3474 157.2745 393.1223 239.7168 1.7368 0.6180 0.8667 -5.0649 1.2277 15.4800 -3.0453 0.4269
