Car -1 -1 1.7038 535.3050 157.2333 594.0967 202.9948 1.5759 1.6585 4.1459 -1.3132 0.7413 26.8704 1.6550 11.5650
Cyclist -1 -1 0.4653 578.5257 156.6182 659.2692 234.5008 1.6490 0.6087 1.6893 0.3421 1.1234 15.8710 0.4869 1.9013
Pedestrian -1 -1 -1.8853 829.2531 152.1979 956.8334 371.5426 1.6534 0.7442 0.7886 2.2786 1.4339 5.8275 -1.5126 8.4727
Car -1 -1 1.5101 631.3100 158.2364 662.1634 185.1525 1.5629 1.6254 3.9865 2.7172 0.2129 43.7011 1.5722 0.0326
Pedestrian -1 -1 -1.7628 723.5609 156.4036 796.3159 300.9651 1.6522 0.7005 0.8383 1.8367 1.3667 8.6326 -1.5532 7.8204
Car -1 -1 -0.1545 0.0000 190.6864 92.6596 373.0000 1.4888 1.5967 3.9741 -5.3815 1.5666 3.8383 -1.1057 -0.2209
Pedestrian -1 -1 -1.8458 793.3141 153.8883 889.9287 330.4460 1.6794 0.7273 0.8027 2.3462 1.4181 7.2450 -1.5326 6.0664
Car -1 -1 -1.7480 631.7646 157.9416 677.7991 189.0424 1.4931 1.6302 4.0980 2.6498 0.3630 36.6067 -1.6757 -0.5359
Pedestrian -1 -1 -1.7098 702.8183 153.2531 761.2252 278.1636 1.6925 0.6881 0.9311 1.7918 1.3111 10.2077 -1.5360 6.0290
Pedestrian -1 -1 -1.7912 765.6889 157.4437 830.4442 282.4434 1.6546 0.7010 0.7939 2.6514 1.3375 9.9166 -1.5300 5.8264
Pedestrian -1 -1 2.3102 0.0000 133.3007 221.2066 373.0000 1.6639 0.8007 0.8605 -3.0669 1.3982 4.4600 1.7078 3.9184
Pedestrian -1 -1 1.3033 586.5881 144.7727 626.6328 232.5378 1.8396 0.6402 0.9403 0.0650 1.0710 15.5916 1.3074 3.3919
Pedestrian -1 -1 -1.8035 810.7387 145.2124 868.8838 263.3927 1.7589 0.6909 0.7661 3.6237 1.2201 11.0988 -1.4879 3.1048
Pedestrian -1 -1 -1.7348 756.8959 148.0318 810.6534 266.6151 1.7958 0.6825 0.8858 2.8195 1.2903 11.3444 -1.4912 3.0032
