Car -1 -1 1.6158 560.0349 168.6684 587.6267 193.2779 1.4867 1.5721 3.7684 -1.6980 0.7123 45.2821 1.5784 7.4874
Cyclist -1 -1 1.4135 646.0253 165.4667 659.0175 191.0962 1.7034 0.6122 1.7256 3.4618 0.6385 48.6249 1.4845 -0.8388
Pedestrian -1 -1 -2.1587 1068.1227 117.4153 1237.0000 370.0513 1.7738 0.7195 0.9791 4.2183 1.3253 5.5517 -1.5090 6.2506
Car -1 -1 1.6923 470.8251 147.9980 508.9596 178.3592 1.5141 1.5685 3.6318 -5.8630 -0.1736 38.0412 1.5394 3.1376
Pedestrian -1 -1 -1.5086 600.4151 158.7234 634.4639 232.6641 1.6789 0.7452 0.8558 0.3476 1.1630 16.7654 -1.4878 6.0950
Car -1 -1 0.1521 646.9633 157.4152 714.2425 180.0483 1.4867 1.6336 4.3377 5.3903 -0.1005 48.7096 0.2623 2.9201
Pedestrian -1 -1 -1.6432 684.3977 160.9546 714.3323 225.3912 1.6572 0.7146 0.9226 2.5421 1.1300 18.9537 -1.5099 5.6538
Pedestrian -1 -1 1.6687 475.0921 162.4287 523.4795 282.1829 1.7116 0.6323 0.9304 -1.5561 1.4403 10.7432 1.5249 5.6104
Pedestrian -1 -1 1.6807 432.9003 161.6723 484.0939 285.8687 1.7187 0.6405 0.8488 -2.0963 1.4456 10.3891 1.4816 5.0965
Pedestrian -1 -1 -1.6083 657.8578 158.6851 691.2346 234.5568 1.6979 0.7298 0.7993 1.6334 1.1885 16.4936 -1.5096 4.9993
Pedestrian -1 -1 -1.6934 714.4088 158.4870 743.4801 219.0117 1.7020 0.7263 0.8038 3.6219 1.0560 20.6172 -1.5195 4.5396
Pedestrian -1 -1 -1.7416 646.6299 158.6631 679.4802 229.1965 1.7017 0.6679 0.8808 1.4835 1.1519 17.7955 -1.6585 3.0161
Pedestrian -1 -1 -2.4213 414.4780 160.8026 462.1151 235.2519 1.7500 0.6667 0.9117 -3.9825 1.2647 17.3928 -2.6464 1.5932
Pedestrian -1 -1 -2.6321 226.8578 201.4300 356.8054 373.0000 1.4320 0.7040 0.8324 -2.7947 1.6227 6.4295 -3.0421 0.6858
