Car -1 -1 1.6723 558.3374 181.5527 595.8987 211.9504 1.4744 1.5563 3.6789 -1.2033 1.4781 36.7339 1.6396 7.8703
Cyclist -1 -1 1.4119 698.1884 165.7127 709.5501 187.9383 1.6665 0.5924 1.7054 7.8161 0.4833 54.7162 1.5538 -0.7194
Pedestrian -1 -1 -1.8662 769.0377 165.7234 805.7855 232.6451 1.7681 0.6900 1.0417 5.0081 1.3525 19.5121 -1.6149 5.7951
Car -1 -1 2.8452 0.0000 170.9401 127.4405 314.2455 1.6385 1.6182 3.8126 -9.2944 1.5191 10.2619 2.1092 0.9491
Pedestrian -1 -1 -1.6712 704.0176 174.7923 751.1871 274.3060 1.6429 0.7116 0.8242 2.1033 1.5335 12.2925 -1.5017 5.0660
Car -1 -1 -0.2237 727.7357 167.7045 846.1220 206.7036 1.5174 1.6601 4.3366 7.3552 0.9816 28.8326 0.0261 0.2152
Pedestrian -1 -1 2.4235 427.8084 175.7206 478.7444 251.4690 1.6842 0.7113 0.9052 -3.4433 1.5569 16.5443 2.2183 5.0111
Car -1 -1 1.4891 648.9630 182.5678 675.8958 203.9709 1.4651 1.6047 3.7814 4.3313 1.5447 51.2505 1.5734 -0.3211
Pedestrian -1 -1 -1.5902 670.4860 170.7295 712.4812 278.4375 1.7457 0.6774 0.9078 1.4656 1.5724 12.1253 -1.4700 4.9961
Car -1 -1 1.4869 659.5750 166.2717 684.2270 185.3988 1.4904 1.6428 4.0267 5.6794 0.3043 57.9964 1.5845 -0.4797
Pedestrian -1 -1 1.4867 756.6705 167.9394 788.2449 241.3826 1.7543 0.6927 0.6860 4.1353 1.4316 17.5465 1.7182 4.4428
Pedestrian -1 -1 -1.6338 633.0580 173.8329 660.7493 235.3641 1.7473 0.7470 0.8386 1.2802 1.5307 20.8159 -1.5724 4.0303
Pedestrian -1 -1 -1.7658 733.3234 175.7837 775.6403 250.0517 1.6372 0.7838 0.8523 3.4170 1.5124 16.2640 -1.5587 3.6257
Pedestrian -1 -1 1.9536 391.9182 178.5181 432.7300 250.0981 1.6631 0.6715 0.8612 -4.5412 1.5951 17.1565 1.6949 2.8748
Pedestrian -1 -1 -1.9673 48.7241 175.7040 125.5286 293.1014 1.7224 0.6916 0.8331 -7.9523 1.6387 11.0491 -2.5912 2.2268
Pedestrian -1 -1 1.3008 793.9513 169.9896 827.0776 244.3943 1.6838 0.5921 0.6029 4.7775 1.4245 16.5580 1.5817 1.0170
