Car -1 -1 1.6826 535.8791 157.2670 592.2906 203.6921 1.5829 1.6392 4.0504 -1.3250 0.7578 26.5624 1.6328 9.9552
Pedestrian -1 -1 -1.9067 836.9220 151.7526 968.4064 373.0000 1.6616 0.7398 0.8111 2.3290 1.4417 5.7661 -1.5228 7.7728
Car -1 -1 -0.5887 644.6637 159.7555 715.4352 185.3741 1.4669 1.5935 3.9711 4.6916 0.2226 42.7503 -0.4794 1.4853
Pedestrian -1 -1 -1.7781 766.6562 150.0756 836.9030 280.6732 1.6888 0.7496 0.8678 2.6498 1.2838 9.7415 -1.5125 6.3134
Pedestrian -1 -1 -1.7061 727.0744 160.3493 797.6959 303.2721 1.6185 0.7166 0.7681 1.8471 1.3803 8.5425 -1.4931 6.1788
Pedestrian -1 -1 -1.8369 798.5803 150.5407 897.3502 334.1580 1.7027 0.7139 0.8701 2.3612 1.4170 7.1123 -1.5163 6.0350
Pedestrian -1 -1 -1.7470 757.7253 147.6936 810.1750 267.5621 1.8021 0.6408 0.9253 2.8057 1.2952 11.2801 -1.5032 5.4700
Pedestrian -1 -1 -1.6702 701.3235 151.4251 762.8485 274.0083 1.6499 0.7639 0.8858 1.7789 1.2465 10.1359 -1.4965 5.2712
Pedestrian -1 -1 -1.8237 796.9265 147.9653 843.4101 240.3273 1.7633 0.6788 0.8624 4.2576 1.1243 14.1553 -1.5315 3.5644
Pedestrian -1 -1 2.3506 0.0000 151.7062 194.8394 373.0000 1.6513 0.8050 0.8638 -3.0535 1.5020 4.1155 1.7123 2.9867
Pedestrian -1 -1 -1.7942 812.8216 145.7525 878.0314 265.7405 1.7494 0.7602 0.8796 3.6534 1.2295 10.9458 -1.4720 2.1909
Pedestrian -1 -1 -1.8111 580.7267 147.9729 619.9205 232.1336 1.7416 0.6458 0.8744 -0.0706 1.0490 15.3650 -1.8157 0.2573
