Car -1 -1 1.6222 550.4054 170.9184 580.1639 196.5460 1.6497 1.7765 4.5761 -2.3841 0.9692 48.5284 1.5731 3.7294
Cyclist -1 -1 -1.4810 522.0060 167.4646 537.1742 206.1706 1.7668 0.5524 1.7873 -3.3705 1.1271 33.6842 -1.5807 2.8765
Pedestrian -1 -1 -1.5227 574.6666 166.1039 607.8662 233.7847 1.6632 0.7979 0.8716 -0.2799 1.2860 18.0985 -1.5382 5.5782
Car -1 -1 -0.6961 643.9285 175.9991 842.3043 257.7224 1.4525 1.5626 3.7654 2.8235 1.3560 14.3554 -0.5019 -0.2315
Cyclist -1 -1 1.5820 547.8794 169.9002 554.3152 188.6367 1.6775 0.5651 1.6777 -4.5278 0.6394 65.1664 1.5127 -0.7694
Pedestrian -1 -1 -1.5868 635.8014 164.1224 667.1050 233.6923 1.6864 0.7579 0.8117 1.1998 1.2664 17.8351 -1.5196 5.0845
Car -1 -1 -1.7687 679.4382 180.9242 770.9594 246.1577 1.4640 1.5502 3.5667 2.9438 1.4523 17.9278 -1.6060 -0.4821
Pedestrian -1 -1 1.6842 471.8766 167.2969 507.7443 254.4712 1.6839 0.6236 0.7701 -2.2470 1.4108 14.2708 1.5280 5.0807
Pedestrian -1 -1 -1.3262 883.1045 125.9349 1037.0010 373.0000 1.6964 0.7932 0.9372 2.5419 1.3451 5.1716 -0.8694 4.4760
Pedestrian -1 -1 -2.3720 992.2449 144.6212 1141.8541 322.7709 1.5965 0.8013 0.9197 4.4364 1.2674 6.9752 -1.8056 3.9350
Pedestrian -1 -1 -2.6361 163.2191 258.3275 319.6860 373.0000 1.5726 0.6787 0.6796 -2.3889 2.1178 4.7298 -3.1038 3.1888
Pedestrian -1 -1 1.6226 498.1979 159.7737 535.7877 249.6574 1.7449 0.7076 0.8595 -1.7194 1.3244 14.3946 1.5037 2.7676
Pedestrian -1 -1 -2.5451 67.8328 228.2427 257.1710 373.0000 1.4934 0.6010 0.6430 -2.3758 1.7666 3.8586 -3.0970 0.5527
