Car -1 -1 1.7107 539.2912 178.5073 608.9686 233.5701 1.5606 1.6367 3.9028 -0.7881 1.4770 22.3834 1.6755 13.0553
Cyclist -1 -1 1.4922 622.3991 171.9786 633.6003 194.1569 1.6727 0.7168 1.8053 2.0510 0.9552 55.0913 1.5294 0.5575
Pedestrian -1 -1 -1.9681 866.1927 163.2266 960.6181 311.9432 1.7443 0.7574 0.9555 3.7892 1.5314 8.9026 -1.5657 6.1422
Car -1 -1 1.5353 713.6096 156.1138 742.1042 181.2396 1.5195 1.6309 3.9918 7.9862 -0.0166 45.5731 1.7088 1.6893
Cyclist -1 -1 -2.1805 517.6280 170.7449 596.9285 268.3316 1.7002 0.5918 1.7134 -0.8887 1.5141 13.3659 -2.2469 0.4802
Pedestrian -1 -1 -1.9160 770.8385 153.8554 886.3234 358.6928 1.7152 0.7179 0.9193 1.9672 1.4851 6.4896 -1.6217 5.6693
Car -1 -1 1.4147 707.1363 154.6344 741.1697 178.0370 1.5108 1.6514 4.2017 8.3517 -0.2463 49.1087 1.5831 -0.0322
Cyclist -1 -1 1.8009 463.7995 176.7432 477.6264 200.5569 1.7035 0.6098 1.7447 -9.4878 1.3638 52.2694 1.6213 -0.6289
Pedestrian -1 -1 -1.9535 839.0082 175.1745 937.0301 337.3976 1.6308 0.6992 0.8436 2.9738 1.5686 7.6446 -1.5825 5.5881
Car -1 -1 1.5048 453.9396 170.2786 478.7088 190.8595 1.4648 1.5613 3.5557 -9.9856 0.6668 53.0401 1.3187 -0.5683
Cyclist -1 -1 1.6038 588.7936 169.7400 594.9754 186.9720 1.6404 0.5429 1.6445 -0.8757 0.5212 69.2086 1.5912 -0.7195
Pedestrian -1 -1 -1.9839 693.5702 173.3649 783.6109 328.2651 1.6660 0.7200 0.8696 1.5027 1.5799 8.2296 -1.8033 5.3481
Car -1 -1 -2.4093 0.0000 112.0222 102.5028 194.6831 1.4785 1.6148 4.1129 -12.1455 0.2371 13.6651 -3.1359 -0.6185
Pedestrian -1 -1 -2.0653 920.1335 154.0526 1074.4588 373.0000 1.6672 0.6902 0.7625 2.7626 1.4852 5.1792 -1.5753 5.2868
Pedestrian -1 -1 -1.9026 812.6752 172.3706 889.0088 314.8764 1.7076 0.6613 0.8488 3.0674 1.5996 9.0310 -1.5752 4.6732
Pedestrian -1 -1 -2.1485 964.3652 154.6626 1213.6385 373.0000 1.6220 0.7759 0.7703 2.4232 1.4978 3.7456 -1.5743 4.1413
Pedestrian -1 -1 1.2173 762.4641 162.9873 822.0727 283.1271 1.7986 0.6229 0.9019 2.9236 1.5227 11.2309 1.4720 3.7205
Pedestrian -1 -1 -1.7623 522.7865 163.6719 570.3454 267.1765 1.8334 0.7069 0.9344 -1.0657 1.5189 13.2663 -1.8425 2.9111
Pedestrian -1 -1 -1.8915 731.1413 169.3505 746.0712 201.0915 1.7804 0.6397 0.7060 7.7652 1.0997 40.6818 -1.7029 -0.6277
