Car -1 -1 1.7027 542.6816 181.4491 610.0269 235.6337 1.5681 1.6199 4.0555 -0.7348 1.5678 22.8845 1.6706 11.4655
Cyclist -1 -1 1.4319 622.5389 174.2418 633.9029 195.9418 1.6723 0.6533 1.7360 2.1132 1.1135 56.2507 1.4695 -0.0631
Pedestrian -1 -1 -1.8758 773.0906 166.7196 873.5449 359.8892 1.6944 0.6682 0.8467 1.9995 1.5661 6.7270 -1.5869 6.4573
Car -1 -1 -3.0748 393.5412 184.7175 512.3119 230.6024 1.4899 1.6036 3.8524 -5.0179 1.6055 24.5231 -3.2767 0.5113
Pedestrian -1 -1 -1.6879 815.9874 168.0544 879.2542 311.8384 1.7546 0.6688 0.8611 3.1043 1.5919 9.2532 -1.3642 6.1866
Car -1 -1 -1.7074 684.8514 184.3587 729.6717 217.3818 1.4739 1.6078 3.7444 4.9791 1.6186 34.2596 -1.5631 0.2091
Pedestrian -1 -1 -1.9826 704.4274 174.9410 798.3089 324.0396 1.6393 0.7728 0.9104 1.6872 1.5685 8.4221 -1.7849 5.9737
Car -1 -1 -1.7044 698.4324 183.1611 755.0356 224.3146 1.4867 1.6381 4.0992 4.8175 1.5577 28.1924 -1.5351 -0.3919
Pedestrian -1 -1 -1.9491 860.4062 167.8594 948.9609 310.7996 1.7335 0.7567 0.9017 3.7956 1.5694 9.1650 -1.5564 5.9532
Car -1 -1 1.6480 531.8534 156.9640 566.1908 185.7653 1.5181 1.6067 3.8456 -2.8593 0.2257 39.7886 1.5763 -0.5060
Pedestrian -1 -1 -2.0320 829.2313 168.9911 923.7645 336.1450 1.7260 0.6664 0.8194 2.9367 1.5982 7.8569 -1.6743 5.7340
Car -1 -1 -1.1264 46.5285 143.0388 165.8121 194.5886 1.4827 1.6044 3.8254 -15.4929 0.3776 22.6721 -1.7258 -0.8120
Pedestrian -1 -1 -2.0089 906.0770 160.5615 1059.8206 373.0000 1.6505 0.7291 0.8345 2.7724 1.5069 5.4018 -1.5348 5.4359
Pedestrian -1 -1 -1.8715 763.6127 169.0583 824.3529 283.2483 1.7472 0.7024 0.8762 3.0066 1.5581 11.4414 -1.6145 5.1221
Pedestrian -1 -1 -2.2558 938.8869 142.9146 1184.0810 373.0000 1.7190 0.7948 0.8119 2.4095 1.5333 3.9369 -1.7066 5.0768
Pedestrian -1 -1 -2.2173 1043.5893 126.1465 1237.0000 373.0000 1.6750 0.6470 0.7531 3.0286 1.3896 4.0993 -1.5810 3.9369
Pedestrian -1 -1 1.0241 522.6512 165.9585 579.9003 270.6157 1.8764 0.6605 0.9695 -0.9885 1.5990 13.4627 0.9508 3.9248
