Car -1 -1 1.6610 406.9212 171.8443 490.9876 244.6600 1.5682 1.6413 4.0485 -3.6416 1.3615 17.5722 1.4566 7.4612
Cyclist -1 -1 1.6216 511.2168 161.2994 529.5516 203.3769 1.7884 0.7073 1.8741 -3.5546 0.9308 31.4863 1.5091 1.6946
Pedestrian -1 -1 -1.9227 502.2377 158.5897 571.9275 290.2353 1.7661 0.6981 0.9498 -0.9735 1.4601 10.2133 -2.0178 5.5737
Car -1 -1 -1.6424 617.5261 175.1530 675.8720 224.7472 1.4790 1.5946 3.9884 1.3699 1.2908 23.4237 -1.5840 0.8665
Cyclist -1 -1 1.6168 542.3126 169.8092 548.8755 187.2017 1.6755 0.5633 1.6656 -5.3988 0.5496 70.0394 1.5399 -0.7965
Pedestrian -1 -1 -2.1521 579.9794 149.9848 716.9243 373.0000 1.7484 0.7768 0.9645 0.3355 1.5036 6.2199 -2.0982 5.5269
Car -1 -1 -1.7255 604.3811 158.0723 636.8177 180.8887 1.4650 1.5987 3.8309 1.2568 -0.0421 48.2334 -1.6995 -0.2059
Pedestrian -1 -1 -2.0165 565.7755 166.5455 665.5595 345.0788 1.7277 0.6909 0.9675 0.0802 1.5844 7.5332 -2.0058 5.4990
Car -1 -1 -1.1245 234.9217 174.8296 296.6610 202.7856 1.4765 1.5780 3.9008 -18.5611 1.1251 39.8962 -1.5599 -0.3947
Pedestrian -1 -1 -2.1493 548.4890 155.1091 625.6058 284.1410 1.7462 0.6941 0.9563 -0.2618 1.3904 10.3095 -2.1747 5.1658
Car -1 -1 2.0067 232.7447 165.8176 285.4477 190.5252 1.4733 1.5703 3.6368 -21.2108 0.5389 44.6558 1.5633 -0.6502
Pedestrian -1 -1 -2.0830 417.0668 161.1713 516.8168 330.4228 1.7252 0.6949 0.9598 -1.5395 1.5193 7.9100 -2.2752 5.0982
Pedestrian -1 -1 -1.7607 328.2813 165.2419 399.6675 300.0745 1.6973 0.7448 0.9108 -3.2373 1.4940 9.6199 -2.0853 4.9567
Pedestrian -1 -1 -2.0695 442.5041 163.2204 522.7788 303.3056 1.6962 0.6820 0.8745 -1.5837 1.4762 9.2497 -2.2391 3.6764
Pedestrian -1 -1 1.5162 416.1007 173.1616 459.7567 283.0615 1.6963 0.6355 0.8838 -2.6936 1.5689 11.5980 1.2880 2.8573
