Car -1 -1 1.8142 321.3522 181.7025 455.7887 270.6439 1.5201 1.6247 3.9977 -4.0903 1.5259 14.3090 1.5357 8.1150
Cyclist -1 -1 1.4420 479.3305 172.1559 508.5520 232.6121 1.7063 0.6316 1.7169 -3.2143 1.4437 21.1834 1.2914 5.1570
Pedestrian -1 -1 -1.8772 207.3272 180.9984 304.0392 342.4596 1.6383 0.7073 0.9136 -3.8390 1.6345 7.8607 -2.3315 5.8672
Car -1 -1 -1.5527 560.7326 165.4165 601.9589 209.0090 1.7888 1.6918 4.0058 -0.8596 1.1298 31.4841 -1.5800 0.6335
Cyclist -1 -1 -1.5570 508.5342 171.4843 519.2668 199.5690 1.7155 0.6424 1.7237 -5.4434 1.1045 44.7667 -1.6780 0.0854
Pedestrian -1 -1 -1.9126 377.4375 155.6009 464.8788 315.0001 1.8112 0.7485 0.9727 -2.2609 1.5182 8.7719 -2.1648 5.8429
Car -1 -1 1.7598 452.2252 171.8335 484.3487 193.7641 1.5878 1.6281 4.1570 -9.9611 0.8885 54.0899 1.5777 -0.7683
Pedestrian -1 -1 -1.7850 165.8149 161.4968 277.0223 370.5026 1.7138 0.7003 0.9161 -3.4802 1.5511 6.4632 -2.2789 4.6209
Pedestrian -1 -1 -1.2784 115.1737 181.8816 212.1352 334.6029 1.6688 0.7378 0.9094 -5.1218 1.6749 8.3826 -1.8269 4.5242
Pedestrian -1 -1 -1.8985 317.6035 158.5771 434.0579 373.0000 1.7747 0.6743 0.9234 -1.9782 1.5999 6.0908 -2.2125 4.4212
Pedestrian -1 -1 -1.8435 258.6041 152.2143 400.1399 373.0000 1.6900 0.7185 0.8857 -1.9947 1.5070 5.0900 -2.2170 4.3520
Pedestrian -1 -1 1.4504 509.2656 170.3858 521.1760 197.9851 1.7002 0.6368 0.8618 -5.3677 1.0162 44.7422 1.3310 2.3644
