Car -1 -1 1.7306 508.5510 169.0493 587.1937 232.1964 1.6446 1.6505 3.9492 -1.4730 1.3215 20.7452 1.6597 12.8432
Cyclist -1 -1 2.8479 192.2006 163.7120 403.7620 372.4234 1.6830 0.5452 1.6904 -2.7654 1.5410 6.5400 2.4478 3.3762
Pedestrian -1 -1 -2.0690 908.7856 156.4829 1073.2054 373.0000 1.6367 0.7518 0.8167 2.7502 1.4696 5.2496 -1.5865 6.5006
Car -1 -1 -2.5830 620.3426 170.9915 713.8865 208.4026 1.5228 1.6037 3.7367 2.7886 1.0961 31.0044 -2.4933 2.9071
Cyclist -1 -1 1.4741 600.9666 166.4269 612.0388 191.9620 1.7062 0.5885 1.7131 0.3498 0.6997 48.8743 1.4813 1.0331
Pedestrian -1 -1 -1.8809 770.7108 164.0707 876.5160 358.5381 1.6461 0.6729 0.8833 1.9372 1.5000 6.5267 -1.5924 6.4074
Car -1 -1 1.7716 376.1531 163.4438 426.1139 196.9188 1.4585 1.5504 3.5032 -9.1783 0.6727 33.0963 1.5011 1.5778
Cyclist -1 -1 0.9081 445.9915 169.7939 530.9350 265.8174 1.6607 0.6171 1.7129 -2.1426 1.4596 13.2296 0.7476 -0.1907
Pedestrian -1 -1 -2.1329 962.1940 152.9056 1210.7865 373.0000 1.6712 0.7856 0.8015 2.4620 1.5362 3.8273 -1.5613 5.3425
Car -1 -1 -1.7182 677.9993 158.5059 709.7977 180.7812 1.4735 1.6036 3.9900 6.3608 -0.0511 49.6561 -1.5908 1.1659
Pedestrian -1 -1 -2.2350 593.6647 164.7185 695.7451 326.1056 1.7253 0.7368 0.9607 0.4384 1.5472 8.2814 -2.1821 5.2538
Car -1 -1 -1.7059 701.3183 177.2713 770.8800 228.3670 1.4484 1.6026 3.7826 4.0578 1.3297 22.2859 -1.5258 -0.7282
Pedestrian -1 -1 -2.1395 807.5724 162.7329 919.7489 341.9493 1.6976 0.6829 0.9190 2.5974 1.5212 7.3264 -1.7988 5.1780
Pedestrian -1 -1 -2.2237 697.0463 171.8538 774.4776 289.1799 1.7088 0.7435 0.9525 2.0100 1.5696 11.0531 -2.0438 4.4411
Pedestrian -1 -1 1.1188 446.3725 161.2213 502.5950 258.6468 1.7017 0.6771 0.9145 -2.3653 1.3488 13.1133 0.9404 2.9505
Pedestrian -1 -1 -2.2401 821.4020 144.3318 917.2527 308.3893 1.8926 0.6515 0.9528 3.2270 1.4652 8.8389 -1.8900 2.4307
Pedestrian -1 -1 -2.8651 751.4549 159.9963 819.0208 275.5100 1.8232 0.6758 0.9334 2.9959 1.4851 11.8613 -2.6177 1.9701
