Car -1 -1 1.7367 496.2845 170.9864 577.9746 231.6300 1.5409 1.6381 4.1351 -1.7410 1.2749 20.3759 1.6515 14.1781
Cyclist -1 -1 1.4754 589.8439 165.1776 602.2572 192.2003 1.7212 0.6426 1.7221 -0.3486 0.6823 46.6423 1.4679 0.8718
Pedestrian -1 -1 -2.0500 923.3427 138.9525 1151.3153 373.0000 1.7154 0.8160 0.8492 2.3915 1.4975 4.1427 -1.5265 6.3284
Car -1 -1 -1.7521 652.6011 171.1056 707.1601 209.0146 1.5309 1.6258 4.0633 3.3068 1.1122 31.0939 -1.6461 1.2296
Cyclist -1 -1 1.4732 656.8936 167.9455 665.4690 187.3323 1.6750 0.5836 1.7029 5.2600 0.5044 62.9171 1.5566 -0.7889
Pedestrian -1 -1 -1.9786 883.5503 163.3704 1025.9735 373.0000 1.6463 0.7205 0.8489 2.6857 1.5160 5.6505 -1.5349 5.8323
Car -1 -1 3.2394 52.7606 130.3279 214.1573 183.4700 1.4884 1.5914 3.9524 -14.0033 0.0563 21.7269 2.6668 -0.3338
Pedestrian -1 -1 -1.8206 570.0911 167.5033 649.7582 320.6720 1.6922 0.7199 0.9571 0.0320 1.5389 8.4851 -1.8168 5.8269
Car -1 -1 -1.6581 518.3656 153.4467 550.0788 179.2967 1.4734 1.5777 3.6808 -4.0788 -0.1379 43.2297 -1.7522 -0.5523
Pedestrian -1 -1 -2.2378 665.5848 153.4171 739.2978 277.3603 1.8450 0.6781 0.9895 1.5313 1.4283 11.2886 -2.1030 5.5527
Pedestrian -1 -1 -2.1041 734.5190 159.3630 848.8455 352.0711 1.7098 0.6908 0.9096 1.7525 1.5148 6.9043 -1.8555 5.4492
Pedestrian -1 -1 -2.4133 712.6105 156.6936 783.1168 271.4588 1.8551 0.6764 0.9676 2.4362 1.4554 12.1986 -2.2162 5.1394
Pedestrian -1 -1 -2.1031 776.0120 161.2671 880.3536 332.8371 1.7069 0.6895 0.9136 2.3465 1.5070 7.6687 -1.8062 4.8881
Pedestrian -1 -1 -1.8255 423.2629 162.0252 472.0697 264.9160 1.8098 0.6580 0.9403 -2.8760 1.4685 13.2003 -2.0401 4.7222
