Car -1 -1 1.7156 531.1805 174.2995 597.5190 226.2842 1.5909 1.6447 4.0927 -1.1784 1.3716 24.0961 1.6667 11.4723
Cyclist -1 -1 1.4639 645.8903 170.3844 653.9837 188.5261 1.6845 0.5810 1.6882 4.5951 0.6527 67.5512 1.5318 1.5549
Pedestrian -1 -1 -1.7971 750.2475 170.1089 838.2898 343.0046 1.6752 0.7033 0.8027 1.9044 1.5662 7.3679 -1.5442 8.3026
Car -1 -1 -1.6776 691.1836 159.8166 720.5761 181.5018 1.4707 1.6195 4.1166 7.3589 0.0007 50.8049 -1.5338 1.1521
Cyclist -1 -1 1.5845 612.8345 168.4690 621.5920 189.2465 1.6932 0.7016 1.7821 1.3377 0.6318 59.4378 1.6071 -0.4985
Pedestrian -1 -1 -1.8924 844.3276 167.1650 971.4217 373.0000 1.6609 0.7480 0.8370 2.4847 1.5507 6.0332 -1.5017 7.0535
Car -1 -1 1.7982 430.7351 166.3926 469.3220 190.4460 1.5290 1.6239 4.1178 -9.9976 0.5694 47.7366 1.5917 0.4349
Pedestrian -1 -1 -1.9015 709.9891 161.8337 784.4344 310.0062 1.7297 0.6270 0.9359 1.7359 1.5014 8.8893 -1.7087 6.8607
Car -1 -1 -1.7175 700.3854 177.8712 757.3714 219.7431 1.4798 1.5890 3.6953 4.7411 1.3526 27.2511 -1.5452 -0.2039
Pedestrian -1 -1 -2.1591 893.2344 152.7916 1104.8641 373.0000 1.6607 0.8162 0.8452 2.3678 1.5018 4.4721 -1.6722 6.3840
Car -1 -1 -1.6822 692.6531 162.8631 736.5100 199.3403 1.6709 1.6620 3.9700 5.4305 0.8182 34.9216 -1.5280 -0.7687
Pedestrian -1 -1 -1.8776 831.8365 174.5442 908.1654 301.3953 1.6655 0.7600 0.8377 3.6204 1.5755 9.8641 -1.5258 5.2300
Pedestrian -1 -1 -1.9213 796.8156 168.7934 887.6842 317.1544 1.6712 0.7662 0.8717 2.7891 1.5294 8.5379 -1.6056 5.1709
Pedestrian -1 -1 -1.8058 783.9631 164.8703 848.0004 295.8510 1.7316 0.6634 0.8524 2.9034 1.5131 9.9359 -1.5215 4.7994
Pedestrian -1 -1 -2.0594 532.3576 170.1407 586.7406 262.4259 1.7311 0.7150 0.9127 -0.8662 1.5193 14.0478 -2.1210 2.9611
