Car -1 -1 1.7144 534.8332 176.3620 606.3597 231.4706 1.5246 1.6112 4.1034 -0.8746 1.3836 21.9940 1.6746 12.8659
Cyclist -1 -1 -2.3673 487.7900 168.9723 585.1081 269.3665 1.7191 0.7064 1.7823 -1.2483 1.5058 13.1324 -2.4620 6.5347
Pedestrian -1 -1 -2.1761 862.3884 157.5052 964.2340 310.3905 1.7576 0.7456 0.9248 3.7409 1.4831 8.7836 -1.7734 6.4018
Car -1 -1 -1.6452 692.4935 181.8419 750.7669 230.6924 1.4540 1.5801 3.5615 3.7893 1.4670 23.2453 -1.4836 0.8865
Cyclist -1 -1 1.5401 621.0234 169.3638 629.6934 192.3319 1.6912 0.5950 1.6746 1.8029 0.7982 53.7300 1.5736 1.3251
Pedestrian -1 -1 -1.8646 781.3443 163.9403 896.1769 369.9941 1.6815 0.7130 0.9279 2.0035 1.5396 6.3280 -1.5580 6.1599
Car -1 -1 -1.7370 708.8835 159.2736 744.8150 183.6138 1.4707 1.6003 3.9185 7.8777 0.1285 45.3639 -1.5651 0.8300
Cyclist -1 -1 1.4315 645.5651 170.6775 654.8198 189.4000 1.7055 0.6156 1.7363 4.5330 0.7200 66.3193 1.4997 0.4461
Pedestrian -1 -1 -2.0518 923.0982 151.1660 1088.3589 373.0000 1.6573 0.7291 0.8146 2.7912 1.4593 5.1342 -1.5538 5.8592
Car -1 -1 -1.5013 579.9031 167.8204 601.4331 185.9937 1.5253 1.5850 4.2024 -0.8739 0.3776 62.4315 -1.5153 0.6683
Pedestrian -1 -1 -2.1930 822.4612 163.3186 934.4202 338.8905 1.6975 0.6872 0.8988 2.8042 1.5231 7.4656 -1.8337 5.2760
Pedestrian -1 -1 -2.3577 976.0117 134.1604 1237.0000 373.0000 1.6625 0.7735 0.7763 2.4177 1.4591 3.5606 -1.7612 4.7115
Pedestrian -1 -1 -2.2926 679.9584 166.8319 786.3239 329.5482 1.6998 0.7360 0.9458 1.4214 1.5480 8.0969 -2.1188 4.6786
Pedestrian -1 -1 -2.0670 498.0467 162.7414 557.6451 265.9267 1.7879 0.6919 0.9780 -1.3858 1.4641 13.0427 -2.1728 4.1002
Pedestrian -1 -1 -2.1042 753.8765 162.1711 827.0336 283.5833 1.7668 0.7055 0.9290 2.8323 1.4868 10.9947 -1.8521 2.0048
