Car -1 -1 1.7477 461.8490 167.9739 549.4822 234.5536 1.6042 1.6566 3.9521 -2.4897 1.2795 19.3191 1.6196 12.5288
Cyclist -1 -1 1.4493 684.7371 162.8085 698.2610 192.5240 1.7066 0.5811 1.7082 5.2732 0.6339 42.1076 1.5738 -0.1879
Pedestrian -1 -1 -2.0080 837.8622 162.7957 1001.7595 373.0000 1.6406 0.7986 0.8478 2.2175 1.5173 5.2237 -1.6065 6.7928
Car -1 -1 -1.9081 889.7166 148.5488 990.5475 207.2340 1.6440 1.6342 3.7344 10.2385 0.7221 22.0591 -1.4735 0.0758
Pedestrian -1 -1 -1.8935 794.8758 154.7474 896.6325 351.0199 1.7170 0.6501 0.8743 2.2058 1.4843 6.7202 -1.5763 6.3712
Car -1 -1 2.0202 316.2744 162.0386 392.3250 199.0466 1.5263 1.6337 3.9060 -10.8097 0.7247 31.6610 1.6912 -0.1003
Pedestrian -1 -1 -2.3051 560.8644 166.9831 630.0419 278.6950 1.7307 0.6812 0.9249 -0.1454 1.5071 11.6969 -2.3175 4.7813
Car -1 -1 3.5186 286.3876 165.8809 339.6496 184.1834 1.4729 1.5764 3.7149 -23.4743 0.2165 58.6001 3.1376 -0.2275
Pedestrian -1 -1 -2.2315 609.9838 164.5022 711.7586 339.0067 1.7267 0.6596 0.9111 0.5721 1.5599 7.6672 -2.1571 4.6274
Car -1 -1 1.5233 526.8238 162.1289 548.1333 180.7511 1.4853 1.5673 3.9595 -5.3009 -0.0638 59.5287 1.4345 -0.6442
Pedestrian -1 -1 -2.0641 480.3522 161.8702 563.6074 304.8609 1.7209 0.7016 0.9326 -1.0776 1.4860 9.2256 -2.1804 4.2756
Pedestrian -1 -1 -1.9275 698.8205 158.9695 777.7606 292.2100 1.7374 0.7774 0.9619 1.8200 1.4449 9.9054 -1.7457 3.9914
