Car -1 -1 1.7319 520.2289 171.9225 597.0880 230.2894 1.5574 1.6275 4.1203 -1.1922 1.3030 21.2994 1.6760 14.7804
Cyclist -1 -1 1.5252 611.2165 167.1348 620.8477 191.7965 1.7270 0.6043 1.7628 1.0492 0.7217 51.1906 1.5457 1.6377
Pedestrian -1 -1 -1.8463 779.8786 165.5099 900.2460 371.4857 1.6578 0.7667 0.9028 1.9851 1.5305 6.2424 -1.5384 6.5958
Car -1 -1 -1.5033 427.0533 181.1459 471.2957 217.4347 1.4575 1.6054 3.8254 -6.4936 1.4443 30.8543 -1.7108 0.4761
Cyclist -1 -1 1.4564 631.4341 168.7216 639.5389 187.2281 1.6805 0.5551 1.6795 3.1645 0.5205 66.0822 1.5042 -0.7440
Pedestrian -1 -1 -2.1904 974.6760 136.9447 1237.0000 373.0000 1.6333 0.7772 0.7959 2.3828 1.4408 3.5320 -1.5969 6.4640
Car -1 -1 -1.6105 611.0377 166.6469 636.2161 190.7888 1.7055 1.6778 4.2320 1.6136 0.6568 52.8683 -1.5800 -0.2151
Pedestrian -1 -1 -1.9034 648.0980 165.1241 735.4912 324.6567 1.6727 0.6943 0.9527 0.9436 1.5024 8.0691 -1.7870 5.7219
Pedestrian -1 -1 -2.1534 816.3506 158.9901 925.3451 335.3944 1.6913 0.6529 0.9134 2.7010 1.4769 7.4044 -1.8036 5.7163
Pedestrian -1 -1 -2.0584 923.2627 159.7329 1097.0337 373.0000 1.6481 0.7595 0.8095 2.7573 1.5097 5.0228 -1.5563 5.6713
Pedestrian -1 -1 -2.1960 851.5198 149.1042 951.4269 307.9132 1.7976 0.6777 0.9571 3.5497 1.4322 8.6728 -1.8075 4.8944
Pedestrian -1 -1 1.2830 729.5751 161.2000 790.5340 283.9778 1.7870 0.6589 0.9541 2.3563 1.4929 10.9533 1.4949 3.7134
Pedestrian -1 -1 1.1140 472.3716 159.9412 529.5880 261.6911 1.7570 0.6869 0.9174 -1.8629 1.3860 12.9737 0.9713 3.2885
