Car -1 -1 1.9716 20.1858 187.1872 312.7348 354.5249 1.5116 1.5900 3.6719 -4.8246 1.5956 8.5305 1.4569 12.8815
Cyclist -1 -1 1.8864 228.3835 157.9501 356.4004 358.5716 1.7230 0.6297 1.8024 -3.0191 1.5221 7.0917 1.4840 8.2813
Pedestrian -1 -1 -1.5547 476.8766 168.4740 498.0932 215.8561 1.6931 0.7506 0.8089 -4.1589 1.2287 26.1193 -1.7126 5.1498
Car -1 -1 1.9055 324.2935 154.5685 367.0506 179.6798 1.6169 1.5930 3.6808 -17.1554 -0.1266 48.3640 1.5646 2.3358
Pedestrian -1 -1 -1.2520 325.5515 166.6142 359.2941 219.9747 1.7045 0.7885 0.9176 -8.4578 1.2301 23.4133 -1.5986 5.1047
Car -1 -1 -1.3171 494.4323 167.8880 569.3456 220.7775 1.7335 1.6986 4.0509 -2.4113 1.2885 25.6769 -1.4107 1.1179
Pedestrian -1 -1 -1.3913 457.9904 167.1629 480.5589 214.5845 1.6868 0.6705 0.8056 -4.7908 1.1779 25.9521 -1.5738 3.9597
Car -1 -1 -1.5422 508.3431 178.8368 565.8170 232.0528 1.4638 1.5792 3.6544 -1.9124 1.3917 21.6281 -1.6304 -0.1377
Pedestrian -1 -1 1.0416 631.3300 152.9594 683.3277 234.6645 1.6807 0.7480 0.9116 1.1481 1.0949 15.3478 1.1163 3.5764
Car -1 -1 -1.6503 0.0000 175.9276 65.9720 373.0000 1.5790 1.6206 3.9322 -5.8868 1.5505 5.7324 -2.4489 -0.4668
Pedestrian -1 -1 -1.3551 22.7553 168.9482 113.3566 320.9847 1.7067 0.7012 0.8838 -6.4065 1.5672 8.6083 -1.9949 2.1432
Pedestrian -1 -1 1.5981 509.5232 165.7749 533.6694 227.8946 1.6414 0.6293 0.7596 -2.1794 1.2271 19.3832 1.4861 1.6712
Pedestrian -1 -1 1.5253 559.7400 156.6555 597.3732 254.7094 1.6800 0.6298 0.6780 -0.4531 1.2556 12.6682 1.4895 0.0679
Pedestrian -1 -1 1.3326 665.1310 151.5423 699.6007 227.3700 1.6735 0.6194 0.7233 1.7872 1.0135 16.2491 1.4421 -0.6551
