Car -1 -1 1.7160 530.7989 172.7206 601.8724 229.3973 1.5545 1.5956 3.8834 -0.9974 1.3149 21.7109 1.6701 14.4730
Cyclist -1 -1 1.5215 614.6869 167.7281 625.9140 191.9536 1.7472 0.7305 1.8685 1.3951 0.7545 52.7463 1.5479 1.8987
Pedestrian -1 -1 -1.8046 782.3666 153.7799 895.0408 368.2791 1.7208 0.7269 0.9185 1.9748 1.4998 6.2444 -1.4984 6.6060
Car -1 -1 1.3265 697.6204 152.0298 739.0003 177.3693 1.4948 1.6253 4.0543 7.2954 -0.2709 45.1448 1.4867 0.8029
Cyclist -1 -1 1.4591 638.7541 170.4962 647.0114 188.9522 1.6796 0.5758 1.6700 3.8530 0.6786 66.2203 1.5172 0.6188
Pedestrian -1 -1 -2.0322 930.0337 162.4790 1107.1502 373.0000 1.6473 0.7616 0.8675 2.8229 1.5270 5.0445 -1.5221 5.4533
Car -1 -1 -1.7223 701.7991 179.2093 761.6147 221.1023 1.4744 1.6334 3.9928 4.8463 1.3948 27.2938 -1.5465 0.4130
Pedestrian -1 -1 -2.3196 983.0448 157.0699 1237.0000 373.0000 1.6899 0.8510 0.7935 2.4620 1.5874 3.5035 -1.7070 5.3181
Pedestrian -1 -1 -1.9392 822.6522 160.7426 920.7690 334.8060 1.6903 0.6914 0.8166 2.7040 1.4901 7.3874 -1.5883 5.1325
Pedestrian -1 -1 -2.0208 668.0822 168.1176 762.5999 328.8987 1.6775 0.7092 0.9217 1.2048 1.5392 8.0372 -1.8720 4.9979
Pedestrian -1 -1 -2.1673 856.2572 149.0692 955.2428 309.2383 1.8301 0.6952 0.9435 3.6284 1.4609 8.7370 -1.7737 4.7260
Pedestrian -1 -1 1.3705 495.1374 158.0734 542.4052 263.9575 1.8325 0.6738 0.9247 -1.5451 1.4283 12.9739 1.2520 3.4007
Pedestrian -1 -1 -2.4460 735.5104 161.8850 814.9880 284.0939 1.7603 0.6831 0.9604 2.5923 1.4790 10.9332 -2.2132 2.2073
