Car -1 -1 1.7725 323.4437 179.4713 450.3614 268.9421 1.5587 1.6491 4.1779 -4.2275 1.5246 14.6593 1.4918 6.8846
Cyclist -1 -1 1.5600 485.8412 169.0899 505.6195 228.1664 1.7507 0.5804 1.7911 -3.3084 1.3841 22.2155 1.4122 4.9222
Pedestrian -1 -1 -1.6489 239.8302 168.6302 313.1349 338.9327 1.7651 0.6683 0.9322 -3.6863 1.6331 8.0123 -2.0801 5.7975
Car -1 -1 -1.5545 555.2559 172.8302 594.1432 210.6633 1.5787 1.6228 3.9959 -1.1726 1.2179 31.9866 -1.5912 -0.2733
Cyclist -1 -1 1.4651 509.1714 170.6009 521.6165 198.4290 1.7030 0.5918 1.7158 -5.3747 1.0368 44.8603 1.3459 0.8786
Pedestrian -1 -1 -2.0757 395.8217 156.5030 484.9990 313.6118 1.8438 0.6951 0.9972 -2.0802 1.5518 9.0308 -2.3021 5.5903
Pedestrian -1 -1 -1.9866 351.0086 165.7352 468.3573 373.0000 1.7263 0.6773 0.9277 -1.7536 1.6012 6.3332 -2.2567 5.2753
Pedestrian -1 -1 -1.5006 135.9346 177.5025 218.3105 320.6071 1.5948 0.7896 0.8788 -5.0798 1.5516 8.5725 -2.0355 5.1855
Pedestrian -1 -1 -1.6159 203.3481 174.2149 302.9271 373.0000 1.6949 0.7772 0.9458 -3.2814 1.6351 6.6296 -2.0755 4.8496
Pedestrian -1 -1 -1.9556 288.8706 149.4883 430.4311 373.0000 1.6939 0.7154 0.8584 -1.8465 1.4838 5.3032 -2.2906 4.0967
Pedestrian -1 -1 1.6229 510.4097 169.0067 521.3315 196.8351 1.7178 0.6350 0.8259 -5.3247 0.9474 44.7725 1.5045 0.0119
