Car -1 -1 1.7197 499.6905 172.7213 580.0592 232.8962 1.5369 1.6662 4.2408 -1.6731 1.3139 20.5164 1.6384 12.6664
Cyclist -1 -1 1.4434 591.2444 163.2204 604.2101 189.8734 1.7077 0.6265 1.7589 -0.2412 0.5372 46.9356 1.4383 0.9332
Pedestrian -1 -1 -2.0238 745.9491 154.3249 852.3416 352.0932 1.7354 0.6269 0.9199 1.7971 1.4983 6.8127 -1.7659 6.3973
Car -1 -1 1.6572 370.0141 164.4470 413.4588 198.8483 1.4798 1.5963 3.6943 -9.5470 0.7472 32.8642 1.3744 1.6568
Pedestrian -1 -1 -2.0912 935.9094 126.1749 1153.0941 373.0000 1.6753 0.7672 0.7767 2.4237 1.3902 4.1105 -1.5584 6.3121
Car -1 -1 1.4088 679.6705 153.4241 711.2417 175.8762 1.4661 1.5493 3.9578 6.5035 -0.4059 49.9142 1.5383 1.1920
Pedestrian -1 -1 -1.9794 886.5332 153.7218 1045.1788 373.0000 1.6774 0.7938 0.8949 2.7112 1.4823 5.5448 -1.5247 6.1149
Car -1 -1 -1.1695 678.6955 167.7127 765.6557 213.8415 1.4962 1.6162 3.9466 4.3201 1.0501 25.3938 -1.0010 0.3279
Pedestrian -1 -1 -2.1168 783.5942 169.1881 895.2887 342.8883 1.6990 0.7316 0.9377 2.4297 1.5799 7.5647 -1.8060 5.6999
Car -1 -1 1.4283 687.7783 151.1298 721.9409 176.5056 1.4713 1.5746 3.6068 6.3203 -0.3189 44.1612 1.5704 0.0851
Pedestrian -1 -1 -2.4389 721.3619 160.9033 789.0599 271.1733 1.7671 0.6276 0.9247 2.5333 1.4383 12.0665 -2.2320 5.1350
Car -1 -1 1.8647 392.7318 163.3388 434.6867 186.5077 1.4847 1.6183 4.0356 -12.4971 0.3216 48.0787 1.6104 -0.4219
Pedestrian -1 -1 -1.8628 428.3910 155.9085 479.7883 261.3975 1.8565 0.6708 0.9779 -2.7642 1.4074 13.2288 -2.0688 4.4845
Car -1 -1 -1.9998 897.6487 141.3438 1009.1726 198.7253 1.6700 1.6642 3.9842 11.0454 0.5024 22.9117 -1.5506 -0.6647
Pedestrian -1 -1 -2.3993 667.6310 160.7174 740.6867 280.0298 1.7741 0.6595 0.9306 1.5578 1.4663 11.2470 -2.2617 4.1633
Pedestrian -1 -1 -2.0368 571.0505 170.2488 664.6596 326.2410 1.7040 0.7292 0.9891 0.1271 1.5824 8.4482 -2.0217 3.6057
