Car -1 -1 1.7464 351.8585 179.2025 464.3329 259.9601 1.5394 1.6564 4.2760 -4.1415 1.4969 15.8876 1.4914 8.5521
Cyclist -1 -1 1.6036 485.6781 164.6398 504.6317 215.1878 1.7421 0.6152 1.7949 -3.8101 1.1621 25.6805 1.4563 2.7957
Pedestrian -1 -1 -2.1492 397.3672 139.7699 537.2554 373.0000 1.8209 0.6983 0.9591 -1.1471 1.5185 5.8145 -2.3440 4.9992
Car -1 -1 -1.7812 605.7092 180.2556 698.7663 245.2269 1.4478 1.5659 3.6012 1.1246 1.4213 17.9011 -1.7185 3.2159
Cyclist -1 -1 1.6154 507.5584 173.5903 514.4021 191.5439 1.6949 0.5760 1.6861 -8.6039 0.9485 68.6765 1.4908 -0.6329
Pedestrian -1 -1 -1.9128 393.3733 170.5183 470.6582 302.6044 1.6525 0.7367 0.9066 -2.3120 1.5165 9.5654 -2.1500 4.6808
Car -1 -1 1.5933 560.9438 167.0675 581.0385 185.4344 1.5044 1.6129 4.0419 -2.5225 0.3227 60.8703 1.5519 1.0795
Pedestrian -1 -1 -1.9149 315.8782 171.7245 399.2376 322.3645 1.6882 0.6845 0.8827 -2.9774 1.5800 8.6060 -2.2480 4.2653
Car -1 -1 -1.4195 571.3793 179.7558 625.2131 219.1678 1.4754 1.6022 3.8639 -0.0769 1.4111 28.9175 -1.4221 0.5934
Pedestrian -1 -1 -1.9050 279.1433 165.2923 386.9710 345.2385 1.6617 0.7514 0.9201 -2.7578 1.5135 7.2249 -2.2696 4.2163
Car -1 -1 1.5776 573.0806 161.1224 596.7607 182.7470 1.4886 1.6301 4.0827 -1.1566 0.0865 51.4989 1.5551 0.5215
Pedestrian -1 -1 -2.3984 433.2992 162.3045 548.0830 360.8276 1.7679 0.6425 0.8907 -1.1133 1.5984 6.9078 -2.5582 4.1360
Car -1 -1 3.4065 380.0222 163.8842 438.2539 183.5754 1.5008 1.6012 4.0754 -14.8195 0.1587 55.5553 3.1458 -0.5157
Pedestrian -1 -1 -1.9993 377.1923 168.8940 438.4791 275.8557 1.7481 0.6821 0.9435 -3.3684 1.5433 12.3177 -2.2662 3.4170
Car -1 -1 -1.6866 662.6621 169.3269 716.4753 211.8440 1.5186 1.6015 3.8279 3.2917 1.0849 27.5710 -1.5678 -0.7228
Pedestrian -1 -1 -1.8366 199.8081 166.5531 284.6854 312.5426 1.7203 0.7339 0.9345 -4.5816 1.5456 9.0550 -2.3050 3.2059
Car -1 -1 1.4206 584.7617 157.0536 616.4197 180.0371 1.4766 1.5834 3.7372 -0.0843 -0.1019 48.3674 1.4189 -0.8063
