Car -1 -1 1.7425 445.3980 169.9605 533.9426 236.2148 1.5529 1.6235 4.0176 -2.8445 1.2836 18.8601 1.5928 11.4644
Cyclist -1 -1 1.6605 548.7992 163.7246 564.2746 198.3977 1.7492 0.6430 1.7916 -2.3176 0.8533 37.1396 1.5982 3.7712
Pedestrian -1 -1 -1.9431 431.3344 159.8478 509.5562 299.5532 1.7493 0.7104 0.9969 -1.8101 1.4795 9.6029 -2.1295 6.8887
Car -1 -1 2.0254 293.4082 165.1797 373.2895 201.4347 1.4657 1.6080 4.0974 -11.5340 0.8069 31.1558 1.6708 2.9894
Cyclist -1 -1 1.5340 621.0902 168.5974 628.8246 188.5313 1.6858 0.5987 1.7072 2.0425 0.5951 61.5997 1.5671 -0.5728
Pedestrian -1 -1 -1.9896 717.9066 160.5884 819.6090 344.9290 1.7366 0.6778 0.9330 1.6217 1.5410 7.2892 -1.7707 6.5042
Car -1 -1 1.6923 508.6178 162.8586 534.2342 181.7600 1.4984 1.6110 4.0712 -6.5082 0.0211 58.9879 1.5824 0.8928
Pedestrian -1 -1 -2.1539 759.2117 151.5104 901.9992 373.0000 1.7376 0.7270 0.8838 1.7678 1.5188 5.7993 -1.8580 6.1992
Car -1 -1 -0.1426 635.9484 164.5349 699.6513 188.5176 1.5283 1.6275 3.9289 4.2900 0.4479 46.6860 -0.0509 -0.2786
Pedestrian -1 -1 -2.2318 512.7345 162.1143 584.4869 270.8197 1.6888 0.7336 0.9629 -0.9131 1.3890 11.7603 -2.3093 5.3861
Car -1 -1 -1.6870 627.4031 156.3181 655.6814 178.0273 1.4720 1.5761 3.8274 2.8422 -0.2569 51.2918 -1.6316 -0.5560
Pedestrian -1 -1 -1.9770 649.5019 165.5803 725.7263 288.8856 1.6591 0.7675 0.9305 1.1636 1.4462 10.2188 -1.8636 4.8279
Pedestrian -1 -1 -2.0314 603.7287 155.7086 675.9807 290.7125 1.8004 0.6744 0.9228 0.4827 1.4577 10.1347 -1.9838 4.6596
Pedestrian -1 -1 -2.2076 553.8985 160.8505 650.9175 328.1942 1.7172 0.6582 0.9065 -0.0486 1.5066 7.9285 -2.2137 4.5007
