Car -1 -1 1.7219 536.7685 177.0362 608.8780 232.7285 1.5580 1.6262 4.0821 -0.8152 1.4342 22.2129 1.6852 11.7749
Cyclist -1 -1 -2.2200 511.3110 172.1733 594.2872 270.8554 1.7055 0.6107 1.7127 -0.9637 1.5456 13.2570 -2.2926 2.8060
Pedestrian -1 -1 -1.9097 809.1430 168.3358 885.6369 314.1039 1.7303 0.6425 0.8797 3.0020 1.5754 8.9690 -1.5867 6.5732
Car -1 -1 -1.5131 692.1055 178.5583 747.5695 228.5565 1.5037 1.5853 3.6816 3.9229 1.4164 23.5723 -1.3481 2.7990
Cyclist -1 -1 1.5437 621.6419 169.4997 630.7839 192.1169 1.6901 0.6448 1.7412 1.8958 0.7940 54.5498 1.5784 0.3980
Pedestrian -1 -1 -2.0118 870.0464 156.5407 965.2342 310.5006 1.7772 0.7239 0.9483 3.7865 1.4905 8.7755 -1.6044 5.4708
Car -1 -1 1.4307 705.6899 157.3857 737.7869 179.8168 1.4615 1.6170 3.9734 8.1920 -0.1192 49.1096 1.5960 1.9251
Cyclist -1 -1 1.5267 561.6152 161.6831 575.9215 200.3747 1.6924 0.5644 1.7054 -1.4896 0.8265 32.2921 1.4806 0.2833
Pedestrian -1 -1 -2.0057 772.9456 164.7385 889.9425 367.6753 1.6829 0.6872 0.8744 1.9791 1.5452 6.4340 -1.7073 5.3712
Car -1 -1 -1.6263 712.9855 154.4937 742.7266 179.3602 1.4830 1.6187 3.9868 7.9314 -0.1404 45.2731 -1.4528 0.1160
Pedestrian -1 -1 -2.0082 916.7339 153.7541 1080.6400 373.0000 1.6581 0.7441 0.8284 2.7576 1.4765 5.1677 -1.5180 5.1626
Car -1 -1 1.7094 523.3695 153.6209 561.7850 182.1703 1.4681 1.5747 3.7024 -3.1369 0.0353 38.8311 1.6288 -0.8172
Pedestrian -1 -1 -2.0149 832.3462 176.5451 931.6805 345.4513 1.6672 0.6951 0.7793 2.8582 1.6196 7.5038 -1.6510 5.1199
Pedestrian -1 -1 -2.3009 752.8983 170.7079 830.8034 287.1194 1.6983 0.7089 0.9440 2.8746 1.5422 11.0590 -2.0466 4.9238
Pedestrian -1 -1 -1.9507 690.1122 181.2074 786.8596 332.9251 1.6082 0.7952 0.8944 1.4792 1.6064 8.1287 -1.7707 4.7566
Pedestrian -1 -1 -2.1708 982.5908 142.8667 1237.0000 373.0000 1.8150 0.7652 0.7847 2.4537 1.6434 3.6090 -1.5737 3.6526
Pedestrian -1 -1 -1.7205 514.3538 165.2190 558.7498 264.0073 1.7382 0.6758 0.9270 -1.2416 1.4530 13.1682 -1.8145 3.6232
