Car -1 -1 1.8087 323.9279 181.8190 456.1838 264.9587 1.4586 1.6332 4.1853 -4.1807 1.4673 14.7384 1.5323 7.8797
Cyclist -1 -1 1.5629 484.7690 169.5504 505.6607 230.0111 1.7493 0.5995 1.7939 -3.2487 1.4047 21.7139 1.4143 5.8114
Pedestrian -1 -1 -2.0551 386.7847 158.4039 476.9555 312.1852 1.7825 0.7199 0.9667 -2.1618 1.5161 8.9242 -2.2928 6.0917
Car -1 -1 -1.7341 548.0351 174.7310 598.3218 210.7087 1.4820 1.5973 3.8341 -1.3179 1.2041 31.6263 -1.7757 1.5031
Cyclist -1 -1 1.2554 507.0191 170.5954 524.2064 198.5756 1.7114 0.5589 1.7140 -5.3585 1.0452 44.8285 1.1364 1.6439
Pedestrian -1 -1 -1.7278 177.6839 175.9544 290.7089 370.2628 1.6028 0.7781 0.8812 -3.3886 1.5585 6.5084 -2.2078 6.0450
Cyclist -1 -1 1.6927 499.4794 171.5381 507.7889 189.7421 1.6936 0.5734 1.7118 -9.1722 0.7672 67.6876 1.5580 -0.4976
Pedestrian -1 -1 -2.2239 322.8267 169.4666 456.0990 373.0000 1.7129 0.7178 0.8863 -1.8891 1.6189 6.2377 -2.5180 4.9786
Pedestrian -1 -1 -1.4569 128.9541 164.5021 212.8376 329.5994 1.8166 0.7493 0.9593 -5.1048 1.6309 8.4930 -1.9981 4.7129
Pedestrian -1 -1 -1.7997 227.0420 179.9542 313.5533 342.4003 1.6825 0.6848 0.8989 -3.7468 1.6679 8.0025 -2.2376 4.5912
Pedestrian -1 -1 -1.8646 273.5583 147.3748 412.3576 373.0000 1.7313 0.7075 0.8788 -1.9240 1.5141 5.1629 -2.2213 4.5811
Pedestrian -1 -1 1.2082 508.3326 171.7210 522.3455 198.8488 1.6718 0.6124 0.8291 -5.3637 1.0699 44.7757 1.0890 0.8013
