Car -1 -1 1.7421 405.5199 169.9489 501.3832 238.8711 1.5220 1.6502 4.1361 -3.5926 1.2682 17.9497 1.5446 6.7480
Cyclist -1 -1 1.6500 556.0254 166.3608 566.9102 193.9093 1.7149 0.5563 1.7342 -2.5235 0.7732 45.5883 1.5947 2.8220
Pedestrian -1 -1 -1.9354 619.0685 150.1722 732.2963 373.0000 1.7874 0.6821 0.9235 0.5645 1.5409 6.2177 -1.8449 5.5688
Car -1 -1 1.7945 409.9682 144.5011 460.1602 177.0376 1.4498 1.5679 3.6456 -7.8980 -0.2237 34.3315 1.5684 2.0817
Cyclist -1 -1 1.6961 518.7791 163.5190 538.2450 204.2443 1.7886 0.6554 1.8217 -3.2963 0.9999 32.4650 1.5949 1.6362
Pedestrian -1 -1 -1.7931 601.0770 155.6484 680.0012 334.3260 1.7575 0.6339 0.9296 0.3418 1.5046 7.5766 -1.7480 5.2457
Car -1 -1 3.1422 516.1523 178.2505 665.7125 237.3339 1.4649 1.5583 3.7138 -0.3038 1.3855 18.6154 3.1259 0.3522
Cyclist -1 -1 1.5624 595.7805 168.9691 603.0295 189.1484 1.6836 0.5973 1.7041 -0.1473 0.6386 60.7851 1.5599 -0.1488
Pedestrian -1 -1 -2.1240 517.3434 156.1375 591.8619 287.5730 1.7746 0.6647 0.9425 -0.7245 1.4335 10.2730 -2.1944 4.7021
Car -1 -1 -1.5621 0.0000 176.9761 73.9891 373.0000 1.5811 1.6351 4.0901 -4.7845 1.5670 4.4702 -2.3815 0.0895
Cyclist -1 -1 1.9915 267.8265 172.1610 285.8232 194.5426 1.7009 0.6190 1.7205 -25.0268 0.9918 55.4498 1.5675 -0.5895
Pedestrian -1 -1 -1.6494 347.7837 163.4808 409.8539 300.3298 1.7335 0.7211 0.9352 -3.0548 1.5066 9.6656 -1.9555 4.4557
Car -1 -1 -2.0096 308.2217 163.3133 358.9984 186.9050 1.4831 1.6089 3.9071 -17.5805 0.3405 47.0988 -2.3668 -0.7479
Cyclist -1 -1 1.7532 462.5186 164.2054 476.7803 189.2805 1.7102 0.6601 1.8030 -9.1318 0.5313 49.8918 1.5722 -0.7169
Pedestrian -1 -1 -2.0250 441.0857 154.5119 535.2462 322.7539 1.7302 0.7000 0.9057 -1.3141 1.4540 7.9566 -2.1887 4.4057
Pedestrian -1 -1 1.2532 398.3863 159.2723 453.2381 257.4289 1.7405 0.7325 0.9279 -3.3058 1.3477 13.3228 1.0100 4.3702
Pedestrian -1 -1 -2.1273 468.6368 170.2259 552.4201 308.2843 1.6694 0.6975 0.9014 -1.2250 1.5345 9.2533 -2.2590 4.0317
Pedestrian -1 -1 -2.2514 565.2402 151.5438 645.2447 286.2562 1.8422 0.7043 0.9716 0.0020 1.4338 10.4197 -2.2512 3.9113
Pedestrian -1 -1 1.3468 435.3226 173.7081 487.1608 281.9750 1.6778 0.6480 0.8553 -2.3266 1.5583 11.6519 1.1497 1.6167
