Car -1 -1 1.8445 233.7784 186.0071 409.0762 295.5376 1.4456 1.6137 3.8876 -4.3390 1.5325 11.6462 1.4879 12.8261
Cyclist -1 -1 1.5698 444.5522 168.5506 477.4121 259.6713 1.7228 0.6126 1.7305 -2.8750 1.4792 14.4871 1.3739 6.9387
Pedestrian -1 -1 -1.8050 231.3139 144.6384 331.9888 349.1900 1.8507 0.6935 0.9832 -3.2225 1.5186 7.0975 -2.2312 5.6245
Car -1 -1 1.8029 353.9176 161.2554 409.8793 197.0949 1.5048 1.5750 3.7216 -9.7390 0.6557 32.0642 1.5080 1.4657
Cyclist -1 -1 1.6408 550.4243 171.7671 559.7179 194.2356 1.6863 0.5907 1.7099 -3.5095 0.9564 54.7664 1.5768 -0.7378
Pedestrian -1 -1 -1.4941 162.5251 178.0072 251.5417 355.7810 1.6172 0.7069 0.8792 -3.9036 1.5868 7.0788 -1.9981 5.2458
Car -1 -1 -1.7086 5.4969 160.8226 86.2015 213.8778 1.6592 1.6380 3.9290 -18.9571 1.0136 24.4193 -2.3687 0.2113
Pedestrian -1 -1 1.5291 129.9293 167.7227 202.9889 326.1214 1.6713 0.6668 0.8467 -4.9713 1.5273 8.1141 0.9794 4.7372
Car -1 -1 -1.5213 554.2837 178.6842 604.1607 222.9629 1.4540 1.5844 3.7369 -0.7461 1.3626 25.4701 -1.5506 0.0702
Pedestrian -1 -1 1.9647 15.4183 177.8196 102.6442 309.9404 1.7002 0.6935 0.7881 -7.3507 1.6541 9.7096 1.3167 4.0898
Car -1 -1 -1.6748 591.0268 186.8267 688.9589 273.5241 1.4570 1.5231 3.4544 0.6011 1.5757 14.0575 -1.6321 -0.7868
Pedestrian -1 -1 -1.6470 20.5481 155.5628 180.6290 373.0000 1.6790 0.7325 0.8672 -3.1337 1.5419 4.3997 -2.2659 4.0712
Pedestrian -1 -1 -1.5644 388.9930 169.0813 411.7569 220.8472 1.7229 0.7328 0.9033 -6.8614 1.3106 24.4376 -1.8381 3.0366
Pedestrian -1 -1 1.1850 646.9559 157.0150 685.4369 222.8554 1.6937 0.7306 0.8912 1.6734 1.0650 19.0094 1.2728 2.7192
