Car -1 -1 1.7091 489.2760 171.4827 566.9219 232.0500 1.5241 1.6157 4.0260 -1.9776 1.2732 20.1175 1.6111 13.3639
Cyclist -1 -1 1.5272 583.5198 166.0932 594.5398 193.6799 1.6863 0.6106 1.7076 -0.7743 0.7453 44.7786 1.5099 1.2358
Pedestrian -1 -1 -2.0205 896.4650 151.5548 1101.3023 373.0000 1.7338 0.8262 0.8149 2.3402 1.5680 4.4321 -1.5347 7.0211
Car -1 -1 -1.5995 715.9202 162.6471 844.5517 296.7591 1.7034 1.6146 3.6739 2.6223 1.4653 11.0834 -1.3671 4.8771
Pedestrian -1 -1 -1.9136 866.8423 155.8294 998.2212 368.2412 1.6380 0.7421 0.8592 2.6709 1.4414 5.9934 -1.4944 6.7816
Car -1 -1 1.6773 368.2012 183.6117 445.6888 244.8930 1.4847 1.6243 3.9429 -5.2310 1.5495 19.6153 1.4167 1.4645
Pedestrian -1 -1 -2.3032 764.7171 165.1800 857.9532 305.2380 1.7093 0.7259 0.9309 2.6674 1.5114 9.3413 -2.0250 5.8948
Car -1 -1 3.1513 24.6026 128.9544 206.2177 185.8447 1.5158 1.6526 4.2556 -14.0760 0.1169 20.9954 2.5606 1.3499
Pedestrian -1 -1 -1.7832 712.9929 156.1038 799.5196 340.4499 1.7171 0.6530 0.9268 1.4657 1.4819 7.1552 -1.5812 5.7346
Car -1 -1 1.4202 668.8756 152.4622 704.0731 176.8564 1.4828 1.6512 4.1614 5.4717 -0.3141 46.5739 1.5371 0.9880
Pedestrian -1 -1 -2.6170 636.2474 158.8662 709.2590 276.2778 1.7768 0.6848 0.9390 1.0912 1.4356 11.4193 -2.5217 5.0524
Car -1 -1 2.2930 0.0000 161.7929 152.1863 358.9829 1.5935 1.6308 3.9275 -6.9412 1.4356 7.7715 1.5640 -0.3887
Pedestrian -1 -1 -2.3692 682.6798 161.8450 747.5232 268.9558 1.7620 0.6797 0.8765 1.9092 1.4399 12.3685 -2.2160 4.6971
Pedestrian -1 -1 -2.1342 533.4823 156.8803 626.8986 310.7398 1.7380 0.7256 0.9668 -0.3175 1.4613 8.7157 -2.1707 4.6534
Pedestrian -1 -1 -2.0789 744.0379 166.6250 845.9978 329.7810 1.6774 0.7212 0.9270 2.0618 1.5258 7.9215 -1.8242 4.5569
