Car -1 -1 1.7266 527.3722 173.3634 602.4189 230.4575 1.5437 1.6299 4.0529 -1.0227 1.3249 21.5228 1.6791 13.4558
Cyclist -1 -1 1.5588 614.7810 164.4912 624.3699 188.7421 1.7313 0.6728 1.7666 1.3277 0.5176 52.1664 1.5842 1.6510
Pedestrian -1 -1 -2.1484 981.8256 159.3362 1237.0000 373.0000 1.7112 0.7621 0.7802 2.3845 1.6168 3.5003 -1.5504 6.4196
Car -1 -1 1.7359 513.3145 152.6013 554.9784 181.9957 1.4826 1.6045 3.7911 -3.5275 0.0259 38.1771 1.6437 1.3088
Pedestrian -1 -1 -1.8488 786.1923 157.8836 900.3566 364.2995 1.6590 0.7119 0.8910 2.0107 1.4706 6.2284 -1.5365 6.2210
Car -1 -1 -1.4753 560.7778 156.6173 586.0709 176.7614 1.4760 1.5989 3.8077 -2.1104 -0.3784 55.4968 -1.5133 -0.2435
Pedestrian -1 -1 -2.0114 923.8401 158.4267 1101.3201 373.0000 1.6615 0.7750 0.8546 2.7575 1.5166 5.0041 -1.5078 5.8496
Car -1 -1 -0.2342 676.5311 160.0678 810.4637 211.1632 1.5479 1.6244 3.8678 4.3859 0.8998 22.6535 -0.0429 -0.3478
Pedestrian -1 -1 -1.9766 656.9548 160.9331 751.8737 323.6814 1.7027 0.7433 0.9265 1.0847 1.4889 8.0587 -1.8428 5.4789
Pedestrian -1 -1 -2.2574 853.5971 148.7830 956.3773 316.7024 1.9113 0.6815 0.9815 3.6218 1.5403 8.7422 -1.8646 5.1757
Pedestrian -1 -1 -1.9758 819.9585 166.8601 922.7661 343.0013 1.6926 0.6901 0.8770 2.6864 1.5533 7.3569 -1.6257 4.9380
Pedestrian -1 -1 -2.4423 732.1973 160.2925 810.3697 284.7325 1.7923 0.6705 0.9468 2.5300 1.4882 10.9235 -2.2147 4.1407
Pedestrian -1 -1 1.1556 483.2455 157.8329 539.9899 261.0412 1.7854 0.6947 0.9453 -1.6765 1.3772 13.0079 1.0275 3.6225
