Car -1 -1 1.7080 537.1432 177.6712 604.0548 230.0667 1.5743 1.6449 4.2146 -0.9512 1.4604 23.7577 1.6679 10.8504
Cyclist -1 -1 1.5610 583.5088 177.0390 590.2468 196.7790 1.6805 0.5632 1.6950 -1.2300 1.3012 62.0052 1.5412 -0.6051
Pedestrian -1 -1 -1.9791 762.5205 179.6933 863.4509 351.4484 1.5931 0.7014 0.7736 2.0156 1.5777 7.0898 -1.7022 6.9568
Car -1 -1 -0.8134 1180.1386 169.0328 1237.0000 333.2104 1.4820 1.6201 4.0203 8.6041 1.3708 7.3871 0.0479 1.3560
Pedestrian -1 -1 -1.9209 867.7693 160.4748 1010.9480 373.0000 1.6804 0.7796 0.8586 2.6035 1.5272 5.7379 -1.4950 5.9687
Car -1 -1 -1.4905 564.1832 159.6101 587.9653 179.1515 1.4975 1.5961 3.9200 -1.9751 -0.1941 57.5222 -1.5249 0.1214
Pedestrian -1 -1 -1.8802 846.4362 173.3102 928.7896 305.8643 1.6812 0.7824 0.8854 3.7429 1.5787 9.5746 -1.5075 5.7707
Car -1 -1 -1.2547 705.5993 179.1545 841.1431 268.7014 1.5749 1.6060 3.6893 3.5699 1.5349 14.6220 -1.0152 -0.1706
Pedestrian -1 -1 -1.9339 814.7717 176.0064 903.4348 325.3242 1.6266 0.7156 0.7961 2.8812 1.5681 8.2299 -1.5971 5.5886
Car -1 -1 -1.9553 433.7285 170.4530 474.1251 190.8297 1.4842 1.6190 3.9808 -11.1909 0.6801 54.4240 -2.1581 -0.3579
Pedestrian -1 -1 -1.9650 703.4911 173.5824 791.2012 319.6064 1.6658 0.7500 0.8970 1.6996 1.5768 8.7062 -1.7722 5.2994
Car -1 -1 1.4720 702.0683 159.4214 731.2745 181.3995 1.4793 1.6179 4.1433 8.0701 -0.0068 50.4853 1.6306 -0.5737
Pedestrian -1 -1 -2.2000 912.4467 152.0565 1128.7124 373.0000 1.6822 0.7809 0.7974 2.3728 1.5276 4.2458 -1.6904 5.2170
Pedestrian -1 -1 -1.6424 800.0371 166.0030 858.7766 302.8289 1.7450 0.6858 0.8794 3.0017 1.5487 9.6649 -1.3413 5.1106
Pedestrian -1 -1 -1.8036 534.3757 165.7442 581.5555 263.9463 1.8141 0.6973 0.9742 -0.8890 1.5243 13.8354 -1.8677 3.8355
