Car -1 -1 1.9658 30.5746 185.7681 317.6859 352.7056 1.5712 1.6172 3.8119 -4.9127 1.6369 8.8439 1.4587 13.2936
Cyclist -1 -1 1.8248 255.2254 156.5442 363.9537 341.4373 1.7284 0.6476 1.7599 -3.0792 1.4965 7.6270 1.4410 8.0709
Pedestrian -1 -1 -1.5721 472.7418 166.1268 493.6255 214.5282 1.7328 0.7396 0.8140 -4.3318 1.1835 26.1765 -1.7361 5.0556
Car -1 -1 1.8247 370.0396 169.4364 411.1274 194.4449 1.5907 1.6547 4.0607 -13.9462 0.8241 47.7432 1.5405 2.0958
Pedestrian -1 -1 -1.2541 324.8949 166.0603 355.7753 218.6542 1.6831 0.7158 0.8605 -8.5324 1.1901 23.4271 -1.6033 3.9378
Car -1 -1 0.0295 496.2094 176.0042 602.8338 215.8947 1.4779 1.6153 3.9545 -1.9783 1.2754 27.5022 -0.0423 -0.1371
Pedestrian -1 -1 1.1916 627.4944 150.2475 673.9940 231.7948 1.7153 0.7259 0.9015 1.0271 1.0591 15.6477 1.2571 3.9336
Pedestrian -1 -1 -3.7520 1085.4225 113.6770 1198.4434 262.3072 1.7090 0.6233 0.8800 6.3860 0.9305 8.5813 -3.1122 2.2008
Pedestrian -1 -1 -2.4131 0.0000 168.8365 107.4940 373.0000 1.7320 0.6541 0.8160 -4.2399 1.6484 5.1656 -3.1004 1.9322
Pedestrian -1 -1 1.6054 556.5829 152.5849 595.3973 254.1776 1.7691 0.6728 0.8055 -0.4875 1.2669 12.9101 1.5677 1.7882
Pedestrian -1 -1 1.7819 422.9236 167.8950 436.6770 196.8942 1.6721 0.6300 0.7819 -9.9867 0.8884 41.8147 1.5475 1.4436
Pedestrian -1 -1 1.1785 660.1293 152.1665 697.7787 229.1546 1.7171 0.6165 0.7494 1.7342 1.0641 16.4654 1.2834 0.8881
