Car -1 -1 1.7527 341.3791 175.4505 457.9634 261.0898 1.5953 1.6698 4.2097 -4.2284 1.4838 15.5456 1.4872 8.3282
Cyclist -1 -1 1.6440 482.7481 167.5662 503.6776 221.4189 1.7680 0.5787 1.8108 -3.7029 1.3116 24.5053 1.4940 4.7964
Pedestrian -1 -1 -2.3730 401.6481 164.0632 524.7707 369.0412 1.7774 0.6746 0.9300 -1.3488 1.6276 6.7615 -2.5699 5.9150
Car -1 -1 -1.5568 530.9932 174.3967 569.7283 212.1234 1.6169 1.6588 4.0477 -2.3202 1.3135 32.8520 -1.6273 2.0520
Pedestrian -1 -1 -1.9270 253.2171 165.5774 357.0013 358.9312 1.7420 0.6496 0.9343 -2.9599 1.5999 7.0318 -2.3254 5.8029
Car -1 -1 1.7052 567.4179 160.0017 596.7167 181.6831 1.4786 1.5726 3.9049 -1.3231 0.0131 51.0132 1.6793 0.7594
Pedestrian -1 -1 -1.9473 376.7967 150.7185 502.6494 373.0000 1.7318 0.6661 0.9255 -1.3420 1.5151 5.6563 -2.1802 4.8978
Pedestrian -1 -1 -1.7115 174.7711 175.8636 257.5778 317.3058 1.6301 0.7795 0.8921 -4.8108 1.5665 8.8663 -2.2086 4.7403
Pedestrian -1 -1 -1.7388 375.8599 163.7780 439.3107 311.1998 1.7968 0.6411 0.9374 -2.5729 1.5821 9.3130 -2.0083 4.7282
Pedestrian -1 -1 -2.1039 439.5469 165.8868 521.1676 310.9926 1.7986 0.6679 0.9528 -1.6526 1.6064 9.4803 -2.2764 4.3129
Pedestrian -1 -1 -1.9091 291.3987 180.2735 378.9883 327.1299 1.6146 0.7188 0.8600 -3.1882 1.6024 8.4553 -2.2697 3.9478
Pedestrian -1 -1 1.6350 328.1037 156.8697 378.9452 283.3500 1.8132 0.6696 0.9446 -3.7667 1.4614 10.8401 1.3005 2.6596
Pedestrian -1 -1 1.4154 512.1596 172.9086 524.3480 199.8586 1.6764 0.6365 0.8516 -5.2284 1.1427 45.1768 1.3002 0.5901
