Car -1 -1 1.7410 470.0723 170.7944 551.7157 231.5095 1.5045 1.5885 3.8745 -2.4155 1.2404 19.7705 1.6194 10.4587
Cyclist -1 -1 1.6550 572.0189 165.5006 586.5858 196.0361 1.7704 0.7099 1.8823 -1.3012 0.8436 42.6049 1.6245 2.4230
Pedestrian -1 -1 -1.9462 866.6185 152.7798 1050.2893 373.0000 1.6350 0.8246 0.8916 2.2855 1.4624 4.8236 -1.5037 7.3081
Car -1 -1 1.8940 331.9510 162.2134 399.8954 199.0131 1.5421 1.6671 4.1191 -10.4627 0.7349 32.1661 1.5795 3.2995
Cyclist -1 -1 1.2660 699.4045 156.0204 724.1121 196.6051 1.6721 0.5481 1.6982 4.6514 0.6233 30.4733 1.4175 0.5801
Pedestrian -1 -1 -2.1056 823.8466 147.5456 951.5109 361.4465 1.7453 0.6658 0.9284 2.4538 1.4696 6.3715 -1.7380 6.2079
Car -1 -1 1.5488 656.6201 153.1567 686.2645 180.4886 1.4642 1.5745 3.6844 3.9091 -0.0590 40.5175 1.6450 1.8363
Cyclist -1 -1 1.6564 538.3599 167.5938 547.7031 188.8791 1.6976 0.6121 1.7027 -4.6970 0.5890 58.1420 1.5758 -0.6803
Pedestrian -1 -1 -2.0847 646.9853 165.2776 709.5657 269.6959 1.7516 0.7133 0.9563 1.2969 1.4808 12.6283 -1.9824 5.7218
Car -1 -1 3.2407 0.0000 125.3540 176.8734 182.2290 1.4981 1.6394 4.0938 -14.6230 0.0204 20.6437 2.6244 1.7568
Pedestrian -1 -1 -1.7741 508.0701 164.8382 581.6835 308.5802 1.6941 0.7386 0.9525 -0.7754 1.4991 9.0252 -1.8598 5.5371
Car -1 -1 -0.2879 675.6406 175.3099 836.2074 228.8560 1.4701 1.6084 4.2367 4.3505 1.3013 20.6916 -0.0807 1.5744
Pedestrian -1 -1 -1.9662 665.9152 159.6606 761.5220 338.0600 1.7201 0.6874 0.8759 1.0907 1.5109 7.4326 -1.8205 5.3553
Pedestrian -1 -1 -2.5727 598.1006 153.9994 670.3027 274.2216 1.8424 0.6671 0.9507 0.4841 1.4223 11.5517 -2.5308 4.6261
Pedestrian -1 -1 -2.2591 725.8202 157.4589 813.4543 299.8870 1.7964 0.6978 0.9506 2.1955 1.4945 9.6388 -2.0351 3.0327
Pedestrian -1 -1 -2.0358 697.2480 164.2162 780.7425 322.5591 1.7210 0.6582 0.7867 1.5207 1.5345 8.2745 -1.8540 2.7197
Pedestrian -1 -1 -1.2270 571.5392 165.0234 586.4089 193.9165 1.6947 0.6435 0.8212 -1.3274 0.7291 42.6206 -1.2581 -0.4559
