Car -1 -1 1.9707 183.5983 152.7341 269.2008 194.7397 1.4649 1.5692 3.5795 -13.9532 0.4628 26.8943 1.4922 1.9278
Cyclist -1 -1 1.8769 595.7899 162.8829 622.4684 206.7800 1.7683 0.5996 1.7932 0.3179 1.0193 29.8787 1.8875 4.3915
Pedestrian -1 -1 -1.6505 652.2220 160.1503 688.9941 237.1131 1.7158 0.7634 0.9490 1.5403 1.2411 16.4918 -1.5574 7.3913
Car -1 -1 -1.6497 713.7525 153.7152 741.9897 176.9168 1.4705 1.5677 3.7755 8.4656 -0.3197 48.2523 -1.4761 0.8341
Cyclist -1 -1 1.0485 554.6142 165.3445 581.4646 199.9659 1.7055 0.5554 1.7451 -1.7042 0.9106 36.2686 1.0015 3.0848
Pedestrian -1 -1 -1.6520 678.1871 159.8415 714.8056 236.2122 1.7183 0.7650 0.9202 2.1543 1.2322 16.6373 -1.5232 6.5294
Car -1 -1 -1.4369 645.8962 166.7679 667.2459 182.3490 1.4927 1.5907 3.9459 5.5128 0.0817 70.9132 -1.3594 0.1633
Pedestrian -1 -1 -1.4169 438.2214 167.1357 477.5205 244.8254 1.6718 0.7227 0.9376 -3.2095 1.3639 15.9396 -1.6156 4.9544
Car -1 -1 0.7885 366.5387 174.8379 502.4215 227.6891 1.4795 1.6146 4.0841 -5.1491 1.2941 21.8710 0.5573 0.0698
Car -1 -1 -3.0676 516.0496 168.7247 563.5980 186.2630 1.4895 1.5995 3.9714 -5.2456 0.4050 61.8265 -3.1522 -0.7644
Car -1 -1 0.0825 529.0409 168.2212 594.5192 191.3786 1.5124 1.6274 4.2308 -2.5939 0.6459 47.7858 0.0282 -0.8236
