Car -1 -1 -1.4914 503.9962 164.6072 528.1150 185.3546 1.5718 1.5937 3.6552 -6.6356 0.2926 56.2747 -1.6088 1.2712
Cyclist -1 -1 1.8862 620.5704 167.4365 642.1992 203.3376 1.7318 0.5546 1.7565 1.4860 1.0543 35.5688 1.9279 3.9382
Pedestrian -1 -1 -1.6325 668.6220 166.0452 698.7086 231.7763 1.7127 0.7427 0.8636 2.1529 1.3112 19.1647 -1.5206 5.8191
Car -1 -1 1.7649 583.4298 170.9225 611.9326 189.5081 1.4807 1.6162 3.9937 -0.2476 0.6385 59.3418 1.7607 0.9692
Cyclist -1 -1 1.5379 644.3472 171.5787 650.7930 189.0581 1.6830 0.5705 1.6774 4.5349 0.7280 70.0091 1.6026 0.2341
Pedestrian -1 -1 -1.6434 646.8443 166.7330 676.4718 231.3960 1.6675 0.7160 0.8537 1.5481 1.2879 18.9520 -1.5619 5.6784
Car -1 -1 -0.8365 294.2673 169.7054 338.0023 186.2401 1.4666 1.5734 3.8149 -26.0428 0.4208 65.7749 -1.2135 0.4914
Cyclist -1 -1 1.9016 331.9238 157.4575 353.4155 188.6722 1.6929 0.5981 1.7155 -14.3329 0.3898 39.8166 1.5561 -0.0948
Pedestrian -1 -1 -1.4217 462.0156 161.8765 497.3157 231.6271 1.7296 0.7508 0.9921 -3.1255 1.2442 18.3130 -1.5907 5.0438
Car -1 -1 3.3402 414.6839 151.8187 507.5379 185.0467 1.6012 1.6722 4.2546 -6.8833 0.1718 35.4641 3.1485 0.0414
Cyclist -1 -1 1.3254 456.4975 159.3094 483.6130 207.8743 1.7640 0.5835 1.7847 -4.9761 0.9590 27.0218 1.1433 -0.5656
Pedestrian -1 -1 -0.4384 787.8914 148.9142 819.8480 203.1032 1.7429 0.6336 0.8125 6.5869 0.6959 23.4810 -0.1649 1.7844
Car -1 -1 3.2556 324.9767 181.1112 464.2711 233.0755 1.4726 1.6113 3.8404 -6.1006 1.4627 21.4607 2.9787 -0.4279
Cyclist -1 -1 1.4777 570.1704 167.9574 582.9732 198.2964 1.6649 0.5622 1.6697 -1.4025 0.9226 40.2814 1.4429 -0.7390
Pedestrian -1 -1 -0.1677 739.7664 155.1581 760.6794 193.0067 1.7125 0.6342 0.8408 6.7842 0.5216 32.8318 0.0361 0.8177
Car -1 -1 1.6832 522.3245 165.4425 542.4169 180.7875 1.4824 1.5601 3.9638 -6.8097 -0.0727 71.5734 1.5883 -0.7582
Pedestrian -1 -1 -0.1151 543.1872 171.0555 562.1257 205.7162 1.6622 0.6611 0.8455 -2.3788 1.1622 34.8481 -0.1832 0.0284
Car -1 -1 1.4464 698.1062 160.8940 724.7179 180.1439 1.4712 1.6022 4.0177 8.7458 -0.1114 57.2138 1.5980 -0.7746
Pedestrian -1 -1 0.1587 311.8615 156.3462 334.8865 195.1645 1.7483 0.6835 0.8842 -12.6938 0.6164 32.7768 -0.2107 -0.5402
