Car -1 -1 1.6830 504.6636 171.1201 547.5147 208.0300 1.8852 1.7955 4.7654 -4.0313 1.3559 39.0787 1.5802 5.5673
Cyclist -1 -1 1.9037 334.2754 170.4698 433.5623 323.9843 1.6699 0.6260 1.7050 -2.6169 1.5513 8.6756 1.6108 7.9210
Pedestrian -1 -1 -1.7455 684.9294 163.1892 775.5517 332.0350 1.6557 0.7848 0.8440 1.2639 1.4775 7.4661 -1.5778 5.9966
Car -1 -1 -1.0206 402.8841 166.3226 452.6315 188.0658 1.4535 1.6034 3.8372 -12.0430 0.4396 50.0878 -1.2565 1.6318
Cyclist -1 -1 2.0787 0.0000 128.6920 249.8163 373.0000 1.6719 0.6346 1.6805 -2.3103 1.4962 3.2758 1.4645 6.7102
Pedestrian -1 -1 -1.6707 631.7358 160.1026 709.8084 341.1168 1.7510 0.7079 0.8571 0.6405 1.5454 7.3793 -1.5842 5.4611
Car -1 -1 1.9232 643.2985 179.3105 702.7976 211.5382 1.4669 1.5951 3.9804 3.5235 1.3682 34.8329 2.0240 0.1761
Cyclist -1 -1 1.6500 559.7341 179.3914 571.3822 206.9462 1.6709 0.5894 1.6902 -2.2064 1.5438 44.4091 1.6003 0.5102
Pedestrian -1 -1 -1.3057 168.1959 166.2401 274.8001 342.4756 1.6817 0.7617 0.8956 -3.9113 1.5374 7.3727 -1.7935 5.1407
Pedestrian -1 -1 -1.7044 788.0484 164.5061 830.8404 252.4445 1.6976 0.7100 0.8479 4.0990 1.3708 14.3354 -1.4259 4.9537
Pedestrian -1 -1 -1.8921 747.9023 162.6902 787.8246 231.5780 1.7075 0.7288 0.9404 4.1966 1.2425 18.3057 -1.6667 3.1084
Pedestrian -1 -1 -1.5506 809.5952 161.1335 841.0390 238.3882 1.7369 0.6792 0.9379 5.1762 1.2802 16.6993 -1.2500 2.1420
Pedestrian -1 -1 -1.4648 545.8905 177.1550 558.7399 205.1514 1.7331 0.7189 0.8258 -3.0607 1.4648 44.8910 -1.5329 2.1092
