Car -1 -1 2.1892 0.0000 201.5402 419.2002 373.0000 1.4648 1.6404 4.1835 -2.8628 1.6671 5.0369 1.6723 10.7653
Cyclist -1 -1 1.5327 599.0950 178.0795 610.8886 207.7908 1.6625 0.6082 1.6626 0.1964 1.4719 41.0327 1.5375 1.7407
Pedestrian -1 -1 -1.5882 648.0934 177.1557 671.1274 226.0842 1.6497 0.7716 0.8133 1.9655 1.5043 24.6467 -1.5086 5.1736
Car -1 -1 -1.4257 506.8269 164.1503 541.3561 188.6215 1.5288 1.6361 4.3785 -5.0104 0.4456 47.0951 -1.5317 2.0596
Cyclist -1 -1 2.1871 5.2170 207.5986 58.0591 259.2239 1.6893 0.5882 1.6886 -20.0067 2.6383 25.2303 1.5167 0.7727
Pedestrian -1 -1 -1.5997 669.4620 176.6170 693.2131 229.3043 1.7761 0.7845 0.8257 2.7116 1.6125 24.6552 -1.4901 5.0114
Car -1 -1 1.6026 619.5766 176.7321 637.8794 192.9371 1.5152 1.6372 4.0453 2.6969 1.0698 69.2401 1.6415 2.0000
Cyclist -1 -1 0.0810 507.2679 158.9856 538.3717 187.7944 1.6521 0.6708 1.7410 -4.5392 0.3618 41.5512 -0.0278 0.5837
Pedestrian -1 -1 0.7924 921.7689 144.6034 1034.2674 294.9858 1.7078 0.7550 0.9556 4.5006 1.2901 8.7235 1.2687 4.8856
Car -1 -1 1.5830 577.8412 180.4415 604.6449 205.2828 1.4816 1.5987 3.9132 -0.6079 1.4192 44.7990 1.5694 0.4607
Pedestrian -1 -1 -1.4462 520.7793 171.4429 545.7557 224.9289 1.7266 0.7118 0.9220 -2.2627 1.4030 23.6570 -1.5416 4.6451
Car -1 -1 2.9978 274.3041 134.6781 394.3318 179.3766 1.4624 1.5817 3.7673 -9.3955 -0.0783 25.2490 2.6416 -0.1345
Pedestrian -1 -1 1.5067 599.7137 177.0083 611.9840 205.9374 1.6358 0.6493 0.8110 0.2489 1.3826 41.0394 1.5128 1.7898
Pedestrian -1 -1 -1.8513 881.6590 165.6439 939.0556 248.4891 1.5225 0.7983 0.8409 5.8193 1.2324 13.6650 -1.4488 1.4843
Pedestrian -1 -1 -2.4054 0.0000 166.8064 121.0701 368.1464 1.7850 0.6378 0.7937 -5.1549 1.6561 6.7159 -3.0601 0.9468
Pedestrian -1 -1 -2.0190 847.3511 197.4459 935.3548 361.1961 1.7550 0.6780 0.7206 3.2238 1.9460 8.1546 -1.6425 -0.3253
Pedestrian -1 -1 1.8676 504.6002 169.4234 517.5526 197.7741 1.7646 0.6099 0.7699 -5.6696 1.0137 45.1405 1.7427 -0.5998
