Car -1 -1 1.6787 500.5334 172.1270 542.2853 208.4956 1.8782 1.7901 4.6037 -4.3249 1.3950 39.3979 1.5694 6.9352
Cyclist -1 -1 2.0867 0.0000 171.9795 305.6026 373.0000 1.7514 0.7123 1.8355 -2.3085 1.7153 3.7581 1.5359 8.2964
Pedestrian -1 -1 -1.6463 631.6677 162.1226 702.8255 335.8732 1.7042 0.6637 0.9180 0.6161 1.5155 7.5042 -1.5643 6.3914
Car -1 -1 1.8876 399.8725 162.3928 441.8624 184.7572 1.5093 1.6625 4.1418 -12.6480 0.2205 50.6023 1.6426 5.2561
Cyclist -1 -1 1.9356 340.6146 168.0742 440.7360 319.7618 1.7364 0.6194 1.8092 -2.6698 1.5840 9.1468 1.6516 7.6006
Pedestrian -1 -1 -1.7447 684.1700 167.0734 768.8709 331.3402 1.6366 0.7387 0.8404 1.2469 1.4943 7.5786 -1.5816 5.5597
Car -1 -1 -1.6478 666.6969 177.1593 708.4382 211.1216 1.5011 1.6298 4.0516 3.9833 1.3102 33.8042 -1.5305 -0.5001
Pedestrian -1 -1 -1.2530 180.4210 163.2823 275.9191 340.0589 1.7093 0.6214 0.9343 -3.8899 1.5345 7.4546 -1.7340 4.9833
Car -1 -1 0.6397 22.8717 180.5939 112.7398 205.6580 1.5025 1.6208 4.2901 -32.5400 1.4490 43.8740 0.0016 -0.7583
Pedestrian -1 -1 -1.4534 779.8443 162.3379 824.4245 247.2655 1.6594 0.7765 0.8809 4.0459 1.2862 14.5873 -1.1829 4.2505
Pedestrian -1 -1 -1.7525 745.0298 166.0040 782.5400 231.7485 1.6494 0.7896 0.8960 4.1327 1.2618 18.4819 -1.5325 4.1716
Pedestrian -1 -1 -1.5411 542.6571 175.9743 553.5390 204.5412 1.7802 0.6581 0.8989 -3.3486 1.4366 45.2252 -1.6150 2.1113
Pedestrian -1 -1 2.3887 765.3922 164.3467 797.4104 214.3591 1.7185 0.6593 0.8743 6.2846 1.1302 25.1812 2.6332 1.5143
Pedestrian -1 -1 -0.3701 843.3463 164.3309 901.6319 269.3638 1.6214 0.5882 0.6969 4.2421 1.3577 11.3852 -0.0135 0.9564
Pedestrian -1 -1 0.1889 409.6787 174.8267 443.3277 233.5372 1.6834 0.6334 0.8504 -5.1194 1.4932 20.9318 -0.0510 0.8809
Pedestrian -1 -1 -0.0298 605.0140 175.4956 617.0104 198.6909 1.7007 0.5961 0.8666 0.7212 1.2610 52.9710 -0.0162 0.1715
Pedestrian -1 -1 -1.6602 657.3965 162.2882 668.0701 187.6332 1.7234 0.6636 0.7474 4.2092 0.4177 49.2162 -1.5749 -0.5468
