Car -1 -1 1.6844 488.3022 172.5382 529.5334 208.7260 1.9178 1.7961 4.5130 -5.1310 1.4437 40.3333 1.5579 8.6166
Cyclist -1 -1 1.8677 384.5866 164.8678 457.6877 287.9123 1.7848 0.6078 1.8538 -2.8484 1.5448 11.3582 1.6220 7.1983
Pedestrian -1 -1 -1.8916 658.8829 161.9518 754.2713 324.5703 1.6908 0.8039 0.8852 1.0955 1.4889 7.9750 -1.7551 6.9560
Car -1 -1 -1.1537 625.6186 180.6925 681.0781 210.3503 1.4451 1.5535 3.5125 2.7075 1.4066 36.9130 -1.0804 3.5207
Cyclist -1 -1 1.9063 249.2451 160.0186 392.0101 373.0000 1.7311 0.6208 1.7762 -2.4453 1.5694 6.3516 1.5388 5.8800
Pedestrian -1 -1 -1.6629 609.0689 153.9460 682.5518 324.1794 1.7451 0.7069 0.9700 0.4133 1.4640 7.8599 -1.6104 6.1551
Car -1 -1 -0.7736 649.5298 162.5848 716.0128 190.1374 1.6045 1.6388 4.0194 4.9804 0.5038 43.7094 -0.6602 0.6446
Cyclist -1 -1 2.2459 0.0000 191.5965 29.2949 219.5796 1.6772 0.5658 1.6879 -36.3946 2.3154 44.5085 1.5605 -0.2876
Pedestrian -1 -1 -1.8519 730.5624 159.6590 764.6358 230.4924 1.8325 0.6364 0.9857 3.8436 1.2686 19.0984 -1.6533 5.2466
Car -1 -1 1.8664 390.8254 163.6110 430.7328 186.8885 1.5985 1.6515 4.0531 -13.5680 0.3707 51.3831 1.6082 0.4871
Pedestrian -1 -1 -1.6753 755.1641 160.7044 794.2891 243.5475 1.7460 0.7333 0.9077 3.7217 1.3090 15.6344 -1.4416 4.8780
Car -1 -1 1.9657 253.7333 184.8612 363.4581 241.0667 1.4834 1.6156 3.8715 -8.4984 1.5925 21.1336 1.5834 -0.2970
Pedestrian -1 -1 -1.2456 173.9760 164.5881 276.3853 337.6280 1.7235 0.7192 0.9000 -4.0230 1.5564 7.6534 -1.7296 4.7539
Pedestrian -1 -1 -1.5011 527.9806 178.0156 539.2007 203.8909 1.6714 0.6754 0.7901 -4.4089 1.4470 46.8009 -1.5950 2.8147
Pedestrian -1 -1 -1.5145 537.9636 178.0851 547.9100 203.0522 1.6164 0.6088 0.7083 -3.8058 1.3960 46.8653 -1.5955 -0.2773
