Car -1 -1 1.6459 483.2239 170.2261 520.0831 203.1464 1.8018 1.7723 4.7057 -5.7324 1.1856 41.7163 1.5094 6.4744
Cyclist -1 -1 2.0809 0.0000 161.4749 274.4078 373.0000 1.7236 0.6377 1.7919 -2.6659 1.6324 4.2303 1.5186 8.6411
Pedestrian -1 -1 -1.6346 603.2308 164.0865 664.1907 317.2682 1.6824 0.6431 0.9152 0.3088 1.4925 8.3531 -1.5977 6.7213
Car -1 -1 -0.8733 16.7207 175.5452 91.9912 200.2164 1.5165 1.5702 4.1322 -35.1157 1.1512 46.2549 -1.5227 0.1962
Cyclist -1 -1 1.9059 365.9231 168.8656 456.9314 310.6273 1.6996 0.6198 1.7690 -2.5092 1.5495 9.5154 1.6480 7.1890
Pedestrian -1 -1 -1.8817 653.8589 160.1503 736.9419 311.5037 1.6937 0.7457 0.8589 1.0481 1.4561 8.5274 -1.7594 5.5991
Cyclist -1 -1 1.6556 427.5434 168.9772 465.1498 263.3446 1.7329 0.5788 1.7645 -3.0602 1.5042 14.1002 1.4419 6.4112
Pedestrian -1 -1 -1.6618 732.0090 161.2695 765.4263 235.1473 1.7040 0.6964 0.8780 3.4483 1.2386 17.0400 -1.4621 5.0788
Pedestrian -1 -1 1.7745 199.2046 155.3918 283.3935 326.7993 1.7961 0.6691 0.9573 -4.0648 1.5239 8.0736 1.3081 4.5704
Pedestrian -1 -1 -1.6290 645.5511 169.2814 676.1613 231.2590 1.6790 0.7928 0.8751 1.6064 1.3491 19.9035 -1.5485 2.8149
Pedestrian -1 -1 -1.9525 727.9697 173.5188 805.0583 315.1397 1.5976 0.6622 0.7312 1.8936 1.5089 8.5152 -1.7337 2.5832
Pedestrian -1 -1 1.6507 518.1207 175.7793 528.6625 200.4429 1.6634 0.6593 0.6980 -5.2886 1.2783 48.8030 1.5428 1.8434
Pedestrian -1 -1 1.6171 530.4425 184.0196 540.3202 208.9805 1.6592 0.6300 0.6730 -4.4166 1.8300 48.1667 1.5257 0.1496
