Car -1 -1 -1.5092 1098.9280 195.7989 1237.0000 373.0000 1.4839 1.5935 3.9745 4.2729 1.6008 3.9266 -0.6816 1.4974
Cyclist -1 -1 1.5419 583.4922 176.5080 596.5024 209.2791 1.6894 0.6340 1.7193 -0.6158 1.4330 37.9027 1.5256 2.8913
Pedestrian -1 -1 -1.6530 680.9886 175.1123 711.8704 231.2578 1.6658 0.8537 0.9138 2.8431 1.4774 21.7863 -1.5232 6.7425
Car -1 -1 -1.4796 613.9952 180.5054 635.8361 197.6698 1.4690 1.5891 3.8230 2.1348 1.3844 63.4721 -1.4460 0.7041
Cyclist -1 -1 1.7000 530.7933 175.1201 542.3247 199.0885 1.6778 0.6084 1.6758 -4.5968 1.2318 51.1310 1.6103 -0.0930
Pedestrian -1 -1 -1.6518 656.4825 177.0795 684.5210 233.3937 1.6649 0.7735 0.8436 2.0464 1.5353 21.6612 -1.5576 5.8812
Car -1 -1 -0.9918 563.7262 181.7083 617.3902 205.6439 1.4798 1.6143 3.8824 -0.6513 1.4946 46.5140 -1.0058 0.2154
Cyclist -1 -1 2.2048 59.5028 180.5685 89.6473 209.3495 1.6735 0.5687 1.6629 -31.2259 1.6202 42.5984 1.5723 -0.7516
Pedestrian -1 -1 -1.4419 503.3843 173.6114 534.5567 230.6742 1.6333 0.8027 0.8646 -2.4305 1.4086 20.9954 -1.5571 4.1272
Car -1 -1 -2.3857 392.9545 177.5659 508.3990 226.0385 1.5224 1.5972 3.7231 -5.1289 1.4000 24.2094 -2.5945 -0.1998
Pedestrian -1 -1 -1.8538 798.5213 133.8591 842.7928 223.5074 1.6911 0.6190 0.8064 4.2072 0.7937 13.9537 -1.5609 0.3061
Pedestrian -1 -1 -1.5577 596.7096 175.8191 607.2163 202.6049 1.6608 0.6480 0.7764 0.0415 1.3093 44.9291 -1.5568 0.0607
Pedestrian -1 -1 0.0023 574.9475 186.7229 586.4410 214.6302 1.7260 0.6625 0.7128 -1.2903 2.0556 44.8915 -0.0265 -0.0553
Pedestrian -1 -1 -0.1271 669.1791 176.5121 685.0244 206.1115 1.7343 0.6321 0.8563 4.4663 1.4428 42.4107 -0.0222 -0.5289
Pedestrian -1 -1 -0.8945 1041.6201 213.2925 1237.0000 373.0000 1.7642 0.6352 0.8026 2.5795 1.9306 3.3229 -0.2344 -0.6057
