Car -1 -1 2.0252 0.0000 182.5613 330.0277 373.0000 1.6445 1.6882 4.2617 -4.4678 1.6604 7.6923 1.4990 12.5511
Cyclist -1 -1 2.0662 0.0000 136.1545 282.6298 373.0000 1.7592 0.6941 1.8342 -2.6383 1.5522 4.2347 1.5090 7.6384
Pedestrian -1 -1 -1.4997 362.5434 171.6828 388.7449 224.0683 1.6769 0.7554 0.9559 -7.4169 1.3638 23.5446 -1.8048 5.2757
Car -1 -1 1.7618 468.2736 174.5071 491.5028 189.7042 1.4751 1.5794 3.8814 -12.0535 0.7966 71.6803 1.5952 -0.4411
Cyclist -1 -1 3.4159 360.0748 159.8101 389.7301 186.3374 1.7090 0.5675 1.7467 -14.6777 0.3124 46.5863 3.1107 1.0240
Pedestrian -1 -1 -1.6034 491.2795 169.3213 513.0178 218.5708 1.7381 0.7450 0.8606 -3.5990 1.3094 25.8362 -1.7418 4.8565
Car -1 -1 -1.7469 583.1599 187.1747 747.5703 319.2237 1.4573 1.5791 3.6443 0.6466 1.5525 9.9865 -1.6822 -0.5520
Cyclist -1 -1 -1.5381 454.0232 172.0042 465.1043 200.9873 1.6523 0.5819 1.6280 -8.2484 1.1118 41.8002 -1.7330 0.0764
Pedestrian -1 -1 -1.4884 507.8895 172.8353 531.9391 219.7410 1.6665 0.7989 0.8358 -2.9600 1.3597 25.9495 -1.6020 4.6846
Pedestrian -1 -1 1.1722 673.2444 152.1204 727.5278 244.9719 1.7128 0.7315 0.9144 1.8465 1.1721 13.7852 1.3053 4.4331
Pedestrian -1 -1 -1.5386 453.9277 171.8876 465.9024 201.4656 1.6992 0.6578 0.8113 -8.2148 1.1478 41.7189 -1.7330 0.2651
Pedestrian -1 -1 1.5838 539.9255 175.5167 564.8554 243.6688 1.6995 0.6209 0.7287 -1.2783 1.5515 18.2919 1.5140 -0.4617
