Car -1 -1 -1.4332 505.6052 167.5227 528.7749 184.5826 1.4461 1.5489 3.4563 -7.2865 0.2617 62.6304 -1.5490 0.4904
Cyclist -1 -1 1.7765 574.4129 168.8776 603.9358 227.6767 1.7600 0.5644 1.8278 -0.3929 1.3833 22.4489 1.7590 6.8313
Pedestrian -1 -1 -1.3595 415.2928 170.4370 465.3282 264.9306 1.6938 0.7260 0.9577 -3.0200 1.4968 13.3566 -1.5819 6.3870
Car -1 -1 -1.7456 723.3796 150.0691 764.5781 179.2741 1.6885 1.7224 4.4488 8.6940 -0.1429 44.1114 -1.5510 -0.3931
Cyclist -1 -1 1.1695 564.2393 173.3106 592.4509 214.8068 1.6946 0.5639 1.7003 -1.0001 1.3612 30.2224 1.1364 4.3673
Pedestrian -1 -1 -1.6539 669.7341 170.1073 715.3182 259.6253 1.6448 0.7850 0.8754 1.6769 1.4367 13.6488 -1.5317 6.0046
Cyclist -1 -1 1.6232 616.0199 171.5405 633.0914 216.0420 1.7704 0.6107 1.7849 0.9427 1.3752 29.4894 1.6552 4.2979
Pedestrian -1 -1 -1.6957 707.1402 165.1875 755.1661 256.5030 1.6895 0.7984 0.8656 2.4268 1.3890 13.7401 -1.5208 5.7558
Cyclist -1 -1 1.6989 564.2836 172.1563 573.3591 191.3195 1.7095 0.6056 1.7278 -2.9095 0.8764 64.9650 1.6542 1.1139
Pedestrian -1 -1 -1.6928 754.3871 164.4186 776.1800 213.6299 1.7516 0.6656 0.8827 5.9107 1.1447 26.0379 -1.4695 3.5753
Cyclist -1 -1 2.1181 279.8816 176.7835 299.9141 199.6761 1.7028 0.5921 1.7020 -23.5251 1.3525 54.3114 1.7093 -0.0530
Pedestrian -1 -1 -1.9083 727.0958 164.5091 753.6544 213.9941 1.7348 0.6720 0.8941 4.9363 1.1402 25.6717 -1.7184 2.7471
Pedestrian -1 -1 -1.4542 523.5973 169.7069 542.3353 212.8602 1.7244 0.6601 0.8857 -2.7905 1.2542 29.1518 -1.5496 2.6637
Pedestrian -1 -1 -0.1776 716.3134 163.0187 728.4794 188.2604 1.6506 0.6005 0.6936 7.9674 0.4428 47.2734 -0.0107 -0.2009
Pedestrian -1 -1 1.1260 772.6118 157.1306 802.7059 214.7748 1.7998 0.6516 0.7856 5.8971 1.0400 22.8730 1.3783 -0.5431
