Car -1 -1 2.1021 0.0000 196.9462 374.5552 373.0000 1.5267 1.6361 4.1201 -3.6235 1.7132 6.5303 1.5955 11.9821
Pedestrian -1 -1 -1.7326 563.9940 176.1991 587.8272 224.6974 1.6916 0.7216 0.8229 -0.9353 1.5078 25.5273 -1.7692 5.2280
Car -1 -1 1.3522 255.4281 139.9131 322.5883 181.2244 1.4666 1.5846 3.6892 -12.0223 -0.0103 27.4840 0.9398 1.1831
Pedestrian -1 -1 -1.3887 436.8460 178.7104 463.8759 230.2908 1.6870 0.7405 0.8543 -5.0497 1.5969 23.9285 -1.5967 4.6487
Car -1 -1 1.7774 401.0509 186.8301 456.9925 224.4807 1.4808 1.5896 3.7377 -7.3042 1.7234 30.6731 1.5436 0.4451
Pedestrian -1 -1 -1.5656 585.2244 174.6876 607.3508 226.6949 1.8275 0.7775 0.8623 -0.2051 1.5892 25.6711 -1.5736 4.5503
Car -1 -1 1.6850 541.3671 181.1409 561.7504 196.8104 1.5046 1.5778 3.8878 -4.8558 1.4704 70.9490 1.6166 -0.1934
Pedestrian -1 -1 0.9678 776.3566 153.1039 851.7935 265.2663 1.6993 0.7501 0.9385 3.3281 1.2704 11.4439 1.2508 3.5055
Car -1 -1 1.3450 618.5444 161.8758 661.2667 191.0935 1.5513 1.5920 3.6626 2.0956 0.5102 40.0789 1.3973 -0.5501
Pedestrian -1 -1 -1.7388 766.0787 162.1742 803.1001 234.4501 1.5786 0.6832 0.7620 4.0573 1.1577 16.0938 -1.4919 2.9307
Pedestrian -1 -1 1.2848 722.5816 170.4306 782.9224 284.8281 1.6061 0.6828 0.7161 2.1472 1.4520 10.4677 1.4871 0.8742
Pedestrian -1 -1 -1.1251 521.6608 180.3660 537.0694 210.1149 1.7087 0.6022 0.8078 -4.1838 1.6443 41.7381 -1.2250 -0.1441
