Car -1 -1 2.1157 0.0000 199.8101 388.8505 373.0000 1.4753 1.6211 4.2648 -3.3795 1.6880 6.1269 1.6117 11.5346
Pedestrian -1 -1 -1.6201 608.0495 176.8758 630.8161 227.1380 1.7531 0.7654 0.8232 0.6093 1.5929 25.4735 -1.5962 5.1662
Car -1 -1 -1.4039 454.6606 166.2054 488.7508 189.5056 1.4790 1.6056 3.8404 -8.5278 0.5089 47.5228 -1.5815 3.0750
Pedestrian -1 -1 -1.6164 589.0671 177.8425 610.7852 225.6143 1.6524 0.7242 0.8591 -0.0823 1.5270 25.2910 -1.6196 5.0049
Car -1 -1 -1.3174 423.4875 168.2561 460.1519 190.1434 1.5065 1.5829 4.1372 -11.3850 0.5956 51.5375 -1.5349 1.4223
Pedestrian -1 -1 -1.3691 460.4421 179.4291 490.0625 230.1176 1.6555 0.8109 0.8920 -4.2175 1.5890 23.9157 -1.5436 4.7949
Car -1 -1 -1.6356 797.8503 168.1618 880.0537 241.4888 1.5219 1.5701 3.5263 5.4144 1.2463 16.8083 -1.3239 0.9590
Pedestrian -1 -1 0.9226 808.4114 156.5850 893.9192 274.3782 1.6620 0.7916 0.9451 3.6593 1.3118 10.7057 1.2519 4.6062
Car -1 -1 1.5951 565.5750 180.9191 582.4067 196.6666 1.5009 1.5602 3.6210 -2.6214 1.4458 70.2821 1.5578 -0.6688
Pedestrian -1 -1 -1.4930 547.2333 178.3043 559.1601 207.3484 1.6642 0.6282 0.8164 -2.7875 1.4819 41.5692 -1.5599 2.0819
Pedestrian -1 -1 -1.5813 801.1970 167.3008 835.4723 242.3005 1.5649 0.6888 0.7375 4.6163 1.2699 15.4354 -1.2907 1.7546
Pedestrian -1 -1 1.0916 748.1419 171.2054 815.2812 294.7660 1.6248 0.6260 0.7309 2.4198 1.4908 9.8727 1.3320 -0.0233
Pedestrian -1 -1 1.2370 644.2201 180.2223 683.0556 256.4349 1.6724 0.6540 0.7735 1.3603 1.6456 16.2160 1.3207 -0.3792
