Car -1 -1 1.8189 577.2406 171.7718 609.4104 190.6043 1.4812 1.6477 4.2126 -0.5959 0.7166 58.7369 1.8087 1.8202
Cyclist -1 -1 1.8783 615.7792 165.4522 637.6908 202.6031 1.7623 0.5528 1.7925 1.2358 1.0020 35.0101 1.9136 3.7565
Pedestrian -1 -1 -1.6502 668.2566 167.1082 700.3707 233.1020 1.6867 0.7672 0.8450 2.1263 1.3201 18.7921 -1.5375 6.6978
Car -1 -1 3.1561 185.4360 164.1465 302.1949 204.0569 1.4623 1.6121 3.9564 -13.8256 0.8275 27.8963 2.6959 1.7452
Cyclist -1 -1 1.5809 569.0995 168.1243 580.6983 199.9365 1.7261 0.6278 1.7763 -1.4674 1.0012 39.8690 1.5441 1.2645
Pedestrian -1 -1 -1.6202 645.5430 165.1261 675.6054 232.7510 1.7141 0.7341 0.8331 1.4927 1.3003 18.6329 -1.5402 5.4538
Car -1 -1 -0.4585 263.1785 181.5523 415.9159 235.8991 1.4735 1.6009 3.9955 -7.7634 1.4763 21.4720 -0.8055 1.6943
Cyclist -1 -1 1.4821 641.8895 170.3996 649.5422 188.0544 1.6924 0.5910 1.7069 4.3351 0.6286 69.7186 1.5442 0.9219
Pedestrian -1 -1 -1.3522 457.0383 164.1593 492.1134 234.8591 1.7262 0.6821 0.9358 -3.2050 1.3040 18.0185 -1.5283 4.9673
Car -1 -1 1.4294 703.1577 160.6926 733.9513 182.5788 1.5065 1.6169 4.0417 8.3652 0.0749 51.4786 1.5905 0.2552
Cyclist -1 -1 1.3206 450.4590 157.0576 479.3723 206.4316 1.7678 0.6203 1.8165 -5.1042 0.8937 26.6712 1.1315 -0.8179
Pedestrian -1 -1 1.4630 541.9986 167.4241 557.2013 203.4330 1.7108 0.6423 0.8406 -2.5098 1.0429 34.5964 1.3906 0.7723
Car -1 -1 -1.0538 161.2627 166.9968 268.7566 214.3360 1.5113 1.6081 3.7885 -13.2508 1.0494 24.8460 -1.5437 0.1053
Pedestrian -1 -1 -3.2323 1114.0056 142.5165 1237.0000 373.0000 1.5927 0.6340 0.7056 3.0545 1.4164 3.7327 -2.5465 -0.6099
Car -1 -1 -0.7001 390.0400 153.1923 469.2871 181.8096 1.4923 1.6252 4.1920 -9.4116 0.0170 39.6243 -0.9333 0.0760
Car -1 -1 -3.2733 690.3851 164.6941 776.6708 197.0319 1.6342 1.6535 4.2130 6.7845 0.7858 37.2258 -3.0931 0.0521
Car -1 -1 0.2657 535.8340 163.7955 595.0831 185.6998 1.5155 1.5956 3.9120 -2.5200 0.2912 50.8958 0.2162 -0.2167
Car -1 -1 -2.0641 773.6263 196.0664 1131.7014 373.0000 1.4836 1.6275 3.8742 3.2171 1.6801 7.6207 -1.6646 -0.3268
Car -1 -1 1.6814 518.0639 165.9073 538.3720 181.2950 1.4796 1.5794 3.9109 -7.1745 -0.0206 71.0854 1.5808 -0.4861
Car -1 -1 3.1769 407.2355 150.9666 490.2559 182.6373 1.4983 1.6171 3.8832 -7.4245 0.0547 35.1126 2.9685 -0.4975
Car -1 -1 -1.4338 500.4019 163.1058 526.9003 182.3727 1.4486 1.5643 3.6374 -6.7689 0.0662 55.8361 -1.5544 -0.8402
