Car -1 -1 -1.5020 592.8460 176.7469 614.4652 194.5411 1.4614 1.5862 3.6594 0.2436 1.0715 60.8733 -1.4980 1.4353
Cyclist -1 -1 1.7708 638.7526 175.7323 656.1210 208.0635 1.6990 0.6023 1.7343 2.4817 1.3968 38.6616 1.8349 0.1146
Pedestrian -1 -1 -1.7460 672.6698 170.9340 703.0289 234.9689 1.7678 0.7025 0.9030 2.4029 1.4772 20.2988 -1.6282 5.3055
Car -1 -1 3.5398 339.6518 180.8767 484.2275 230.3652 1.5110 1.6337 4.1779 -6.0512 1.4931 23.0329 3.2829 0.1760
Cyclist -1 -1 -0.2170 702.5013 166.4057 737.8350 199.7208 1.7186 0.5522 1.7351 6.1673 0.9408 37.3762 -0.0535 0.0230
Pedestrian -1 -1 -1.4080 477.4958 169.0521 510.9601 235.2979 1.7522 0.7550 0.9555 -2.9280 1.4241 19.4797 -1.5572 4.6906
Car -1 -1 1.9758 284.6171 168.8927 345.9608 199.8570 1.5027 1.5896 3.6878 -14.5580 0.8918 36.7230 1.5983 -0.1465
Pedestrian -1 -1 -1.8732 649.0720 170.2480 681.5577 234.2770 1.7484 0.6573 0.9311 1.7519 1.4423 20.1381 -1.7864 3.9735
Pedestrian -1 -1 -1.8043 799.0166 148.2141 826.3564 204.2050 1.7926 0.6723 0.8642 6.8612 0.7280 23.4444 -1.5196 1.7925
Pedestrian -1 -1 3.6525 74.5807 194.6251 141.2634 283.6282 1.7254 0.6742 0.8875 -9.9233 1.9969 14.4103 3.0495 -0.2842
Pedestrian -1 -1 -1.8718 794.3506 167.6298 833.9061 256.4851 1.8758 0.6267 0.7404 4.5539 1.5842 15.5369 -1.5867 -0.6851
Pedestrian -1 -1 -1.7354 579.1058 175.8114 592.2362 204.1313 1.6443 0.6436 0.8226 -0.9270 1.3148 42.1698 -1.7573 -0.7531
