Car -1 -1 1.6965 555.0563 170.0739 604.7713 212.9536 1.9023 1.7979 4.6712 -0.9595 1.3963 34.2767 1.6685 6.0043
Pedestrian -1 -1 -1.1724 194.9574 157.1097 316.8177 361.2107 1.7452 0.6908 0.9851 -3.2066 1.5380 6.6490 -1.6218 6.1958
Car -1 -1 1.5045 623.7651 173.9271 648.6128 196.4479 1.7119 1.6799 4.1633 2.7302 1.1368 56.6966 1.5526 3.1285
Pedestrian -1 -1 -1.8347 794.4394 145.4451 912.4935 371.4450 1.7322 0.7144 0.8605 2.0018 1.4573 5.9543 -1.5104 5.9687
Car -1 -1 -1.2301 1054.5648 138.7008 1145.7763 178.1806 1.4780 1.6633 4.4175 20.2860 -0.1430 29.1844 -0.6227 1.2115
Pedestrian -1 -1 -1.6637 989.1069 153.5780 1066.3955 305.3286 1.7410 0.7239 0.9586 5.1610 1.4220 8.8259 -1.1345 4.1850
Car -1 -1 -1.6493 665.1621 177.3607 685.3421 193.0954 1.4727 1.6200 4.0235 7.1301 1.0856 69.2602 -1.5467 0.2615
Pedestrian -1 -1 -1.8370 776.8756 173.2304 817.1560 249.3548 1.7228 0.6926 0.8834 4.4990 1.5368 16.6969 -1.5738 2.8245
Pedestrian -1 -1 -1.5498 898.2469 166.1163 927.1036 230.2013 1.6687 0.6928 0.9060 8.3190 1.2693 19.2582 -1.1421 2.3188
Pedestrian -1 -1 -3.2274 673.6570 174.8814 686.9506 200.6695 1.6896 0.6047 0.8219 5.2080 1.2567 47.3743 -3.1179 0.0509
