Car -1 -1 1.6899 477.5957 165.1696 534.7447 218.9746 2.0199 1.7892 4.3782 -3.7978 1.4079 29.1631 1.5604 8.4519
Cyclist -1 -1 1.4740 361.5361 164.9532 375.7585 197.4104 1.7111 0.5629 1.7366 -12.5764 0.8396 38.7745 1.1604 1.5059
Pedestrian -1 -1 -1.7940 748.1208 162.7660 872.1596 373.0000 1.6814 0.8154 0.9157 1.6759 1.5365 6.0824 -1.5251 6.2514
Car -1 -1 -1.6261 602.3123 171.5776 622.7315 188.8635 1.5133 1.6238 3.9393 1.0087 0.6451 64.8861 -1.6106 2.7908
Pedestrian -1 -1 -2.0292 834.1042 148.0899 980.7305 367.3879 1.6993 0.8174 0.8912 2.4788 1.4418 6.0362 -1.6395 5.7335
Car -1 -1 1.9788 512.1298 169.4374 567.5068 203.3608 1.8515 1.7083 4.0632 -3.4872 1.1940 41.4011 1.8948 -0.0362
Pedestrian -1 -1 -2.9275 633.4121 166.8258 686.4106 257.2871 1.7853 0.6345 0.9636 1.1577 1.4969 14.6170 -2.8484 5.2115
Car -1 -1 -0.2876 1176.8072 125.1505 1237.0000 189.9510 1.6247 1.6597 4.0529 18.4819 0.2131 19.6613 0.4669 -0.8145
Pedestrian -1 -1 -1.3097 163.9388 161.7800 275.6561 363.2603 1.7411 0.7045 0.9674 -3.5978 1.5721 6.7559 -1.7990 5.0713
Pedestrian -1 -1 -0.6756 1097.4224 146.2769 1189.0374 263.2760 1.7638 0.6399 0.9435 8.3579 1.2341 11.1620 -0.0329 4.2336
Pedestrian -1 -1 2.1119 897.0402 161.2286 949.0478 243.1825 1.6721 0.6807 0.8144 6.7519 1.2598 15.1660 2.5308 3.3546
Pedestrian -1 -1 -0.5536 612.0941 171.2574 630.9573 201.3719 1.7771 0.6455 0.9247 1.2019 1.1734 42.8976 -0.5256 0.7690
Pedestrian -1 -1 -1.9260 902.2854 177.8916 1014.6381 346.4441 1.5926 0.7660 0.8334 3.5135 1.5599 7.2366 -1.4740 0.4549
Pedestrian -1 -1 -1.1479 654.7996 167.8380 668.7847 195.2763 1.7518 0.6195 0.8167 3.9060 0.8803 46.3676 -1.0639 -0.7025
