Car -1 -1 1.7286 424.6126 162.5033 498.3230 224.0670 1.9121 1.7813 4.5142 -4.6990 1.3232 24.5919 1.5398 8.3632
Cyclist -1 -1 -1.9396 0.0000 180.0172 100.7125 355.2457 1.6838 0.6066 1.6783 -6.1049 1.6710 7.5827 -2.6174 4.1379
Pedestrian -1 -1 -2.0005 823.0227 166.7747 928.9087 333.9117 1.6632 0.7425 0.8837 2.8315 1.5180 7.6134 -1.6444 5.8530
Car -1 -1 1.5876 534.4695 172.2078 563.1778 199.5399 1.5655 1.6421 4.0888 -3.1289 1.0340 43.2274 1.5153 6.3629
Cyclist -1 -1 1.9592 418.1791 173.3810 470.7757 250.8899 1.6842 0.5747 1.7207 -3.6131 1.5090 16.5036 1.7437 2.5083
Pedestrian -1 -1 -2.3899 351.6220 169.7993 422.9827 277.8921 1.7720 0.6880 0.9592 -3.7028 1.5815 12.2943 -2.6824 5.5317
Car -1 -1 1.6738 463.6929 167.5482 513.3204 212.6676 1.8192 1.7050 4.1093 -4.8247 1.2576 31.0552 1.5197 5.0772
Cyclist -1 -1 -3.1668 1025.9240 143.8358 1195.6905 290.0631 1.6613 0.5956 1.6614 6.1741 1.2347 8.8644 -2.5584 -0.2034
Pedestrian -1 -1 -1.8621 0.0000 160.9628 91.1281 345.1763 1.7889 0.6336 0.9888 -5.9604 1.5909 7.5159 -2.5325 5.4048
Car -1 -1 -1.6587 564.8056 175.0232 594.5492 198.2006 1.4790 1.6225 4.1125 -1.4833 1.0664 47.9731 -1.6897 1.6313
Pedestrian -1 -1 -0.8692 1066.1259 149.3129 1180.0437 294.9069 1.6908 0.6982 0.9230 6.3205 1.3183 8.7904 -0.2458 5.2268
Car -1 -1 -1.6099 611.0959 167.0757 629.4864 182.8339 1.4664 1.6031 3.9684 1.8222 0.1245 68.8363 -1.5834 0.8741
Pedestrian -1 -1 -1.7677 739.3727 168.3530 825.7291 340.0516 1.6753 0.7113 0.8273 1.8004 1.5484 7.4342 -1.5301 5.0544
Car -1 -1 -0.2280 658.2238 157.1006 745.0131 190.7261 1.6137 1.6541 3.9714 4.9009 0.4437 35.4745 -0.0907 -0.2853
Pedestrian -1 -1 -1.8427 648.1286 166.1732 689.9845 240.6558 1.6937 0.7412 0.9760 1.5419 1.3464 16.8790 -1.7516 4.6032
Car -1 -1 1.6445 564.3217 181.3284 590.5350 202.7711 1.4864 1.6010 4.0135 -1.6806 1.4752 51.8311 1.6121 -0.7781
Pedestrian -1 -1 -1.9285 1159.9764 143.0277 1237.0000 284.2084 1.6924 0.6951 0.9245 7.6814 1.2326 9.1603 -1.2307 1.9929
