Car -1 -1 1.6753 524.0555 167.9428 567.8304 206.6128 1.8955 1.8020 4.7039 -2.8379 1.2318 37.5848 1.5999 6.5293
Cyclist -1 -1 2.0183 102.4931 145.7239 336.6143 373.0000 1.7673 0.6316 1.8363 -2.4572 1.5754 4.8041 1.5455 7.6769
Pedestrian -1 -1 -1.7681 721.0892 152.3215 817.3674 339.4659 1.6896 0.7414 0.8550 1.5378 1.4276 6.9183 -1.5494 7.3095
Car -1 -1 1.8391 421.8045 159.1985 459.6583 182.6094 1.5289 1.5862 3.7027 -10.8588 0.0731 48.7991 1.6202 2.7451
Cyclist -1 -1 1.6543 582.8996 171.8146 595.5104 201.9861 1.7248 0.5950 1.7472 -0.7055 1.1719 41.9527 1.6375 2.3184
Pedestrian -1 -1 -1.7188 669.1539 154.4822 749.6525 349.4137 1.7511 0.6324 0.8759 0.9621 1.5098 6.8911 -1.5800 5.8789
Car -1 -1 2.0656 348.0273 152.4582 400.5257 176.5027 1.5034 1.6001 4.0750 -15.0898 -0.3480 47.9610 1.7608 1.1111
Cyclist -1 -1 1.6008 571.7633 174.5234 582.4290 202.6579 1.6178 0.5789 1.6092 -1.4193 1.2174 42.1098 1.5671 0.8576
Pedestrian -1 -1 -1.5425 842.1558 156.8609 889.8801 257.3971 1.6746 0.7545 0.8865 4.5756 1.2655 12.5136 -1.1919 4.8185
Car -1 -1 1.7901 593.2098 172.5852 619.7976 188.9930 1.4955 1.6652 4.0409 0.5488 0.6833 67.6247 1.7982 0.0705
Pedestrian -1 -1 -0.8147 158.1966 150.3234 292.2359 351.4964 1.8004 0.6135 1.0413 -3.6833 1.5228 7.0101 -1.2985 4.7288
Pedestrian -1 -1 1.5748 571.6121 173.0896 582.9774 201.6478 1.6638 0.6620 0.7359 -1.4164 1.1746 42.2260 1.5413 2.5776
Pedestrian -1 -1 -0.8252 711.3764 167.9072 755.5641 238.9732 1.7278 0.6631 0.8873 3.2743 1.3985 17.9935 -0.6452 1.1549
Pedestrian -1 -1 -0.5463 932.5872 142.5757 1009.5676 283.7909 1.7578 0.6556 0.6354 4.7194 1.2746 9.2900 -0.0763 -0.0849
Pedestrian -1 -1 1.5779 582.5961 178.4205 593.2399 206.2292 1.5993 0.6121 0.6617 -0.7809 1.4230 41.6429 1.5591 -0.5710
Pedestrian -1 -1 -1.6884 689.5453 166.9051 700.8934 193.0737 1.7048 0.6612 0.6902 6.1615 0.7547 47.1439 -1.5584 -0.7776
