Car -1 -1 1.7349 439.1941 163.9191 513.3605 221.8266 1.8471 1.8107 4.7522 -4.3070 1.2874 25.2910 1.5662 8.4489
Cyclist -1 -1 1.5500 583.1361 169.4693 591.3777 191.2702 1.7126 0.6197 1.7243 -1.1122 0.7680 57.2994 1.5306 0.8424
Pedestrian -1 -1 -1.9186 843.9756 160.0654 951.5863 342.1068 1.7173 0.7394 0.8771 2.8986 1.5165 7.2248 -1.5371 6.5519
Car -1 -1 1.6315 477.2078 165.4262 523.6973 211.8435 1.9077 1.7676 4.5446 -4.4163 1.2481 31.8545 1.4937 3.4799
Cyclist -1 -1 0.8206 1199.4854 132.6551 1237.0000 189.2617 1.6726 0.5683 1.6664 19.3406 0.2305 22.0638 1.5403 -0.7606
Pedestrian -1 -1 -1.8135 766.0297 162.4655 855.5374 345.8238 1.7060 0.6667 0.8111 1.9936 1.5303 7.0966 -1.5396 6.3119
Car -1 -1 1.4258 537.6160 171.1768 571.7322 194.9918 1.4818 1.6461 4.0350 -3.0836 0.8402 46.8397 1.3600 2.4400
Pedestrian -1 -1 -1.7621 73.1803 169.6458 179.6853 340.8036 1.6790 0.7812 0.9215 -5.1105 1.5641 7.6464 -2.3513 5.6825
Car -1 -1 -1.4756 526.5971 171.4127 548.1487 188.2729 1.4835 1.5956 3.7755 -5.7422 0.5963 65.0940 -1.5636 1.4365
Pedestrian -1 -1 -2.4940 410.6039 167.7273 481.5979 271.6383 1.7564 0.6865 1.0150 -2.7753 1.5249 12.6634 -2.7097 5.0409
Car -1 -1 1.7301 427.3051 148.0659 469.5658 178.0662 1.5708 1.6669 4.2333 -8.5134 -0.2020 40.2602 1.5217 1.0958
Pedestrian -1 -1 -3.4190 1094.7966 138.1812 1203.5431 284.2932 1.7778 0.6707 0.9604 6.9517 1.2520 9.2233 -2.7731 4.7133
Car -1 -1 -1.7155 671.2812 156.7928 712.3929 188.3192 1.5399 1.5863 3.5718 4.5859 0.3340 36.8874 -1.5918 -0.1604
Pedestrian -1 -1 -2.1292 673.1246 166.0651 720.2983 243.6976 1.7534 0.6932 0.9510 2.1836 1.4060 16.7978 -1.9999 3.9710
Car -1 -1 -1.6533 587.4796 166.5576 609.9105 184.6441 1.4908 1.5905 3.8996 -0.2334 0.2596 61.2182 -1.6571 -0.3396
Pedestrian -1 -1 -2.4498 875.3116 154.5297 963.7524 275.8262 1.7381 0.7267 0.9898 4.7652 1.3529 10.8960 -2.0375 1.5158
Pedestrian -1 -1 2.0498 979.2660 155.5488 1049.5398 266.5700 1.6772 0.6583 0.8239 6.4803 1.2865 11.3492 2.5686 0.9915
