Car -1 -1 1.7484 464.4410 166.7877 529.9809 219.4250 1.8972 1.7643 4.5509 -4.0077 1.3680 28.1950 1.6072 6.1578
Cyclist -1 -1 -3.2427 1091.1284 151.8498 1223.3141 258.7821 1.6022 0.6370 1.6069 8.7563 1.1592 11.4527 -2.5899 5.2913
Pedestrian -1 -1 -2.8575 580.9819 167.2462 636.4905 259.5303 1.7552 0.6600 0.9449 0.1112 1.4854 14.1117 -2.8497 5.7783
Car -1 -1 -1.5117 603.7302 166.9222 624.5396 184.2463 1.4962 1.6211 4.0883 1.1962 0.2376 64.1369 -1.4931 1.8268
Cyclist -1 -1 1.8193 345.8207 165.0093 367.0926 198.5407 1.7132 0.6380 1.7810 -12.8195 0.8715 37.6124 1.4909 1.8407
Pedestrian -1 -1 -3.5921 1120.3011 138.7187 1212.0715 257.2143 1.8040 0.6802 0.9372 8.8660 1.1540 11.3645 -2.9296 5.6787
Car -1 -1 2.3976 0.0000 205.3941 26.3328 259.0696 1.4862 1.6284 3.9940 -21.5892 2.3470 23.7832 1.6605 0.2657
Pedestrian -1 -1 -1.8923 840.0447 144.1186 963.1790 362.1669 1.7672 0.7409 0.8974 2.5386 1.4656 6.2900 -1.5087 5.5893
Car -1 -1 1.7417 452.7278 151.1021 492.9403 177.5640 1.4865 1.6588 4.3905 -7.6708 -0.2481 43.2063 1.5660 -0.1100
Pedestrian -1 -1 -1.7938 747.9205 155.7064 851.8983 368.2445 1.7501 0.7037 0.8662 1.6745 1.5391 6.3573 -1.5363 5.4049
Car -1 -1 1.6341 541.3284 173.3048 560.4934 189.3943 1.4879 1.5838 3.7905 -4.7408 0.7304 68.3258 1.5649 -0.1261
Pedestrian -1 -1 -3.0108 1043.8793 149.6288 1123.5361 272.9241 1.7620 0.6626 0.9188 7.2157 1.3079 10.8150 -2.4225 4.2729
Car -1 -1 2.3358 0.0000 202.5980 65.8862 255.2054 1.4659 1.6242 3.9434 -20.0199 2.2209 23.6504 1.6334 -0.1372
Pedestrian -1 -1 -1.7504 718.2729 165.9840 756.6876 242.2599 1.6993 0.7119 0.8998 3.0685 1.3548 16.4521 -1.5661 3.6117
Car -1 -1 1.8112 505.2660 156.0802 553.3146 189.3340 1.6942 1.6662 4.0238 -3.8282 0.4000 38.7045 1.7126 -0.8116
Pedestrian -1 -1 -1.1738 431.1262 179.4834 458.1088 225.8621 1.6455 0.7220 0.7404 -5.6741 1.5750 25.9134 -1.3893 2.8447
Car -1 -1 -0.0455 625.4773 171.8326 665.0619 187.5065 1.5307 1.6184 3.8330 4.3525 0.5869 70.9877 0.0157 -0.8269
Pedestrian -1 -1 -1.9382 937.1133 171.1623 1063.9053 373.0000 1.6691 0.7065 0.8151 3.3618 1.5875 6.2114 -1.4421 2.6063
Car -1 -1 -1.5319 613.8818 172.5095 642.3957 199.2736 1.5430 1.5805 3.5429 1.6445 1.0255 43.2371 -1.4938 -0.8401
