Car -1 -1 1.7070 476.2879 165.7858 535.1185 216.7400 1.9189 1.7790 4.5158 -3.8317 1.3282 29.3130 1.5770 7.9414
Cyclist -1 -1 1.8491 360.8016 164.3297 380.9869 196.4061 1.7010 0.5957 1.7170 -12.4949 0.7913 38.9583 1.5388 1.3360
Pedestrian -1 -1 -1.7865 754.0253 153.5767 864.3658 373.0000 1.7320 0.7134 0.8631 1.6623 1.5159 6.0406 -1.5179 6.3030
Car -1 -1 -1.8899 806.3620 141.4295 871.9549 177.3592 1.4797 1.5887 3.9994 10.5013 -0.1954 32.0446 -1.5732 1.6411
Pedestrian -1 -1 -2.0340 838.7290 158.1176 980.7179 368.7238 1.6264 0.7821 0.8608 2.4861 1.4472 6.0016 -1.6413 5.8943
Car -1 -1 -1.5880 601.7103 170.5541 620.3040 188.4097 1.5759 1.6194 3.9048 0.8810 0.6103 65.3520 -1.5745 -0.8427
Pedestrian -1 -1 -2.8717 637.4580 167.3658 692.7033 259.0363 1.8108 0.6874 0.9782 1.2683 1.5329 14.6797 -2.7855 5.8433
Pedestrian -1 -1 -1.3997 174.9035 165.1924 278.1170 364.8882 1.7307 0.7165 0.9433 -3.5507 1.5907 6.7816 -1.8820 4.8249
Pedestrian -1 -1 -1.8844 721.6468 170.9724 765.2268 244.9095 1.6388 0.7369 0.8835 3.1951 1.4067 16.4019 -1.6920 4.6710
Pedestrian -1 -1 -3.5687 1107.2706 142.3915 1196.5452 262.2809 1.8047 0.6512 0.9191 8.5380 1.2173 11.2297 -2.9186 4.2496
Pedestrian -1 -1 -3.5763 1118.9819 148.8086 1201.3299 255.6214 1.7818 0.6512 0.9334 9.5819 1.2378 12.4013 -2.9185 3.4499
Pedestrian -1 -1 2.1407 894.9784 155.5030 944.3620 239.7765 1.7380 0.6538 0.7627 6.7375 1.2031 15.2950 2.5557 1.7249
Pedestrian -1 -1 -0.2126 613.6980 172.8780 630.4855 202.1519 1.7401 0.6403 0.8910 1.2395 1.2283 43.0923 -0.1839 -0.0912
Pedestrian -1 -1 -1.4267 438.8902 180.1226 464.0016 226.4061 1.6455 0.7693 0.9111 -5.4461 1.5976 26.0154 -1.6331 -0.1816
