Car -1 -1 1.6855 514.1034 172.9677 566.4216 219.0354 1.8772 1.7816 4.5256 -2.6202 1.5305 31.5592 1.6027 9.2063
Cyclist -1 -1 -0.8219 875.9088 163.6592 948.5611 236.3400 1.6803 0.5916 1.7140 7.4213 1.2691 17.2211 -0.4150 4.3443
Pedestrian -1 -1 -1.7826 749.8383 156.8626 872.9526 373.0000 1.7007 0.7463 0.9183 1.5686 1.5236 5.6807 -1.5132 5.2603
Car -1 -1 1.6550 580.7182 174.1179 612.8744 203.9703 1.9106 1.7817 4.6389 -0.2514 1.4388 48.3542 1.6498 4.8882
Cyclist -1 -1 1.5616 626.6530 178.7071 634.7870 200.9445 1.7152 0.6187 1.7438 2.3119 1.5003 56.2843 1.6026 1.3236
Pedestrian -1 -1 -1.1143 148.4156 162.0381 291.5286 368.7914 1.7193 0.8114 0.9254 -3.4276 1.5588 6.4462 -1.6030 5.2329
Car -1 -1 2.0240 54.1626 189.6005 276.5201 304.3570 1.5570 1.6232 3.8275 -7.0188 1.7157 11.9914 1.4944 1.6868
Pedestrian -1 -1 -1.7173 849.2191 149.5860 974.4651 373.0000 1.7096 0.7752 0.8681 2.3484 1.4826 5.6552 -1.3237 5.1060
Car -1 -1 -2.7542 289.5494 152.9886 369.1682 179.4977 1.4700 1.6040 3.9171 -15.4184 -0.1154 40.8140 -3.1154 0.8530
Pedestrian -1 -1 -1.9312 1064.9017 138.9856 1189.5218 350.5729 1.7801 0.6135 0.9657 4.7253 1.4238 6.5864 -1.3089 4.6798
Car -1 -1 -1.5112 641.6143 178.3847 671.2367 205.2723 1.6728 1.6866 4.0843 3.6327 1.4797 46.8270 -1.4337 0.6640
Pedestrian -1 -1 -3.6390 1151.7846 153.2421 1227.9406 244.8901 1.7049 0.6834 0.9137 11.2291 1.1805 13.7812 -2.9553 3.6098
Car -1 -1 -0.1806 1085.1167 145.9852 1237.0000 200.5379 1.4656 1.6149 3.8681 16.4783 0.5126 20.9138 0.4868 -0.4392
Pedestrian -1 -1 -2.4288 738.0521 169.4913 793.1308 255.1373 1.7485 0.6655 0.9292 3.4376 1.5046 15.2341 -2.2068 2.7492
Car -1 -1 -0.3903 834.4036 145.9406 939.4627 179.5846 1.4833 1.6430 4.1156 12.8936 -0.0883 32.6155 -0.0138 -0.4768
Pedestrian -1 -1 -2.8036 887.6777 183.3296 970.5046 315.5710 1.6062 0.6895 0.7891 4.1766 1.6324 9.2582 -2.3798 0.1548
Car -1 -1 2.4874 0.0000 204.8173 116.5624 373.0000 1.4933 1.6514 4.1231 -5.3529 1.7081 4.4771 1.6131 -0.5606
Pedestrian -1 -1 -1.8866 680.4903 174.5030 694.3108 203.5217 1.7144 0.6206 0.7341 5.1289 1.3018 42.8571 -1.7675 -0.7969
