Car -1 -1 1.7598 464.2871 161.4582 532.0392 217.0957 1.9565 1.7699 4.3795 -3.8709 1.2528 27.4885 1.6199 5.6507
Cyclist -1 -1 1.4142 679.2018 170.0590 700.6247 214.5822 1.6549 0.5586 1.6633 3.3603 1.2306 27.5377 1.5357 1.7008
Pedestrian -1 -1 -1.7543 752.6232 155.8785 853.4848 361.0874 1.7255 0.7192 0.8952 1.7448 1.5114 6.5117 -1.4925 6.3026
Car -1 -1 -1.6581 632.5006 167.4920 652.1034 182.9310 1.4908 1.6116 3.8154 4.0744 0.1385 71.2925 -1.6010 1.9645
Cyclist -1 -1 2.0246 257.1106 170.3514 275.1366 192.2332 1.6845 0.5887 1.7096 -26.1820 0.8268 56.1569 1.5884 -0.2223
Pedestrian -1 -1 -1.8894 854.0307 147.9698 976.5867 360.8709 1.7592 0.7410 0.9339 2.7174 1.4835 6.4285 -1.4895 5.5659
Car -1 -1 -1.5567 602.0772 166.6774 620.4808 183.8952 1.4669 1.5656 3.7297 0.9202 0.2045 63.0816 -1.5421 1.7088
Pedestrian -1 -1 -1.1225 186.6321 166.3994 298.6179 346.7426 1.7202 0.6611 0.9968 -3.6838 1.5775 7.3527 -1.5869 5.3055
Car -1 -1 -1.9482 327.0873 149.5596 416.8518 201.8906 1.6912 1.6696 3.9147 -8.1521 0.6601 25.2539 -2.2604 0.1082
Pedestrian -1 -1 -2.7120 552.2717 167.7758 610.4369 259.9479 1.6972 0.6940 0.9049 -0.4176 1.4458 13.7201 -2.7424 4.4291
Car -1 -1 -1.4645 539.4509 191.2172 579.4797 223.3043 1.4822 1.6031 4.1606 -2.0870 2.0066 36.5784 -1.5215 0.0791
Pedestrian -1 -1 -1.7137 717.6616 161.8510 753.0828 238.1393 1.7048 0.6764 0.8953 3.0318 1.2669 16.5099 -1.5321 4.0327
Car -1 -1 1.7555 498.0201 162.1954 547.7426 201.2031 1.8548 1.7450 4.2775 -3.9112 0.9378 36.3544 1.6483 0.0103
Pedestrian -1 -1 -3.5437 1118.7672 140.8883 1211.7737 261.7860 1.7650 0.6927 0.9137 8.5129 1.1734 10.9361 -2.8823 3.0290
Car -1 -1 -1.1913 859.7632 155.1069 945.7358 198.7044 1.4631 1.5741 3.8019 10.9379 0.5784 26.0110 -0.7932 -0.3820
Pedestrian -1 -1 -2.8094 1002.9508 147.4409 1087.7221 270.8569 1.7447 0.6728 0.9070 6.5715 1.2645 10.7161 -2.2593 1.0068
