Car -1 -1 1.7292 467.6829 168.0849 530.5321 219.3354 1.8534 1.7555 4.4853 -3.9437 1.3693 28.2345 1.5904 7.3790
Cyclist -1 -1 -3.2830 1095.5856 148.5161 1232.3428 258.6430 1.6569 0.6333 1.6455 8.8895 1.1619 11.4869 -2.6244 2.9638
Pedestrian -1 -1 -2.0319 833.7696 156.1378 968.9811 361.1396 1.6563 0.7666 0.8933 2.5319 1.4527 6.2760 -1.6484 6.4804
Car -1 -1 1.8497 498.4302 163.6526 552.7154 197.5772 1.7040 1.7326 4.4314 -3.9840 0.8084 38.4121 1.7464 1.5129
Cyclist -1 -1 -1.8233 714.9068 169.6447 759.1945 244.7279 1.6442 0.6024 1.6560 3.0693 1.3858 16.5750 -1.6402 0.2858
Pedestrian -1 -1 -1.7995 748.5327 153.1503 855.4548 367.0359 1.7470 0.7057 0.9335 1.6854 1.5168 6.3420 -1.5397 6.0768
Car -1 -1 -1.5663 605.3657 170.0014 624.1407 187.2239 1.4930 1.6277 4.0578 1.2336 0.4966 64.3149 -1.5471 1.3981
Cyclist -1 -1 2.0547 516.1456 174.5308 553.3316 224.9144 1.6726 0.5528 1.6936 -2.3028 1.4423 24.7323 1.9619 0.2025
Pedestrian -1 -1 -1.1075 177.3231 161.1390 296.9625 354.4199 1.7673 0.6759 1.0018 -3.5938 1.5825 7.0690 -1.5778 5.8453
Car -1 -1 -0.7391 0.0000 204.6196 39.4865 256.6252 1.4812 1.5894 3.8721 -21.4341 2.3276 24.2530 -1.4629 -0.3350
Cyclist -1 -1 1.5983 596.3605 172.8968 604.3259 194.4865 1.6777 0.5836 1.7008 -0.0587 1.0097 56.6761 1.5972 -0.5486
Pedestrian -1 -1 -1.6832 718.4326 163.8116 755.2242 241.8383 1.7298 0.7186 0.9735 3.0489 1.3389 16.4331 -1.4998 5.8448
Pedestrian -1 -1 -2.8855 588.8601 167.8181 642.8546 259.8659 1.7654 0.6570 0.9341 0.2536 1.5042 14.2170 -2.8676 5.7611
Pedestrian -1 -1 -2.8491 1048.1095 148.1568 1140.6291 274.9752 1.8067 0.6765 0.9988 7.3798 1.3330 10.8323 -2.2511 4.1611
Pedestrian -1 -1 -0.4217 1119.1701 150.9656 1202.3210 257.9338 1.6520 0.6482 0.8594 8.8947 1.1818 11.5072 0.2364 1.0811
Pedestrian -1 -1 -1.9727 930.6976 180.8802 1060.9627 366.3622 1.5369 0.7472 0.8259 3.4213 1.5332 6.3942 -1.4814 0.9881
