Car -1 -1 1.6661 493.6682 164.0739 541.0986 208.3436 1.9046 1.7590 4.4152 -3.8145 1.1558 33.1261 1.5515 5.3178
Cyclist -1 -1 1.8484 456.9384 174.2724 492.6520 233.3909 1.6312 0.5870 1.6433 -3.6537 1.4329 20.6648 1.6734 4.3595
Pedestrian -1 -1 -1.9365 857.7572 165.3471 978.5403 359.0719 1.7037 0.7583 0.9201 2.9046 1.5630 6.7889 -1.5322 6.5678
Car -1 -1 -1.4889 557.6868 172.9015 584.7123 194.4530 1.4653 1.6000 3.8759 -2.0885 0.8813 50.8050 -1.5300 2.3560
Cyclist -1 -1 1.4974 601.5656 170.5554 610.4907 191.1637 1.6996 0.6188 1.7473 0.4070 0.7975 60.1325 1.5042 -0.0081
Pedestrian -1 -1 -1.8449 766.3885 163.6140 870.9692 355.2678 1.6816 0.7127 0.9139 1.9618 1.5260 6.7599 -1.5625 6.4281
Car -1 -1 1.7053 459.1005 164.2231 525.8215 220.6346 1.8656 1.7769 4.6960 -3.8739 1.2953 26.1126 1.5580 1.8951
Pedestrian -1 -1 -2.6561 478.3791 166.2154 542.4641 265.1614 1.7339 0.6880 0.9465 -1.6904 1.4674 13.0731 -2.7847 5.0714
Car -1 -1 -1.6894 631.0001 167.7043 652.7295 183.7855 1.5219 1.6375 4.1008 3.9564 0.2166 70.0787 -1.6331 1.4039
Pedestrian -1 -1 -1.9256 702.6977 163.9415 748.1133 238.0613 1.6552 0.7560 0.9221 2.8110 1.2643 16.5619 -1.7575 4.8203
Car -1 -1 -1.5324 600.0720 167.4520 620.0205 185.2536 1.4872 1.5739 3.9495 0.8009 0.3141 62.0231 -1.5195 0.9982
Pedestrian -1 -1 -1.7289 166.4062 153.8954 254.7905 334.6977 1.7833 0.6820 0.9534 -4.2324 1.5124 7.6682 -2.2332 4.1820
Pedestrian -1 -1 -2.3008 930.6405 158.4958 1014.4118 281.0264 1.7300 0.6653 0.9109 5.4457 1.4065 10.6645 -1.8287 3.3766
Pedestrian -1 -1 -3.6016 1109.0850 145.3226 1216.3396 281.4490 1.7707 0.6781 0.9447 7.5561 1.3014 9.7668 -2.9431 3.3009
