Car -1 -1 1.6708 527.9027 166.2693 573.1107 208.0168 2.0308 1.8603 5.0018 -2.5842 1.2908 37.4698 1.6019 8.3376
Cyclist -1 -1 2.0500 35.0712 153.8230 313.1121 373.0000 1.7268 0.6340 1.7988 -2.4119 1.5992 4.2576 1.5346 7.2816
Pedestrian -1 -1 -1.7464 724.3435 148.1064 817.4787 348.4067 1.7817 0.7100 0.8931 1.5368 1.4860 6.8492 -1.5257 6.6560
Car -1 -1 1.6418 597.2737 172.4467 618.1590 189.0892 1.5081 1.6623 4.2182 0.6559 0.6881 67.2594 1.6516 2.9854
Cyclist -1 -1 2.2040 807.5682 160.4313 854.3706 214.5165 1.6534 0.5346 1.6510 7.2234 1.0105 22.6595 2.5126 -0.0890
Pedestrian -1 -1 -1.5243 851.9002 158.1595 899.6272 263.4720 1.7090 0.7193 0.9243 4.6356 1.3315 12.2213 -1.1617 4.3998
Car -1 -1 -1.6619 680.6207 177.5799 719.8047 208.0784 1.4858 1.6254 4.0964 5.0359 1.2957 37.0747 -1.5269 1.0995
Cyclist -1 -1 1.4370 623.7454 171.2415 633.6032 192.2550 1.6587 0.5711 1.6604 2.2011 0.8495 57.5527 1.4752 -0.2040
Pedestrian -1 -1 -1.7257 669.4357 158.6583 755.8854 347.1038 1.6606 0.6730 0.8368 0.9707 1.4607 6.7498 -1.5829 4.3918
Car -1 -1 -1.3952 632.6153 170.8696 664.9061 194.2365 1.6454 1.6760 4.1134 3.5348 0.8975 52.7787 -1.3284 0.6020
Cyclist -1 -1 1.6291 586.2595 169.5681 597.7922 200.1604 1.7394 0.5726 1.7197 -0.5386 1.0618 41.7116 1.6162 -0.3170
Pedestrian -1 -1 -2.0164 779.5152 161.2795 822.6108 236.9665 1.7676 0.6547 0.9433 4.7603 1.2965 17.2949 -1.7478 2.9184
Car -1 -1 -1.7279 687.3969 158.9627 720.3809 182.6128 1.5373 1.6104 3.9222 6.9078 0.0730 48.6657 -1.5869 -0.1757
Pedestrian -1 -1 -0.5434 941.2882 145.4535 1021.2825 288.6796 1.7330 0.6532 0.6425 4.7155 1.2982 9.0352 -0.0624 2.1581
Pedestrian -1 -1 1.7047 573.6350 173.4176 585.6266 202.8126 1.6977 0.6035 0.7634 -1.2676 1.2317 41.8945 1.6744 1.8364
Pedestrian -1 -1 0.0357 412.9293 166.3237 446.2753 232.2913 1.7075 0.6272 0.8370 -4.5642 1.3158 18.9811 -0.2003 0.1986
Pedestrian -1 -1 -1.5233 822.0740 158.6497 845.7390 213.6388 1.7063 0.6765 0.8582 7.3602 0.9984 22.8079 -1.2112 0.1572
Pedestrian -1 -1 -0.4460 907.5016 151.3733 981.4968 281.1795 1.7070 0.6271 0.7036 4.6004 1.3121 9.7590 -0.0055 0.1021
