Car -1 -1 1.7219 416.4302 160.6450 495.3600 226.8497 2.0061 1.8624 5.0915 -4.8161 1.3753 24.3488 1.5267 9.3133
Cyclist -1 -1 1.6500 565.5994 170.9318 574.5342 192.4091 1.6959 0.5841 1.7053 -2.4853 0.8619 57.5816 1.6069 1.0663
Pedestrian -1 -1 -2.2711 329.4650 166.3336 400.9531 278.5839 1.8110 0.6503 1.0061 -4.0302 1.5676 12.1270 -2.5920 6.1552
Car -1 -1 1.5912 531.0764 172.8668 560.3226 200.7613 1.5527 1.6254 3.8525 -3.2145 1.0729 41.9508 1.5147 5.7527
Cyclist -1 -1 -2.6387 575.1811 169.6242 610.3904 202.8376 1.7312 0.6365 1.7829 -0.4669 1.1130 38.1392 -2.6509 1.0287
Pedestrian -1 -1 -1.8809 826.2743 160.6552 914.6413 333.8293 1.7730 0.6553 0.8806 2.8477 1.5609 7.8047 -1.5311 6.0469
Car -1 -1 1.6724 459.1517 167.2754 510.2103 213.2590 1.8326 1.7263 4.4040 -4.9533 1.2667 30.8733 1.5133 2.3441
Cyclist -1 -1 -2.6166 641.1106 158.3199 675.8457 191.0768 1.6831 0.6381 1.7276 2.9804 0.4929 37.6603 -2.5376 0.9172
Pedestrian -1 -1 -1.9520 732.2783 164.3572 828.0424 342.8148 1.7363 0.6508 0.9695 1.7924 1.5708 7.5135 -1.7178 5.9619
Car -1 -1 1.6134 563.1445 173.1449 590.6212 197.6890 1.5703 1.6608 4.2383 -1.5929 1.0364 48.0819 1.5803 0.3439
Cyclist -1 -1 1.5322 622.7308 175.8188 630.8735 196.4862 1.6769 0.6028 1.7017 2.1098 1.2164 59.1324 1.5678 -0.7206
Pedestrian -1 -1 -1.9084 643.0682 164.7488 683.8384 242.3514 1.7796 0.6781 0.9659 1.4241 1.3966 17.0228 -1.8249 5.2695
Car -1 -1 1.5314 579.5529 170.7654 602.9417 192.5605 1.5932 1.6142 3.9498 -0.7851 0.8091 54.5219 1.5170 -0.7400
Pedestrian -1 -1 -3.4943 1070.1427 147.4043 1183.1816 303.3630 1.7885 0.6445 0.9340 6.2606 1.3988 8.6712 -2.8690 4.7329
Car -1 -1 1.3388 1088.8158 101.8178 1230.6476 181.4992 1.4647 1.5544 3.5392 11.5367 0.0012 15.1352 1.9901 -0.8058
Pedestrian -1 -1 0.5386 1131.4582 129.7299 1237.0000 287.4348 1.8794 0.6636 1.0164 7.4608 1.2638 9.1490 1.2227 2.9708
Pedestrian -1 -1 1.5528 577.7393 171.0503 585.1989 192.7355 1.7468 0.5915 0.6829 -1.5949 0.9056 58.2168 1.5254 0.6116
