Car -1 -1 -1.4420 516.9238 172.6638 561.2160 208.1240 1.7763 1.7631 4.7398 -3.2651 1.3346 38.3875 -1.5269 7.6611
Cyclist -1 -1 1.9229 243.8469 163.3204 388.1433 373.0000 1.7623 0.6130 1.8015 -2.5182 1.6236 6.4370 1.5500 9.1457
Pedestrian -1 -1 -1.7534 697.5274 155.2202 795.2927 337.8805 1.7008 0.7963 0.8771 1.3595 1.4575 7.1270 -1.5649 5.4629
Car -1 -1 1.6151 583.8964 173.1225 602.1417 189.7502 1.5757 1.6156 3.7217 -0.7543 0.7822 69.9574 1.6043 1.8573
Cyclist -1 -1 1.1032 856.6515 162.0525 918.2455 243.8783 1.6272 0.5123 1.6429 5.9509 1.2417 15.1236 1.4781 0.0070
Pedestrian -1 -1 -1.1057 166.7082 160.8758 288.4547 345.2964 1.7254 0.7499 0.9184 -3.7497 1.5338 7.1832 -1.5868 4.6981
Car -1 -1 -1.3099 414.6188 163.9357 451.6083 185.9769 1.4633 1.5845 3.7056 -11.5552 0.2979 49.5643 -1.5390 1.3974
Cyclist -1 -1 1.6898 555.4393 177.9154 565.3923 199.9288 1.6921 0.5824 1.6751 -3.1743 1.4171 56.0689 1.6333 -0.2921
Pedestrian -1 -1 -1.8220 767.0369 161.0223 802.0059 234.0441 1.7632 0.6163 0.9691 4.4990 1.2699 17.8278 -1.5748 4.5752
Car -1 -1 -1.5308 623.2418 171.4587 647.2613 194.5593 1.6554 1.6311 4.0179 2.5713 0.9364 53.5456 -1.4828 0.6017
Pedestrian -1 -1 -1.7466 819.0179 161.5392 869.5102 254.5991 1.6552 0.7361 0.8834 4.4273 1.3015 13.2648 -1.4245 4.0396
Car -1 -1 1.0860 270.1737 172.2734 317.6640 193.7863 1.4711 1.5775 3.6374 -21.7851 0.8408 50.8780 0.6815 0.2648
Pedestrian -1 -1 -1.6569 652.6379 172.5600 722.0916 346.5059 1.5977 0.5936 0.8758 0.7714 1.5169 7.0398 -1.5477 2.9987
Car -1 -1 3.0142 206.2117 176.5311 390.4694 244.4167 1.4683 1.5994 3.8958 -7.2582 1.3620 17.2045 2.6150 -0.0150
Pedestrian -1 -1 -0.5582 844.0275 161.1496 897.8415 240.7352 1.6929 0.6581 0.8856 5.8411 1.2612 15.6881 -0.2018 2.7525
Pedestrian -1 -1 -1.8236 763.7222 182.4942 853.5361 342.0208 1.4242 0.6374 0.7768 1.8904 1.4356 6.8096 -1.5528 2.0241
Pedestrian -1 -1 -1.5395 561.4838 171.7118 572.9535 200.4986 1.7210 0.6672 0.8257 -2.0588 1.1366 43.3614 -1.5869 1.6355
Pedestrian -1 -1 -1.7354 573.0482 173.0083 585.4542 201.5883 1.7077 0.6242 0.8060 -1.3391 1.2011 43.3747 -1.7662 0.3688
