Car -1 -1 1.6851 545.3469 168.6737 596.0915 215.9707 2.0503 1.8388 4.7308 -1.3652 1.4952 33.5629 1.6444 5.9844
Cyclist -1 -1 1.7073 609.9964 175.5833 625.8625 210.5657 1.6593 0.5495 1.6880 0.8023 1.3796 34.9468 1.7302 2.3671
Pedestrian -1 -1 -1.7404 743.4506 166.2736 852.8442 373.0000 1.6873 0.7072 0.8398 1.4986 1.5755 5.7821 -1.4868 5.5576
Car -1 -1 1.5034 617.9478 175.0947 642.6106 198.3726 1.6868 1.5979 3.7070 2.1527 1.2232 53.9247 1.5433 5.0872
Cyclist -1 -1 1.7373 652.1020 176.6235 662.5468 197.6994 1.6315 0.5597 1.6164 4.4204 1.2546 56.4563 1.8154 1.6486
Pedestrian -1 -1 -1.6724 1012.3704 155.6886 1099.4017 315.4521 1.6914 0.7437 0.8766 5.0822 1.4195 8.1597 -1.1154 5.4900
Car -1 -1 -1.3815 433.9887 162.4488 471.2196 187.9623 1.5502 1.6145 3.8793 -9.3902 0.3934 45.5951 -1.5846 -0.6190
Pedestrian -1 -1 -1.7925 812.0872 148.3685 931.1772 373.0000 1.7505 0.7131 0.8697 2.0850 1.5071 5.7819 -1.4464 4.9250
Car -1 -1 1.2550 827.2262 144.3539 888.0684 177.4581 1.5012 1.6111 4.0456 12.4303 -0.2082 35.1145 1.5952 -0.7664
Pedestrian -1 -1 -1.1145 179.1846 171.0177 310.8372 373.0000 1.7239 0.7514 0.9157 -3.2608 1.6364 6.5530 -1.5762 4.8832
Pedestrian -1 -1 -1.8574 696.8332 174.1809 709.2252 200.5933 1.6857 0.6143 0.7066 6.5445 1.2193 46.2365 -1.7168 0.6776
