Car -1 -1 -1.4796 555.7033 174.2289 602.2219 215.5337 1.8250 1.7851 4.7332 -1.0039 1.5047 34.1530 -1.5090 5.6425
Pedestrian -1 -1 -1.8520 799.8820 155.1450 924.3666 373.0000 1.6603 0.7409 0.8405 2.0366 1.4629 5.8553 -1.5173 6.2452
Car -1 -1 1.5414 625.4695 174.0477 647.4122 195.9024 1.6426 1.5914 3.6225 2.7136 1.0831 55.8137 1.5900 3.6907
Pedestrian -1 -1 -1.1832 194.0524 162.9291 322.7346 360.3846 1.7020 0.7938 0.9136 -3.1929 1.5433 6.6686 -1.6298 5.1128
Car -1 -1 -1.5880 1076.1736 135.4630 1126.0477 176.6434 1.5149 1.5591 4.1322 20.1485 -0.2102 29.0821 -0.9821 2.3607
Pedestrian -1 -1 -1.6665 995.3819 162.4288 1075.7563 306.9722 1.6390 0.7464 0.8753 5.1802 1.4241 8.6981 -1.1293 4.3349
Car -1 -1 -0.4376 910.6193 177.2242 1100.9994 238.7577 1.4624 1.5969 3.8413 9.9763 1.3620 17.9975 0.0686 1.4164
Pedestrian -1 -1 1.9325 895.2048 165.9820 934.4266 229.3125 1.6375 0.6955 0.8696 8.3148 1.2375 19.1255 2.3426 2.7926
Car -1 -1 3.5184 366.9542 175.3073 417.1027 191.5463 1.4771 1.6272 4.1399 -19.2820 0.9142 66.3412 3.2355 0.9536
Pedestrian -1 -1 -1.7596 741.2398 177.8166 839.6167 373.0000 1.5962 0.6245 0.8438 1.4723 1.5695 5.9020 -1.5151 -0.3248
Car -1 -1 -2.7918 346.6697 152.0462 423.2023 177.0540 1.4828 1.6423 4.1662 -13.1797 -0.2766 43.8644 -3.0837 0.5751
Pedestrian -1 -1 -3.2374 671.4743 175.4135 686.5226 201.9517 1.7335 0.6405 0.9262 5.1073 1.3366 47.2454 -3.1297 -0.7991
Car -1 -1 -1.9123 829.7223 146.4399 889.7816 178.5243 1.4840 1.5712 3.8914 12.6894 -0.1544 35.5332 -1.5693 0.0683
