Car -1 -1 1.7182 411.3757 162.6774 489.4530 227.4011 1.9242 1.8303 4.8395 -4.8994 1.3658 23.8201 1.5154 8.6059
Cyclist -1 -1 1.5408 561.7373 171.0660 569.9819 192.7612 1.7135 0.6078 1.6965 -2.8335 0.8900 57.6021 1.4916 2.2192
Pedestrian -1 -1 -2.0550 801.3611 168.3954 908.4889 329.3443 1.6627 0.7792 0.9031 2.7201 1.5287 7.9240 -1.7243 6.3654
Car -1 -1 -1.5713 526.0660 172.4549 556.3093 202.5263 1.5893 1.5958 3.3142 -3.3321 1.1121 39.6800 -1.6550 3.6041
Cyclist -1 -1 1.4902 661.8273 170.6465 682.6858 221.1619 1.6425 0.5636 1.6436 2.3476 1.2907 24.1799 1.5870 1.8543
Pedestrian -1 -1 -1.7734 723.1124 166.3341 800.4929 338.2754 1.7197 0.6159 0.9647 1.6375 1.5694 7.6667 -1.5629 5.8520
Car -1 -1 1.6930 450.8847 164.1233 508.4876 213.8540 1.9443 1.8290 4.8884 -5.0962 1.2659 30.5626 1.5278 3.4212
Cyclist -1 -1 2.0339 251.3064 153.6796 285.5622 197.2814 1.6876 0.5350 1.7096 -13.2862 0.6118 28.6624 1.5998 1.4182
Pedestrian -1 -1 -2.3677 297.5535 172.6771 372.6234 280.7126 1.7226 0.7030 0.9525 -4.4730 1.5832 11.9649 -2.7255 5.7817
Car -1 -1 -1.6229 603.5621 167.6926 622.8924 183.7372 1.4785 1.6211 4.0872 1.1332 0.2065 68.2644 -1.6063 1.9165
Pedestrian -1 -1 -2.0872 628.4437 174.4123 675.0462 247.7913 1.6805 0.7307 0.9418 1.1494 1.5194 17.0310 -2.0198 4.9452
Car -1 -1 -1.4778 503.6870 173.4703 525.2347 190.4677 1.4563 1.5665 3.5355 -7.6092 0.7688 63.3322 -1.5973 -0.5142
Pedestrian -1 -1 -2.4702 1113.4831 143.5650 1227.1326 281.3992 1.6707 0.7169 0.8905 7.2302 1.2122 9.2207 -1.8052 4.5181
Car -1 -1 -1.5101 578.6561 173.5282 606.5194 196.9151 1.4768 1.6039 3.9208 -0.5369 0.9741 47.3550 -1.5215 -0.7950
Pedestrian -1 -1 -3.5199 1064.3765 144.2895 1182.4963 306.5837 1.7848 0.6490 0.9312 5.9683 1.3769 8.3244 -2.8978 4.2859
