Car -1 -1 1.6776 551.7970 168.9157 598.9014 209.8499 1.8889 1.8204 4.9240 -1.2248 1.3091 35.6661 1.6433 8.3365
Cyclist -1 -1 1.5491 652.6466 177.2966 660.7701 199.0919 1.6974 0.6020 1.6965 4.3892 1.3706 56.8051 1.6263 0.8802
Pedestrian -1 -1 -1.8245 779.4268 153.7435 901.2187 367.8650 1.7142 0.7909 0.8973 1.9781 1.4934 6.2177 -1.5165 6.6457
Car -1 -1 1.6742 617.0087 170.3245 643.1326 194.0216 1.9405 1.7586 4.6258 2.5099 1.0258 61.2344 1.7152 1.2448
Cyclist -1 -1 1.7860 401.5853 177.7814 411.9292 196.0914 1.6881 0.5832 1.7058 -18.1395 1.3457 67.0926 1.5219 0.8489
Pedestrian -1 -1 -1.7377 708.6197 150.2635 818.0883 361.3936 1.6780 0.7651 0.9237 1.3074 1.4311 6.1839 -1.5294 6.2262
Car -1 -1 -1.8418 811.2723 145.8921 863.6479 176.9847 1.4917 1.5616 3.9184 12.0900 -0.2445 37.0317 -1.5262 1.1917
Pedestrian -1 -1 -1.6046 932.5757 154.0458 995.9474 284.5753 1.7219 0.7543 0.9484 5.0123 1.3611 10.0615 -1.1424 5.4353
Car -1 -1 -1.3051 661.7281 170.9157 702.1328 197.2289 1.7657 1.7238 4.4349 5.7309 1.0561 50.5782 -1.1923 1.0590
Pedestrian -1 -1 -1.1241 197.6250 155.7717 319.3719 357.3729 1.7642 0.6801 0.9846 -3.2442 1.5404 6.7758 -1.5706 5.1979
Car -1 -1 -0.6724 0.0000 176.7278 72.3482 373.0000 1.6050 1.6699 4.3100 -7.9205 1.5728 7.2621 -1.5012 0.4979
Pedestrian -1 -1 2.1862 865.5358 157.3767 904.7138 220.6163 1.7659 0.6363 0.9085 8.0948 1.0934 20.5709 2.5611 1.4922
Car -1 -1 -1.4668 658.8189 171.4561 679.2782 187.6159 1.5393 1.6146 3.7868 6.6971 0.5829 70.4371 -1.3720 0.3565
