Car -1 -1 1.7158 465.1567 167.9862 527.1353 218.2630 1.7815 1.7321 4.4622 -3.9814 1.3037 27.6838 1.5730 6.7254
Cyclist -1 -1 1.3805 342.9699 155.4385 360.6696 188.3894 1.6711 0.5590 1.6760 -12.9723 0.3503 37.2921 1.0457 0.0239
Pedestrian -1 -1 -1.8548 854.6581 145.5902 972.8168 358.4270 1.7368 0.7175 0.9350 2.6761 1.4451 6.3644 -1.4567 6.1217
Car -1 -1 1.6450 562.0175 171.0497 584.9239 189.8328 1.4689 1.5839 3.6653 -2.2058 0.6522 58.0335 1.6070 2.2039
Cyclist -1 -1 -0.0815 1159.8707 139.8871 1237.0000 227.9820 1.7081 0.6439 1.7873 12.5454 0.9025 14.7089 0.6247 -0.1009
Pedestrian -1 -1 -1.7437 755.2783 160.3678 854.3596 362.3976 1.6816 0.7024 0.9008 1.7454 1.5071 6.4570 -1.4797 5.9634
Car -1 -1 -1.6467 602.2665 170.3941 624.1079 188.2072 1.5238 1.6292 3.9528 1.0418 0.5742 63.4683 -1.6303 1.6196
Pedestrian -1 -1 -1.1203 182.6640 165.2975 299.9710 351.1062 1.7574 0.7175 0.9618 -3.6593 1.6055 7.2778 -1.5861 5.8606
Car -1 -1 1.7949 495.0768 163.9714 548.4803 204.3177 1.9416 1.7806 4.4437 -4.0173 1.0990 36.8757 1.6864 0.3439
Pedestrian -1 -1 -1.7973 715.5652 163.7577 757.5595 239.5194 1.6881 0.7537 0.9325 3.0526 1.2940 16.4849 -1.6142 4.9725
Car -1 -1 -1.8225 632.8224 170.5498 658.4953 186.1081 1.4793 1.6051 3.8123 4.3412 0.4385 70.3195 -1.7609 0.3321
Pedestrian -1 -1 -2.7877 562.5810 168.8186 619.1373 262.8153 1.7519 0.6540 0.9219 -0.2373 1.5168 13.8466 -2.8049 4.9684
Car -1 -1 -0.4541 710.9768 153.1800 823.6131 191.9005 1.4957 1.6495 4.1280 6.6567 0.4028 29.0171 -0.2286 -0.5643
Pedestrian -1 -1 -3.5520 1122.3013 145.6374 1212.9824 261.1191 1.7124 0.6726 0.9043 8.6707 1.1820 11.0882 -2.8884 4.0763
Car -1 -1 1.5832 547.5684 171.4800 565.0462 187.6066 1.4886 1.6114 3.9469 -4.2282 0.5640 68.3159 1.5214 -0.8384
Pedestrian -1 -1 -1.9612 947.8078 179.0907 1074.8915 373.0000 1.5991 0.6690 0.7673 3.3159 1.5819 5.9628 -1.4537 -0.0962
