Car -1 -1 1.6654 533.1429 174.1324 582.3422 218.7775 1.8919 1.8020 4.7562 -1.9297 1.5806 32.8460 1.6067 6.0368
Cyclist -1 -1 2.1723 872.3278 161.8990 933.4345 230.8598 1.6645 0.5471 1.7055 7.5428 1.1926 18.0278 2.5685 0.1876
Pedestrian -1 -1 -1.8479 812.9308 155.5879 947.5620 373.0000 1.6875 0.7805 0.8868 2.1341 1.4987 5.7424 -1.4921 6.1977
Car -1 -1 1.6514 602.3533 175.3529 629.8101 201.5654 1.8128 1.6601 4.0393 1.1080 1.3884 51.7707 1.6728 4.8731
Cyclist -1 -1 -1.8131 774.6424 173.1057 820.0169 257.7364 1.7249 0.5428 1.7061 4.1624 1.5551 15.4966 -1.5507 -0.5556
Pedestrian -1 -1 -1.7424 1025.2731 156.3668 1127.7727 333.1474 1.7130 0.7450 0.8993 4.8853 1.4709 7.5181 -1.1662 5.6616
Car -1 -1 -0.8423 690.4910 183.5633 777.7607 221.0669 1.4420 1.5387 3.5715 5.4632 1.5326 29.5043 -0.6592 1.0224
Pedestrian -1 -1 -1.7606 741.4337 162.4458 856.6311 373.0000 1.6747 0.7226 0.8938 1.4945 1.5358 5.7539 -1.5065 4.9156
Car -1 -1 1.6424 534.3293 157.0137 560.3090 178.7558 1.5030 1.5990 4.0438 -3.8792 -0.2066 52.1911 1.5682 0.7364
Pedestrian -1 -1 -1.1083 161.7492 173.9930 299.7555 373.0000 1.6787 0.7775 0.9314 -3.3594 1.6171 6.4978 -1.5855 4.8808
Car -1 -1 -1.6878 647.6697 172.1852 668.8863 188.0603 1.4612 1.5774 3.6900 5.3927 0.6042 67.9889 -1.6086 0.1256
Pedestrian -1 -1 -1.1731 482.1834 184.4485 508.8787 227.8223 1.6068 0.7357 0.8309 -4.0202 1.7213 27.1682 -1.3200 3.0445
Car -1 -1 -2.7708 312.5230 156.2488 395.2939 182.2223 1.4927 1.6588 4.2894 -14.4958 0.0423 42.1940 -3.1017 0.0253
Pedestrian -1 -1 1.9400 891.9938 161.6771 936.0624 233.2153 1.7367 0.7219 0.9478 7.8147 1.2566 18.0265 2.3491 2.7494
Car -1 -1 -2.8272 405.8061 162.3685 477.4740 190.5509 1.6646 1.6569 3.9115 -9.6282 0.5354 43.4378 -3.0454 -0.1351
Pedestrian -1 -1 -1.4432 846.7208 162.7624 875.0065 220.6082 1.7219 0.7048 0.9047 7.9027 1.1652 21.9431 -1.0976 2.1089
Car -1 -1 1.0520 933.1795 150.8964 1031.5951 192.5264 1.4788 1.6065 3.8614 14.4206 0.3927 27.4721 1.5354 -0.4454
