Car -1 -1 1.6826 511.0043 171.8220 553.5752 207.8292 1.8234 1.7752 4.6516 -3.6618 1.3342 38.7144 1.5883 6.7862
Cyclist -1 -1 1.9389 291.2615 157.7559 416.3138 352.6435 1.7973 0.6158 1.8549 -2.5767 1.5797 7.5610 1.6105 8.9109
Pedestrian -1 -1 -1.6844 637.2444 163.0316 719.1964 343.9987 1.7030 0.7145 0.8594 0.6957 1.5306 7.1930 -1.5879 6.6212
Car -1 -1 -1.1772 410.7987 165.9427 453.3715 187.7061 1.4500 1.5852 3.6773 -11.6786 0.4142 49.8005 -1.4075 3.6640
Cyclist -1 -1 2.3295 772.7021 167.4393 820.8180 218.4675 1.6785 0.5825 1.6712 6.5926 1.2171 24.3092 2.5943 2.9443
Pedestrian -1 -1 -1.7536 693.2133 156.8609 784.2519 335.6690 1.7160 0.7605 0.8563 1.3236 1.4809 7.3207 -1.5747 6.3466
Car -1 -1 1.8626 385.4362 187.4640 446.0501 224.3823 1.4532 1.5445 3.5676 -7.8704 1.7238 30.6707 1.6114 2.1645
Pedestrian -1 -1 -1.0833 173.3272 154.3928 284.9950 341.2768 1.7627 0.6094 0.9991 -3.7820 1.5084 7.2747 -1.5627 5.2329
Car -1 -1 1.5766 579.2271 174.8618 596.2687 190.3047 1.4916 1.6460 4.1862 -1.3069 0.8507 71.4825 1.5583 1.8861
Pedestrian -1 -1 -1.7272 804.4885 164.8014 852.2560 254.4760 1.6598 0.7417 0.8823 4.2993 1.3520 13.7833 -1.4248 5.0109
Car -1 -1 -1.3502 616.8469 171.7506 651.4263 195.9117 1.7296 1.6823 4.3086 2.5088 1.0323 53.7195 -1.3035 -0.4519
Pedestrian -1 -1 0.9126 407.9531 171.5139 444.0840 233.8763 1.7170 0.6476 0.7815 -4.9808 1.4432 20.2712 0.6717 0.9259
Pedestrian -1 -1 -1.9520 749.2239 185.8641 838.4099 338.2600 1.4601 0.6466 0.7303 1.8884 1.5083 7.3061 -1.6991 0.7395
Pedestrian -1 -1 0.0107 553.9684 176.2025 567.0275 203.4547 1.6636 0.6091 0.7961 -2.5099 1.3410 44.1706 -0.0461 0.5357
Pedestrian -1 -1 -0.2360 615.2190 174.5508 628.6818 198.2185 1.7110 0.6095 0.8609 1.5086 1.2092 52.3129 -0.2072 -0.0163
