Car -1 -1 -1.4624 538.7472 170.4549 582.6975 206.9579 1.7561 1.7638 4.6248 -2.0289 1.2256 36.9106 -1.5173 8.2395
Cyclist -1 -1 2.2514 0.0000 141.5203 216.5774 373.0000 1.7173 0.6122 1.7292 -2.3000 1.6128 2.7692 1.5583 6.7045
Pedestrian -1 -1 -1.7206 676.8322 157.8659 774.5771 360.8451 1.7148 0.7388 0.8902 1.0467 1.5165 6.5147 -1.5613 7.0713
Car -1 -1 1.5974 604.8796 170.7003 624.2334 189.4423 1.6394 1.6440 3.9735 1.2456 0.6951 64.8529 1.6166 4.6175
Pedestrian -1 -1 -1.7888 736.7218 156.2256 848.1487 359.9157 1.7424 0.7996 0.9334 1.6738 1.5275 6.6203 -1.5412 6.6795
Car -1 -1 1.7534 403.8267 173.8476 452.6512 210.9748 1.7520 1.6916 3.8984 -8.5930 1.3918 35.8866 1.5184 2.8574
Pedestrian -1 -1 -1.2834 187.1177 160.7339 293.2135 359.8766 1.7655 0.6570 1.0084 -3.4907 1.5828 6.9208 -1.7505 5.2993
Car -1 -1 -0.7507 0.0000 184.9498 111.3917 347.2801 1.4689 1.5697 3.7737 -8.0099 1.5204 8.5133 -1.5056 1.2363
Pedestrian -1 -1 -1.4921 876.4402 155.6382 930.7845 268.3434 1.7119 0.7310 0.9788 4.8105 1.3204 11.5109 -1.0962 4.7677
Car -1 -1 -0.9038 1132.1940 163.8188 1237.0000 373.0000 1.5088 1.6152 3.8743 6.7050 1.3905 5.7490 -0.0418 -0.4824
Pedestrian -1 -1 -1.5328 583.8606 173.3029 595.8081 203.2976 1.6846 0.6495 0.7762 -0.6552 1.2250 40.7367 -1.5488 2.4720
Car -1 -1 -1.5111 647.2261 169.1498 674.4849 194.3568 1.7434 1.7139 4.2601 4.3478 0.8899 51.9118 -1.4276 -0.5670
Pedestrian -1 -1 -1.5987 595.3573 174.9901 607.1457 204.0513 1.6315 0.6455 0.7890 -0.0140 1.2668 40.7282 -1.5991 0.3718
Pedestrian -1 -1 1.4845 635.2196 170.7213 643.6678 191.7989 1.6693 0.6084 0.7629 3.0523 0.8162 57.2785 1.5378 -0.6990
Pedestrian -1 -1 0.1036 512.8746 168.2944 527.8625 200.3820 1.8648 0.6619 0.8093 -4.7439 1.0981 42.0779 -0.0087 -0.8328
