Car -1 -1 1.6856 487.6288 170.0016 542.4804 218.9279 1.8831 1.7627 4.4646 -3.5243 1.4416 29.8794 1.5681 7.4115
Cyclist -1 -1 1.5529 603.5655 175.8449 611.1346 197.5305 1.6752 0.5614 1.6982 0.4817 1.2389 56.3391 1.5615 0.5352
Pedestrian -1 -1 -1.8842 846.1023 151.4734 979.7537 373.0000 1.7565 0.7461 0.9366 2.4653 1.5316 5.9074 -1.4888 6.0407
Car -1 -1 -1.0179 1168.5551 106.3397 1237.0000 373.0000 1.8193 1.7003 4.7442 6.6238 1.4344 4.6875 -0.0630 2.8288
Pedestrian -1 -1 -1.8313 749.6197 155.7308 868.9406 373.0000 1.7230 0.7319 0.9096 1.6375 1.5267 5.9646 -1.5634 5.6992
Car -1 -1 1.9500 528.6464 169.0897 580.1139 202.7632 1.9308 1.7251 4.0506 -2.7789 1.2200 43.3788 1.8860 2.4524
Pedestrian -1 -1 -1.0516 149.9787 165.4502 288.6002 367.2962 1.7194 0.7445 0.9721 -3.5240 1.5841 6.6134 -1.5411 5.1094
Car -1 -1 -1.6092 610.6942 170.5712 629.7584 187.5835 1.5068 1.5923 3.6801 1.7241 0.5392 65.4727 -1.5829 -0.3794
Pedestrian -1 -1 -2.3838 663.9037 169.1091 720.8500 257.8784 1.7620 0.6997 0.9442 1.8357 1.5173 14.8428 -2.2608 4.6878
Pedestrian -1 -1 2.4834 1116.9732 146.0374 1194.7661 247.7075 1.7731 0.6661 0.8779 9.8686 1.1559 12.8598 3.1379 3.5141
Pedestrian -1 -1 -3.6297 1144.6820 149.0324 1235.5242 267.5405 1.8087 0.6401 0.9173 9.2457 1.3145 11.3635 -2.9467 2.8917
Pedestrian -1 -1 2.1337 889.8399 161.5052 940.6474 240.4381 1.6774 0.6697 0.8568 6.8570 1.2537 15.7808 2.5437 2.1251
Pedestrian -1 -1 -0.7198 1128.5070 133.7345 1237.0000 373.0000 1.7515 0.6350 0.8432 4.3837 1.4318 5.1503 -0.0146 1.9340
Pedestrian -1 -1 -1.9248 727.8302 168.7150 770.4622 245.6777 1.7043 0.6933 0.8647 3.3228 1.4224 16.3851 -1.7247 1.1571
Pedestrian -1 -1 -0.0106 618.7272 174.0720 633.4338 202.7509 1.7270 0.6122 0.8842 1.4954 1.2804 43.5705 0.0237 -0.7005
