Car -1 -1 1.7249 457.2799 161.5573 526.9318 217.2961 1.8335 1.7825 4.6987 -3.8631 1.1786 25.9819 1.5773 6.2548
Cyclist -1 -1 -1.8769 699.6736 166.4612 745.4617 240.8059 1.6354 0.5772 1.6226 2.7471 1.3058 16.6427 -1.7133 4.9717
Pedestrian -1 -1 -2.0435 856.4499 156.7744 976.1152 349.1624 1.7216 0.7225 0.8852 2.9376 1.5018 6.8923 -1.6406 6.6815
Car -1 -1 1.6489 555.1874 170.4872 583.6428 193.8706 1.5763 1.6897 4.0283 -2.1966 0.8346 50.4643 1.6054 3.4613
Cyclist -1 -1 1.8482 319.5462 157.5137 342.1702 192.4380 1.6738 0.6008 1.6970 -13.2906 0.5251 35.2959 1.4881 -0.0536
Pedestrian -1 -1 -1.8555 767.2048 161.4445 875.2288 354.7469 1.7045 0.7393 0.9210 1.9944 1.5290 6.7922 -1.5699 6.3829
Car -1 -1 1.6700 490.2192 166.6612 538.9669 209.4156 1.8175 1.7732 4.4710 -3.8996 1.1877 32.7866 1.5516 2.6168
Pedestrian -1 -1 -2.6266 469.5930 169.5568 534.6735 268.5779 1.7264 0.7069 0.9441 -1.8344 1.5194 13.0230 -2.7665 5.8824
Car -1 -1 -1.5429 478.2664 181.8959 538.7437 237.7104 1.4471 1.5645 3.5619 -2.6292 1.4605 20.4966 -1.6705 1.8394
Pedestrian -1 -1 -1.8953 701.8632 163.1726 743.8657 237.9444 1.6739 0.6996 0.9107 2.7568 1.2649 16.5842 -1.7306 5.5049
Car -1 -1 -1.4945 613.8655 169.7583 647.9534 198.8724 1.5879 1.6508 4.1286 1.7424 0.9483 41.3236 -1.4524 1.3241
Pedestrian -1 -1 -2.4365 922.3092 158.5086 1009.0874 280.5749 1.7154 0.6788 0.9282 5.3407 1.3936 10.6518 -1.9717 4.8514
Car -1 -1 -1.7444 595.4629 166.7766 621.7870 184.7430 1.4926 1.5958 3.9716 0.6149 0.2699 61.7646 -1.7344 0.4336
Pedestrian -1 -1 -3.5483 1107.3398 145.4150 1212.9298 281.4676 1.7546 0.6879 0.9281 7.4751 1.2906 9.7093 -2.8922 4.5479
Car -1 -1 -1.6287 632.2769 169.7058 651.1076 185.3228 1.4742 1.6038 3.7786 3.9230 0.3612 69.6960 -1.5724 -0.2932
Pedestrian -1 -1 -1.7047 159.1047 165.5088 245.4560 343.1668 1.7448 0.6783 0.9306 -4.2987 1.5891 7.6279 -2.2178 4.1811
Car -1 -1 1.1638 0.0000 193.3292 105.8189 240.4669 1.4978 1.6058 3.9647 -19.4383 1.9434 25.3263 0.5091 -0.5295
