Car -1 -1 1.7836 459.3045 162.7191 528.1612 216.7696 1.8746 1.7245 4.1332 -3.9775 1.2243 27.0303 1.6375 4.9806
Cyclist -1 -1 1.9673 498.0570 170.4871 537.1265 228.0923 1.7106 0.5751 1.7455 -2.6037 1.3847 22.2469 1.8508 5.0023
Pedestrian -1 -1 -1.7896 763.9828 155.4257 860.3637 358.4374 1.7264 0.6521 0.9303 1.8511 1.5061 6.5885 -1.5157 6.4279
Car -1 -1 1.7142 493.5900 164.8288 544.1837 207.2256 1.9349 1.8084 4.6664 -3.9661 1.1750 35.1416 1.6019 3.7707
Pedestrian -1 -1 -1.8625 855.6166 162.4524 976.1141 354.4739 1.6149 0.7843 0.8337 2.7559 1.4561 6.4960 -1.4612 6.4110
Car -1 -1 1.5569 564.0522 170.8871 585.1866 190.7795 1.4746 1.5640 3.8836 -2.0690 0.6885 55.2274 1.5195 1.6168
Pedestrian -1 -1 -1.9312 711.0819 163.7422 754.2707 240.6283 1.7068 0.6808 0.9480 2.9620 1.3138 16.4717 -1.7533 5.2089
Car -1 -1 -1.6028 602.7888 166.7009 622.2359 184.0630 1.4772 1.5810 3.7701 0.9784 0.2185 63.0131 -1.5872 0.3073
Pedestrian -1 -1 -1.2529 186.7725 177.2970 288.0642 342.2068 1.5996 0.7048 0.8624 -3.7891 1.5602 7.4449 -1.7236 4.2186
Car -1 -1 1.6165 540.6843 170.9687 559.7089 187.9971 1.5490 1.6050 3.8641 -4.7362 0.5914 67.2939 1.5462 -0.2272
Pedestrian -1 -1 -2.4733 533.2563 161.5227 595.5797 260.8876 1.8031 0.6802 0.9630 -0.7403 1.4419 13.5879 -2.5277 3.7691
Car -1 -1 2.1484 0.0000 189.3773 200.4224 318.8723 1.5109 1.6223 4.0180 -7.8469 1.6518 10.6793 1.5147 -0.2681
Pedestrian -1 -1 -3.5181 1115.8356 143.2772 1215.0766 271.3772 1.7933 0.6989 0.9509 8.1871 1.2595 10.5223 -2.8569 3.7349
Car -1 -1 -1.4822 608.5874 170.5408 641.6368 198.8811 1.6040 1.6268 3.8866 1.4514 0.9845 42.6824 -1.4482 -0.3694
