Car -1 -1 1.6948 511.7812 171.8323 566.4063 219.4810 1.9347 1.8155 4.7416 -2.6651 1.5432 31.5696 1.6106 7.6132
Cyclist -1 -1 -0.8877 874.8562 160.9807 946.7190 236.3698 1.7193 0.6234 1.7195 7.3168 1.2525 17.0544 -0.4824 2.5338
Pedestrian -1 -1 -1.8228 837.8995 144.0227 969.7667 373.0000 1.7349 0.7344 0.9441 2.2864 1.4676 5.6636 -1.4391 7.1290
Car -1 -1 1.6422 577.0460 173.4363 608.7198 205.0658 2.0066 1.7984 4.4351 -0.5121 1.4958 47.8373 1.6315 4.4902
Pedestrian -1 -1 -1.7767 746.3174 157.6007 875.3700 373.0000 1.6741 0.7980 0.9073 1.5602 1.5026 5.6730 -1.5083 5.4716
Car -1 -1 1.9862 125.1735 200.1383 303.7034 301.0224 1.4468 1.5141 3.3924 -6.6608 1.8225 12.6866 1.5027 2.8708
Pedestrian -1 -1 -1.0658 147.7669 160.1179 286.9585 371.9029 1.7434 0.7198 0.9612 -3.4255 1.5687 6.3959 -1.5575 4.9174
Car -1 -1 -0.2254 1090.2661 139.5315 1237.0000 194.9248 1.4857 1.6233 3.8493 16.5974 0.3612 20.8287 0.4474 1.1811
Pedestrian -1 -1 -3.5795 1144.9318 146.9926 1222.5438 244.6879 1.7987 0.7044 0.9360 11.0241 1.1646 13.6762 -2.9010 4.8617
Car -1 -1 -1.5699 641.9370 174.9907 669.0187 203.0238 1.7424 1.6807 4.1095 3.5241 1.3385 46.7582 -1.4947 0.8212
Pedestrian -1 -1 -2.0654 1072.4179 149.7059 1215.9259 354.0891 1.6890 0.6726 0.8997 4.7580 1.4276 6.4267 -1.4281 4.6933
Car -1 -1 2.3147 470.3890 162.8502 528.0263 187.8530 1.4905 1.5714 3.5412 -6.3191 0.3795 44.7237 2.1744 0.6232
Pedestrian -1 -1 -2.4994 730.0910 168.6938 786.2644 255.7513 1.7743 0.6741 0.9472 3.2778 1.5145 15.2158 -2.2873 2.2111
Car -1 -1 -2.8329 299.1119 149.4304 375.9886 175.5908 1.4800 1.6016 3.9116 -15.3513 -0.3514 41.9180 -3.1840 0.0194
Pedestrian -1 -1 1.4200 681.5153 178.3592 693.9497 206.5094 1.6554 0.6269 0.7438 5.1198 1.4715 42.6214 1.5396 -0.2450
Car -1 -1 2.5271 0.0000 198.6467 90.4080 373.0000 1.5049 1.6353 4.1926 -5.3743 1.6562 4.1469 1.6135 -0.2491
Pedestrian -1 -1 1.5181 641.0939 176.8531 651.7459 204.3637 1.7041 0.6223 0.7942 2.8142 1.4170 44.8936 1.5807 -0.8308
