Car -1 -1 1.6714 495.7007 159.5204 542.5232 197.9458 1.6774 1.7383 4.4148 -3.7863 0.7189 33.5717 1.5591 4.4668
Cyclist -1 -1 1.9353 325.7097 156.1799 350.4973 190.9168 1.6967 0.6066 1.6814 -13.1649 0.4609 35.9287 1.5841 2.0190
Pedestrian -1 -1 -1.9228 868.9048 158.6149 987.2138 350.3619 1.6832 0.7594 0.8499 2.9842 1.4837 6.7515 -1.5066 6.3343
Car -1 -1 1.7780 458.7260 162.8573 531.8293 218.2046 1.8384 1.7416 4.4768 -3.7753 1.2203 26.1469 1.6346 2.5738
Cyclist -1 -1 1.6156 594.8725 170.0512 603.0426 191.8094 1.6983 0.5724 1.7310 -0.1684 0.8052 56.9426 1.6126 0.9212
Pedestrian -1 -1 -1.7813 768.0600 157.3876 865.5424 355.3081 1.7333 0.6998 0.8844 1.9441 1.5235 6.7537 -1.5010 6.2582
Car -1 -1 1.6583 559.1379 172.6199 585.9591 193.8366 1.4780 1.6125 3.8390 -2.0400 0.8600 51.9943 1.6191 1.6912
Cyclist -1 -1 1.9414 482.3947 168.1718 523.9414 231.6164 1.7399 0.5791 1.7817 -2.8292 1.3755 20.6303 1.8051 -0.5009
Pedestrian -1 -1 -1.5575 174.3591 160.3889 255.0123 337.4882 1.7183 0.7057 0.9261 -4.0966 1.5148 7.5410 -2.0551 5.2038
Car -1 -1 -1.5668 612.5771 169.2947 642.2596 198.5632 1.6094 1.6324 3.8754 1.5052 0.9391 41.4669 -1.5305 0.3393
Pedestrian -1 -1 -1.7966 709.9325 163.2550 749.6529 237.6906 1.6617 0.7035 0.9394 2.9044 1.2556 16.5211 -1.6226 4.4692
Car -1 -1 -1.4550 539.2826 171.5188 561.0722 188.6756 1.5367 1.5844 3.7427 -4.6626 0.6431 66.2433 -1.5252 0.2428
Pedestrian -1 -1 -2.3979 493.9303 167.4556 557.8190 267.8622 1.7625 0.6897 0.9476 -1.4259 1.5172 13.1655 -2.5058 4.3100
Car -1 -1 -1.6342 632.3507 167.7434 651.4330 183.3269 1.4785 1.6112 3.8947 3.9648 0.1737 70.1016 -1.5777 -0.1662
Pedestrian -1 -1 -3.1223 1118.4938 146.6537 1203.9662 279.7929 1.7461 0.6458 0.9104 7.7039 1.2904 9.9551 -2.4638 4.0703
Pedestrian -1 -1 -2.4159 941.3856 156.2367 1031.8927 279.8452 1.7323 0.7324 0.9265 5.6362 1.3795 10.6264 -1.9282 3.9175
