Car -1 -1 1.7351 470.7345 164.9257 534.4367 218.2298 1.9526 1.7850 4.5772 -3.8573 1.3465 28.6253 1.6012 7.2926
Cyclist -1 -1 2.0414 521.2962 176.9250 559.3263 227.1825 1.6954 0.6126 1.7265 -2.1448 1.5421 25.1448 1.9563 0.2383
Pedestrian -1 -1 -1.8863 843.0938 151.7779 968.6575 366.9529 1.7108 0.7362 0.9304 2.5349 1.4759 6.1994 -1.4982 6.2880
Car -1 -1 -1.5812 603.7792 169.7746 622.6798 187.5343 1.5401 1.6390 4.0680 1.0664 0.5237 64.3286 -1.5646 2.0368
Cyclist -1 -1 -1.6677 594.9412 173.9622 603.9468 195.0793 1.6395 0.5516 1.6429 -0.1392 1.0548 56.6137 -1.6702 -0.2129
Pedestrian -1 -1 -1.7709 754.1048 151.5496 861.4853 366.4046 1.7189 0.7110 0.9501 1.7060 1.4806 6.2418 -1.5041 5.9711
Car -1 -1 -0.9962 97.4022 198.0780 203.2798 243.0187 1.4567 1.5784 3.6365 -16.5078 2.1108 26.4629 -1.5539 1.4135
Pedestrian -1 -1 -1.8726 718.7756 169.6031 761.9510 244.4953 1.6628 0.7305 0.9075 3.1316 1.3998 16.4382 -1.6844 5.2691
Car -1 -1 1.8659 508.7445 162.4803 557.5580 193.4281 1.6210 1.6350 3.8512 -3.7149 0.6256 39.6725 1.7726 1.2738
Pedestrian -1 -1 -3.1906 1068.4780 140.6345 1148.5262 269.7101 1.8638 0.6623 0.9578 7.6260 1.2750 10.9051 -2.5804 4.9144
Pedestrian -1 -1 -1.3060 181.2012 155.1162 287.4509 355.5109 1.7995 0.6913 0.9839 -3.5879 1.5640 7.0010 -1.7796 4.6950
Pedestrian -1 -1 -2.9696 602.2999 168.6301 655.0324 256.0409 1.6928 0.6374 0.9572 0.5118 1.4448 14.3193 -2.9338 4.4023
Pedestrian -1 -1 -3.5919 1113.9397 148.0019 1200.0694 254.4883 1.6801 0.7174 0.8915 9.0379 1.1528 11.7724 -2.9372 3.2277
