Car -1 -1 1.7456 398.2246 154.4877 482.6801 224.3914 1.9866 1.8291 4.5668 -4.9851 1.2201 22.7310 1.5298 9.1688
Cyclist -1 -1 1.2655 784.7684 142.6517 820.7656 202.0605 1.7218 0.5422 1.7447 6.0324 0.5970 21.6980 1.5367 0.2093
Pedestrian -1 -1 -1.8658 794.8918 152.2965 882.6592 314.2644 1.7431 0.6953 0.9660 2.6380 1.4302 8.2166 -1.5551 7.0871
Car -1 -1 1.5798 522.7198 166.1627 559.3313 201.3890 1.6023 1.6629 4.2619 -2.9225 0.9056 34.8589 1.4961 5.7806
Cyclist -1 -1 1.6452 558.0450 164.9600 567.5463 186.1434 1.6802 0.6376 1.7493 -3.0819 0.3688 57.8531 1.5919 -0.4239
Pedestrian -1 -1 -1.7720 711.4896 157.3169 790.6637 326.8991 1.7437 0.6605 0.9683 1.5650 1.4964 7.8694 -1.5757 6.2588
Car -1 -1 1.6874 444.9960 161.5182 499.8949 209.3111 1.7999 1.7155 4.2213 -5.1801 1.0484 29.2083 1.5119 3.8575
Pedestrian -1 -1 -1.5735 619.0842 164.5670 648.1245 239.8368 1.7266 0.6660 0.9656 0.7217 1.3394 16.9707 -1.5310 5.4922
Car -1 -1 1.7769 495.8298 179.0875 540.3452 207.9400 1.4989 1.5983 4.2388 -4.5225 1.3744 39.4995 1.6629 -0.2313
Pedestrian -1 -1 -1.8832 244.3791 164.1737 309.7085 279.3558 1.7640 0.7016 0.9435 -5.2802 1.5000 11.5838 -2.3109 4.6129
Car -1 -1 -1.5210 502.4347 166.9988 522.7918 184.3298 1.4640 1.5794 3.7236 -7.6812 0.2395 62.5914 -1.6431 -0.2997
Pedestrian -1 -1 -2.1590 766.1637 151.3756 837.1889 269.1018 1.7633 0.6577 0.9503 3.0933 1.3134 11.3111 -1.8921 4.1601
Car -1 -1 1.9794 272.5715 155.6530 353.4446 195.0515 1.4652 1.5945 3.8474 -11.4188 0.5050 28.6576 1.6002 -0.7129
Pedestrian -1 -1 1.8341 333.4477 161.0683 381.0774 261.5189 1.7939 0.6679 0.7160 -4.5174 1.4303 13.2050 1.5045 4.0822
Car -1 -1 2.0737 114.1989 165.8629 170.1831 188.9619 1.5460 1.6081 3.9026 -31.9246 0.5001 50.0753 1.5061 -0.8219
Pedestrian -1 -1 -3.7451 1067.5795 144.8453 1206.0749 321.9876 1.7426 0.6696 0.9295 5.4441 1.3834 7.4125 -3.1116 3.4283
