Car -1 -1 1.7484 398.2111 155.5167 487.4985 225.8518 1.9378 1.8447 4.9361 -4.7927 1.2231 22.2867 1.5366 11.5317
Cyclist -1 -1 1.6002 562.9399 168.1519 572.0327 189.6061 1.7018 0.6820 1.7534 -2.7046 0.6435 57.8610 1.5535 0.1269
Pedestrian -1 -1 -2.0330 783.5509 154.9829 881.3614 312.4601 1.7059 0.7375 0.9193 2.5928 1.4200 8.2913 -1.7299 6.9457
Car -1 -1 -1.5303 529.3814 172.5479 568.6457 206.2382 1.4170 1.6017 3.7253 -2.3040 1.0414 32.0968 -1.6020 7.5285
Cyclist -1 -1 1.8002 380.8262 171.1924 393.4447 193.1624 1.7148 0.5808 1.7362 -16.9594 0.9108 56.9492 1.5108 -0.1022
Pedestrian -1 -1 -1.7749 707.2562 159.0855 789.3441 323.5747 1.7086 0.7028 0.9489 1.5483 1.4771 7.9373 -1.5823 5.9321
Car -1 -1 1.6916 446.5946 157.4601 506.3581 209.1709 1.9134 1.8094 4.7801 -4.9631 1.0249 29.0085 1.5222 4.7653
Cyclist -1 -1 1.7059 502.0670 170.5717 511.4995 188.8655 1.7187 0.6582 1.7774 -8.9643 0.6923 68.3758 1.5756 -0.4634
Pedestrian -1 -1 -3.5174 1076.8398 139.1800 1223.5584 338.5670 1.8188 0.7014 0.9434 5.2627 1.4341 7.0131 -2.8737 4.8805
Car -1 -1 -1.5352 509.5550 166.8511 529.0825 184.0669 1.4473 1.5556 3.6263 -7.0607 0.2163 62.2547 -1.6481 1.6993
Pedestrian -1 -1 -1.8178 614.4522 166.2055 655.2646 237.0681 1.6275 0.7681 0.8909 0.7463 1.2774 17.0091 -1.7740 4.7015
Car -1 -1 -1.3086 559.4734 165.2042 589.8158 183.5223 1.4631 1.5726 3.8217 -2.1535 0.1620 59.4121 -1.3448 1.3771
Pedestrian -1 -1 1.4021 226.2234 170.8949 284.6040 281.5745 1.6839 0.6945 0.9199 -5.5919 1.5238 11.5023 0.9496 4.5705
Car -1 -1 -1.4173 501.6414 182.1452 541.3169 211.1162 1.4869 1.5653 3.8628 -4.2825 1.5244 38.9147 -1.5269 0.8811
Pedestrian -1 -1 2.0163 306.5431 164.8381 366.1872 271.6139 1.7440 0.6835 0.7686 -4.5095 1.4731 12.1436 1.6607 3.6534
Car -1 -1 -1.3571 579.7343 162.9319 624.8440 196.4985 1.6742 1.6090 3.7979 0.0932 0.7490 37.8530 -1.3546 -0.3387
Pedestrian -1 -1 1.4186 769.1734 160.4937 820.9949 274.7298 1.7214 0.6534 0.9001 2.9873 1.4062 11.3040 1.6770 2.2825
Car -1 -1 1.9186 273.0835 143.6597 353.5726 185.5786 1.5074 1.5915 4.1144 -11.0974 0.1477 27.9094 1.5401 -0.5396
Pedestrian -1 -1 1.7840 354.2087 161.3222 404.8427 267.4363 1.7165 0.6576 0.8108 -3.7502 1.3914 12.0498 1.4823 1.5257
Car -1 -1 -1.5284 565.2975 163.7784 596.2141 193.5867 1.6443 1.6260 3.9487 -1.1549 0.6676 41.6093 -1.5562 -0.6823
Car -1 -1 1.5440 607.5121 162.2563 626.2263 178.8890 1.4779 1.6194 4.0024 1.4391 -0.2486 66.4650 1.5656 -0.7649
