Car -1 -1 1.7923 428.9643 164.6212 550.4203 256.0879 1.7230 1.6973 4.3144 -2.3099 1.4063 15.7439 1.6466 12.9247
Cyclist -1 -1 1.8741 0.0000 156.9364 118.8788 373.0000 1.6802 0.5475 1.6957 -3.9049 1.5438 4.9178 1.2030 3.1257
Pedestrian -1 -1 -2.6714 906.9618 137.1236 1026.1652 317.7339 1.7646 0.6583 0.9249 3.7925 1.3324 7.5831 -2.2076 4.9023
Car -1 -1 1.7808 377.0773 154.3714 469.7176 227.8344 1.9238 1.7452 4.3692 -5.0965 1.2146 21.0171 1.5429 8.1376
Cyclist -1 -1 1.5223 600.9856 169.9048 608.1655 189.0395 1.6721 0.5539 1.6690 0.3069 0.6592 63.6141 1.5271 -0.4468
Pedestrian -1 -1 -1.8622 658.7323 159.8074 711.5972 252.4523 1.6892 0.7564 0.9312 1.5336 1.2949 13.6202 -1.7501 4.6734
Car -1 -1 -1.5232 575.0017 168.2123 602.9856 192.7085 1.4615 1.5725 3.6180 -0.7340 0.6695 44.6885 -1.5397 1.6498
Cyclist -1 -1 2.1188 160.4170 143.2840 203.6434 187.3682 1.7136 0.6610 1.7963 -16.8215 0.2291 28.8238 1.5905 -0.4764
Pedestrian -1 -1 -2.3461 717.9173 147.8716 785.3979 254.6965 1.7711 0.6736 0.9516 2.5606 1.2148 12.4892 -2.1439 4.4676
Car -1 -1 2.4510 0.0000 210.6848 69.7857 373.0000 1.4750 1.5781 3.6810 -4.2730 1.6737 2.9502 1.4844 -0.6355
Cyclist -1 -1 2.0439 346.2911 164.2474 382.4125 210.5626 1.6816 0.5789 1.7000 -8.9006 1.0563 26.9635 1.7251 -0.5829
Pedestrian -1 -1 -1.3087 285.5486 169.2705 333.7007 246.7814 1.6510 0.7777 0.8943 -6.4358 1.3917 15.7902 -1.6957 4.2566
Pedestrian -1 -1 -1.9100 619.8724 163.2591 667.7929 257.3767 1.7553 0.6556 0.9200 0.7711 1.4164 13.9280 -1.8547 3.7916
Pedestrian -1 -1 -3.1177 798.9886 157.5969 904.4922 346.3390 1.6928 0.6808 0.9152 2.3557 1.4798 6.9175 -2.7894 3.6720
Pedestrian -1 -1 1.1437 571.9708 160.7872 626.5846 259.7489 1.7817 0.6887 0.9595 -0.0917 1.4100 13.5099 1.1369 3.2692
