Car -1 -1 1.7401 400.1676 155.2326 484.0059 226.0060 1.9996 1.7979 4.7587 -4.9240 1.2586 22.7101 1.5265 9.2846
Cyclist -1 -1 1.6239 515.0471 185.0445 525.1184 211.0017 1.7035 0.5833 1.7322 -5.4494 1.9467 48.2624 1.5114 -0.3802
Pedestrian -1 -1 -1.8053 708.8772 157.5102 792.6203 321.6322 1.6946 0.6919 0.9515 1.5681 1.4482 7.9030 -1.6095 5.6460
Car -1 -1 1.5683 525.8281 168.2548 563.3001 203.6225 1.5702 1.6622 4.2528 -2.7161 0.9831 34.0771 1.4887 6.2460
Cyclist -1 -1 1.6197 558.8132 165.6357 567.8743 187.2901 1.7177 0.6474 1.7081 -3.0370 0.4598 57.8331 1.5672 -0.4237
Pedestrian -1 -1 -1.8720 792.1646 162.5254 886.1063 317.3523 1.6811 0.7908 0.8841 2.6516 1.4764 8.2430 -1.5607 5.0942
Car -1 -1 1.6768 445.7932 160.7798 502.1451 211.3276 1.9038 1.7929 4.5739 -5.1415 1.1244 29.3946 1.5036 5.0381
Pedestrian -1 -1 -1.8205 615.4210 164.1334 653.4848 238.8594 1.7070 0.6713 0.9873 0.7335 1.3115 16.9581 -1.7773 4.8892
Car -1 -1 -1.4888 581.2948 166.3807 618.3961 199.0960 1.6444 1.6549 3.9199 -0.0399 0.8853 38.1235 -1.4899 2.5901
Pedestrian -1 -1 -1.7157 244.9520 165.2750 300.7667 281.0140 1.7739 0.6874 0.9352 -5.3517 1.5265 11.5863 -2.1484 4.4699
Car -1 -1 -1.6140 505.5258 168.4646 525.6098 185.6371 1.4495 1.5758 3.6565 -7.4707 0.3497 62.5604 -1.7329 0.8837
Pedestrian -1 -1 -0.8597 1062.6505 146.1418 1202.5191 325.4727 1.7162 0.7022 0.9434 5.3433 1.3792 7.3211 -0.2293 4.1793
Car -1 -1 2.0879 114.1577 165.9424 170.1961 188.6956 1.5205 1.5931 3.8448 -31.8535 0.4815 49.9600 1.5203 -0.4128
Pedestrian -1 -1 -2.5854 758.0195 159.5301 833.3539 273.2580 1.7042 0.6872 0.9243 3.0170 1.3763 11.3339 -2.3252 3.7820
Car -1 -1 -0.9191 515.6446 176.3996 569.3588 199.2000 1.5085 1.5956 4.0100 -4.0135 1.1718 49.6424 -0.9998 -0.8090
Pedestrian -1 -1 1.8284 330.2281 161.3922 379.8106 261.5662 1.7547 0.6682 0.8070 -4.4891 1.4038 13.0076 1.4961 3.3935
