Car -1 -1 1.7424 458.6174 162.2673 558.6119 241.7960 1.7198 1.7066 4.4090 -2.1808 1.3051 17.7754 1.6204 12.7632
Cyclist -1 -1 2.0708 161.4061 144.3129 200.6358 187.4677 1.6722 0.6200 1.6896 -16.7850 0.2323 28.6859 1.5414 0.3831
Pedestrian -1 -1 -2.2528 631.3055 158.9599 692.3914 259.6950 1.7907 0.6789 0.9567 1.0743 1.3913 13.3533 -2.1725 5.5905
Car -1 -1 1.7588 379.9517 155.3471 475.6259 232.3475 2.0208 1.8595 4.9018 -5.0217 1.3356 21.3379 1.5277 7.9166
Pedestrian -1 -1 -2.1248 761.6697 144.2998 830.1203 260.5082 1.8084 0.6690 0.9645 3.1173 1.2308 11.7344 -1.8652 5.5425
Car -1 -1 -0.4363 847.1897 112.2293 1031.4717 171.4299 1.5146 1.6860 4.2117 9.0409 -0.2843 19.5126 -0.0024 1.3805
Pedestrian -1 -1 -1.7617 664.8488 157.6334 717.0554 259.3218 1.6899 0.7382 0.8693 1.4884 1.2946 12.3948 -1.6422 4.9581
Car -1 -1 1.9083 244.0926 167.9881 331.3654 217.2356 1.6671 1.6867 4.0538 -11.4234 1.2108 26.3957 1.4999 0.8710
Pedestrian -1 -1 -1.2571 259.7272 171.2916 312.2213 253.8516 1.6475 0.7477 0.9172 -6.5321 1.4450 14.8257 -1.6721 4.5514
Car -1 -1 -1.5109 576.9513 167.9943 606.4861 192.7089 1.4767 1.6179 3.8909 -0.5626 0.6705 44.8999 -1.5235 0.8559
Pedestrian -1 -1 -1.9300 596.6113 161.0559 652.8597 267.7571 1.7271 0.6684 0.9190 0.3400 1.3975 12.1680 -1.9020 4.1186
Car -1 -1 1.7199 434.6025 155.8099 492.4205 199.1706 1.5514 1.6114 4.0176 -5.2633 0.6333 27.7362 1.5324 0.6154
Pedestrian -1 -1 -2.9945 847.5501 146.6776 968.1731 351.0148 1.7689 0.7148 0.9547 2.8436 1.4689 6.7690 -2.5968 3.2303
Car -1 -1 1.5891 575.0273 165.0256 599.1963 189.2780 1.6859 1.6759 4.0992 -0.9861 0.5413 51.9809 1.5701 -0.2875
Pedestrian -1 -1 -2.3363 989.0916 158.1764 1120.1668 347.4044 1.7276 0.6529 0.8899 4.3723 1.5161 7.0592 -1.7818 1.3122
