Car -1 -1 1.7370 384.5373 155.7565 474.5252 227.2497 1.8887 1.8288 4.7619 -4.9999 1.2098 21.4082 1.5076 9.4398
Cyclist -1 -1 1.9003 1112.7738 137.0862 1237.0000 309.8350 1.6541 0.5555 1.6678 6.0329 1.2302 7.5581 2.5739 1.8647
Pedestrian -1 -1 -1.9835 683.9374 151.5440 774.1983 310.8083 1.7328 0.7088 0.9453 1.4144 1.4082 8.3575 -1.8159 5.7040
Car -1 -1 1.5449 516.1917 163.0817 563.6450 209.8231 1.6500 1.6763 4.1452 -2.4355 1.0009 27.5094 1.4566 9.2236
Cyclist -1 -1 1.4773 667.9883 161.1900 692.0074 216.8154 1.6023 0.5622 1.6016 2.3091 1.0184 21.4942 1.5843 0.9528
Pedestrian -1 -1 -2.0956 747.1914 154.0278 845.2854 301.1114 1.6658 0.7713 0.9462 2.2863 1.3560 8.6911 -1.8383 5.1693
Car -1 -1 1.6897 434.8071 154.1932 495.8079 209.8768 1.9763 1.7909 4.5293 -5.1915 1.0082 27.8103 1.5051 4.0339
Cyclist -1 -1 1.5779 559.3180 167.1195 566.8843 188.0394 1.6691 0.6016 1.7067 -3.0753 0.5223 58.1777 1.5250 -0.8229
Pedestrian -1 -1 -3.1716 1005.5302 128.3672 1097.4900 282.6575 1.8233 0.6554 0.9466 5.5688 1.1968 9.0069 -2.6178 5.1161
Car -1 -1 -1.5016 577.9960 168.5265 607.3827 192.8203 1.4491 1.5851 3.5953 -0.5030 0.6760 44.6844 -1.5129 3.5724
Pedestrian -1 -1 -3.5085 1068.5456 129.2632 1228.9306 350.7231 1.8015 0.6871 0.9302 4.6985 1.3780 6.2975 -2.8675 4.6420
Car -1 -1 -1.4251 582.8422 160.8048 625.6635 196.4103 1.7164 1.6382 3.9013 0.1913 0.7197 36.6772 -1.4199 2.0247
Pedestrian -1 -1 -1.6098 604.0351 161.1102 633.1456 233.7297 1.6866 0.6573 0.8563 0.3654 1.2143 17.1152 -1.5885 3.5991
Car -1 -1 -1.3415 494.4832 176.2580 530.8442 199.3036 1.4766 1.5725 3.8869 -5.8801 1.1414 48.0398 -1.4633 0.9994
Pedestrian -1 -1 -2.4250 719.1022 150.3044 794.3991 267.5939 1.7575 0.6779 0.9499 2.4010 1.2914 11.3444 -2.2164 3.5770
Car -1 -1 -1.4873 501.7387 166.8322 524.1766 184.4217 1.4471 1.5845 3.7740 -7.4559 0.2408 61.0094 -1.6090 0.8128
Pedestrian -1 -1 1.5799 202.3716 168.7361 256.2790 279.2320 1.7079 0.7517 0.9187 -6.0855 1.5119 11.6804 1.0996 2.8792
Car -1 -1 -1.4285 486.9629 192.9957 530.6414 226.8314 1.4518 1.5525 3.5550 -4.3189 2.0227 33.8238 -1.5555 0.6794
Car -1 -1 -1.5233 581.7990 163.8266 614.3544 195.0848 1.6956 1.6711 4.0257 -0.1471 0.7377 41.0115 -1.5269 -0.0056
