Car -1 -1 1.9865 0.0000 144.6964 429.9479 373.0000 1.7168 1.7192 4.3822 -2.7610 1.5340 5.8061 1.5426 10.5942
Pedestrian -1 -1 -2.5065 460.6779 147.3542 568.8891 321.5917 1.8086 0.6825 0.9822 -1.0080 1.4555 7.9913 -2.6320 5.4679
Car -1 -1 1.7552 379.6757 153.6980 473.3670 229.2884 1.9771 1.8204 4.8186 -5.0408 1.2511 21.2367 1.5221 7.5432
Pedestrian -1 -1 -2.2634 889.3392 143.6136 1004.2434 301.3683 1.7074 0.7544 0.9685 3.9308 1.2987 8.3348 -1.8227 5.3442
Car -1 -1 1.8533 331.5446 135.8642 408.4865 180.4137 1.6148 1.7166 4.4496 -9.0457 -0.0454 28.3918 1.5448 1.3649
Pedestrian -1 -1 -2.7226 507.6753 157.5782 585.6906 285.4954 1.7707 0.6626 0.9406 -0.8298 1.4409 10.4098 -2.8022 4.5232
Car -1 -1 -1.5334 500.9206 166.4954 521.3079 184.2557 1.4605 1.5812 3.7435 -7.6142 0.2271 61.0036 -1.6575 0.8841
Pedestrian -1 -1 -1.5261 591.6279 161.7310 618.4568 221.2625 1.7186 0.7566 0.8172 0.0846 1.1490 21.1609 -1.5221 4.4728
Car -1 -1 -2.5817 0.0489 185.3056 107.9748 217.8667 1.4673 1.5702 3.7500 -25.5017 1.6510 33.5403 -3.2318 -0.1741
Pedestrian -1 -1 -1.5151 565.6922 161.3454 591.1199 223.7790 1.8094 0.7092 0.8090 -0.7025 1.2264 21.2277 -1.5482 3.0142
Car -1 -1 1.5661 566.6682 161.6437 587.4559 181.0558 1.4868 1.5950 3.9237 -1.9254 -0.0361 57.1021 1.5324 -0.1792
Pedestrian -1 -1 1.8490 1149.2018 136.5227 1237.0000 312.2047 1.7145 0.6258 0.8064 6.1999 1.2769 7.4939 2.5402 2.2372
