Car -1 -1 1.8676 356.4992 161.5016 525.4064 278.1425 1.7020 1.6997 4.2179 -2.6318 1.4115 12.6569 1.6626 14.2282
Cyclist -1 -1 -1.1982 353.2160 172.4239 382.3491 214.9366 1.7642 0.5771 1.7842 -9.9884 1.3885 30.7136 -1.5126 1.9708
Pedestrian -1 -1 -3.2114 699.2167 147.8749 803.8818 332.0918 1.7711 0.6143 0.9905 1.4440 1.4492 7.2707 -3.0154 5.4633
Car -1 -1 1.7457 379.1685 149.4344 463.9162 217.1289 1.7617 1.6909 4.0305 -5.1069 0.9284 20.7587 1.5045 5.4674
Cyclist -1 -1 -1.2563 387.7623 151.4356 413.8667 192.5961 1.6947 0.5700 1.6997 -8.5010 0.4579 30.4349 -1.5287 -0.3709
Pedestrian -1 -1 -2.5298 790.9015 155.0914 893.0903 312.1275 1.6957 0.6585 0.9082 2.7260 1.4119 8.3151 -2.2130 4.6582
Car -1 -1 1.9052 254.3683 167.5512 333.4531 213.1968 1.5689 1.5925 3.5922 -11.2800 1.0906 26.5338 1.5033 -0.0484
Pedestrian -1 -1 -1.9283 622.2808 162.3437 668.8417 246.5414 1.7713 0.7219 0.9570 0.9146 1.3695 15.6730 -1.8700 4.4199
Car -1 -1 -1.6535 577.8366 161.9147 616.3003 197.4439 1.7203 1.6479 3.8118 -0.2785 0.7729 36.7519 -1.6611 -0.5601
Pedestrian -1 -1 0.7869 963.9264 123.5865 1031.6615 222.0686 1.8103 0.6589 0.9448 7.5302 0.7470 13.7475 1.2880 4.1204
Pedestrian -1 -1 -1.7735 562.5726 166.1969 604.8964 247.0537 1.6945 0.7419 0.9360 -0.4322 1.3750 15.5917 -1.8012 4.1039
Pedestrian -1 -1 -1.3588 320.0572 169.9821 361.6682 238.6554 1.6111 0.7771 0.8887 -6.3124 1.3421 17.3433 -1.7079 4.0336
Pedestrian -1 -1 -2.3184 576.9604 164.2294 631.5845 251.4803 1.6991 0.6816 0.8906 0.0152 1.3640 14.5440 -2.3173 3.9216
Pedestrian -1 -1 -2.1151 652.1886 158.5181 707.7920 253.7539 1.7817 0.6923 0.9335 1.4819 1.3530 14.0062 -2.0097 3.7099
