Car -1 -1 1.6567 498.1720 162.2085 561.1072 222.7372 1.7072 1.6147 3.6810 -2.1563 1.1642 22.1070 1.5594 10.4277
Pedestrian -1 -1 -1.8447 643.7485 158.2072 708.9893 285.4867 1.6929 0.6792 0.9249 0.9873 1.3844 10.0665 -1.7469 6.7378
Car -1 -1 1.7596 377.6520 154.2144 475.7207 230.9466 1.9986 1.8754 5.1206 -5.0350 1.2891 21.3058 1.5276 9.6105
Pedestrian -1 -1 -1.6110 592.9875 166.4121 624.1889 231.5071 1.6456 0.7713 0.8434 0.1436 1.2654 18.5908 -1.6032 6.0191
Car -1 -1 1.6805 432.2896 155.8199 493.8627 214.4152 2.0769 1.8418 4.6322 -5.2798 1.1677 27.8392 1.4930 3.5616
Pedestrian -1 -1 -1.7995 692.5089 154.0257 758.2584 278.2282 1.7144 0.7499 0.8847 1.7274 1.3365 10.3780 -1.6346 5.8420
Car -1 -1 -1.6201 553.4831 168.2483 582.6016 193.2557 1.4813 1.6090 3.8077 -2.1014 0.6971 44.5187 -1.6673 1.1728
Pedestrian -1 -1 -1.9177 677.2879 153.5744 730.2662 259.2190 1.7534 0.6148 0.9622 1.7182 1.2912 12.4545 -1.7806 5.4301
Car -1 -1 -1.5388 577.4049 161.8086 612.1147 197.1383 1.7075 1.6484 4.0842 -0.2991 0.7567 36.7764 -1.5469 0.0124
Pedestrian -1 -1 2.0414 128.2342 164.7317 224.1508 330.3146 1.7395 0.6576 0.7201 -4.7157 1.5647 7.9247 1.5047 4.5725
Pedestrian -1 -1 -3.5796 957.2772 137.8736 1109.2590 347.0486 1.7818 0.6347 0.9979 3.8076 1.4115 6.4787 -3.0482 4.3159
Pedestrian -1 -1 0.6890 864.3538 150.6595 955.7068 276.2799 1.6580 0.7191 0.9294 4.2606 1.2523 10.0565 1.0898 2.8341
Pedestrian -1 -1 1.6386 1148.0980 128.7875 1235.4638 307.3535 1.7440 0.6553 0.8781 6.1702 1.2305 7.5575 2.3232 2.2924
Pedestrian -1 -1 2.0189 188.1729 161.6850 279.8131 326.0339 1.7326 0.6551 0.7241 -4.0879 1.5251 7.9411 1.5435 1.8847
Pedestrian -1 -1 -1.6007 620.3022 166.4245 648.9116 238.1449 1.7494 0.6874 0.7404 0.7852 1.3828 17.8935 -1.5568 1.5041
