Car -1 -1 1.7047 476.0321 162.6286 561.4016 234.6161 1.7227 1.7188 4.2406 -2.1328 1.2723 19.3276 1.5948 11.9653
Pedestrian -1 -1 -1.7495 667.3037 160.3233 727.5254 268.0289 1.6686 0.8123 0.8963 1.4887 1.3418 11.5941 -1.6218 7.6710
Car -1 -1 1.7625 376.5322 159.7199 475.3809 232.2671 1.8848 1.8638 5.2168 -5.0519 1.3201 21.3047 1.5297 10.0296
Pedestrian -1 -1 -1.8151 613.3450 160.9765 673.4609 273.1056 1.6980 0.7529 0.8945 0.6068 1.3885 11.3859 -1.7618 5.9453
Car -1 -1 1.6948 433.6894 159.2555 495.8296 213.3717 1.9199 1.8005 4.6494 -5.2174 1.1318 27.8578 1.5097 5.0337
Pedestrian -1 -1 -2.4218 792.4224 143.1316 872.9934 266.8876 1.8035 0.6656 0.9853 3.5039 1.2457 11.0597 -2.1150 5.4267
Car -1 -1 1.6259 550.2582 166.7422 580.1109 193.3422 1.5680 1.6307 3.8232 -2.1893 0.6988 44.2576 1.5765 1.5178
Pedestrian -1 -1 -1.2791 245.2302 168.2107 294.8797 259.3057 1.7268 0.6474 0.9346 -6.5380 1.4762 14.1229 -1.7127 4.1405
Car -1 -1 -1.4981 577.4920 165.5260 613.9120 198.1990 1.5725 1.5893 3.6276 -0.2529 0.8046 36.4321 -1.5050 1.4906
Pedestrian -1 -1 -2.7493 1058.8100 135.8551 1210.6980 343.7941 1.7550 0.6799 0.9404 4.8569 1.3712 6.6387 -2.1177 3.9637
Car -1 -1 -1.5789 569.3930 165.2752 590.0355 185.0008 1.5113 1.5819 3.8611 -1.7180 0.2688 56.9938 -1.6090 0.5322
Pedestrian -1 -1 -1.4625 595.4718 166.1919 624.6990 230.5815 1.7344 0.7126 0.9408 0.2169 1.3232 19.8557 -1.4516 3.3020
Pedestrian -1 -1 -2.1936 887.9928 160.9873 1008.4312 353.9722 1.6519 0.6200 0.8432 3.1156 1.4777 6.6172 -1.7536 3.0716
Pedestrian -1 -1 -1.3048 351.8383 170.4910 376.4188 214.6200 1.7458 0.7431 0.8453 -9.5443 1.3113 28.8575 -1.6242 1.6598
