Car -1 -1 2.0344 0.0000 145.9736 410.9207 373.0000 1.6543 1.6912 4.2788 -2.7336 1.5137 5.0365 1.5372 11.1810
Cyclist -1 -1 1.6038 493.7688 163.6813 511.3169 207.1762 1.6657 0.6350 1.6606 -3.9134 0.9843 28.3654 1.4667 2.4144
Pedestrian -1 -1 -1.5409 593.1812 163.5884 618.8324 218.6461 1.6794 0.7753 0.8146 0.1219 1.1342 22.3292 -1.5355 6.4326
Car -1 -1 1.7700 376.1135 155.3140 470.7981 227.9682 1.8931 1.7830 4.7291 -5.1023 1.2119 21.1109 1.5329 7.4612
Cyclist -1 -1 1.4042 664.7239 162.5455 690.6728 219.2302 1.6112 0.4895 1.6617 2.2138 1.0736 21.2594 1.5080 -0.5058
Pedestrian -1 -1 -1.5353 572.1439 164.1103 596.7025 219.0259 1.6752 0.7365 0.8127 -0.5491 1.1459 22.3212 -1.5599 5.8713
Car -1 -1 1.7022 438.2901 157.8647 496.2171 203.7851 1.6260 1.6543 4.1184 -5.0782 0.7901 27.5309 1.5198 1.0914
Pedestrian -1 -1 -2.1681 856.9980 139.9455 949.8661 286.0866 1.7526 0.6485 0.9805 3.7781 1.2556 9.1581 -1.7769 5.5229
Car -1 -1 1.9718 240.3861 145.1621 333.6121 189.3956 1.4886 1.6386 4.1118 -11.3724 0.2668 26.2343 1.5628 0.7725
Pedestrian -1 -1 -2.7556 456.6438 159.7419 529.9628 282.8385 1.7521 0.6301 0.9041 -1.6350 1.4437 10.6329 -2.9082 4.0931
Car -1 -1 3.6061 119.6934 150.5512 233.2229 187.7734 1.4551 1.5659 3.6285 -17.0951 0.2463 28.9844 3.0732 0.2502
Pedestrian -1 -1 -2.4304 411.8370 156.7415 513.9297 320.1867 1.7359 0.6802 0.9150 -1.6150 1.4743 8.1481 -2.6261 4.0390
Car -1 -1 -2.1071 550.4718 164.0758 592.4775 183.2937 1.4669 1.5799 3.8369 -2.3832 0.1375 56.8668 -2.1490 -0.5083
Pedestrian -1 -1 1.3465 1141.9679 133.8418 1237.0000 311.4774 1.7458 0.6343 0.9023 6.1697 1.2788 7.6021 2.0283 3.2832
Pedestrian -1 -1 1.4076 665.8283 167.3115 691.5006 222.0965 1.5926 0.6390 0.7602 2.2526 1.1813 21.2772 1.5131 0.3059
Pedestrian -1 -1 0.6012 1148.8003 127.4368 1237.0000 296.8768 1.7487 0.6769 0.8987 6.7072 1.1921 7.9340 1.3030 -0.4908
