Car -1 -1 1.7505 449.5497 161.3367 555.6990 247.3412 1.7965 1.7477 4.3711 -2.2469 1.3766 17.2288 1.6208 11.2970
Cyclist -1 -1 1.9553 193.3437 146.3005 226.2647 189.7878 1.6907 0.5637 1.7028 -15.7022 0.3232 28.8028 1.4562 0.6766
Pedestrian -1 -1 -2.2699 747.6439 156.5261 821.7691 262.4389 1.6751 0.7758 0.9315 2.9936 1.2814 11.9472 -2.0244 5.9792
Car -1 -1 1.7629 377.3212 154.4542 472.3817 229.0777 1.9378 1.8153 4.7485 -5.0476 1.2366 21.0616 1.5277 8.7708
Cyclist -1 -1 1.5639 551.6854 168.5735 558.4605 188.2936 1.6687 0.5669 1.6822 -3.9525 0.5753 61.6426 1.4998 -0.4191
Pedestrian -1 -1 -1.9126 589.6851 157.1492 644.5054 262.5578 1.7670 0.6782 0.9503 0.2202 1.3601 12.5974 -1.8951 5.4390
Car -1 -1 1.9392 246.9713 168.0540 334.5326 217.2267 1.6707 1.6751 3.8368 -11.3009 1.2149 26.3514 1.5341 3.8153
Pedestrian -1 -1 -2.3129 623.7161 158.5956 683.1604 257.3322 1.7810 0.6543 0.9365 0.9325 1.3691 13.5245 -2.2440 5.3739
Car -1 -1 -1.5534 576.0346 156.7701 605.7161 185.1605 1.5378 1.6079 3.8456 -0.5684 0.1991 40.8314 -1.5673 1.0583
Pedestrian -1 -1 -1.3880 270.1750 171.1814 314.7514 253.6692 1.6759 0.7102 0.9119 -6.5240 1.4675 15.1153 -1.7954 4.6902
Car -1 -1 -1.5123 569.2726 164.1985 592.1515 183.4013 1.4704 1.5948 3.8019 -1.5894 0.1461 56.9278 -1.5402 0.4701
Pedestrian -1 -1 -2.9798 827.5547 139.7709 945.0018 344.9599 1.8126 0.6631 0.9533 2.6794 1.4454 6.8710 -2.6080 4.6676
Car -1 -1 1.6951 439.1828 151.7459 492.0388 194.5940 1.5794 1.6025 3.7195 -5.3150 0.4837 28.3799 1.5100 0.3337
Pedestrian -1 -1 -1.9477 663.1005 159.3140 722.1813 261.0430 1.7181 0.7348 0.9450 1.5539 1.3447 12.6790 -1.8258 4.1256
Car -1 -1 -1.5484 577.2783 162.9892 611.8201 197.9758 1.6840 1.6635 3.8941 -0.3144 0.7939 36.5316 -1.5570 -0.2564
Pedestrian -1 -1 -2.8155 969.2268 151.8970 1090.8977 332.5122 1.6679 0.6486 0.8850 4.2247 1.3959 7.1776 -2.2835 3.5420
Car -1 -1 1.6521 551.5516 165.0185 582.6292 191.2679 1.5496 1.6091 3.8816 -2.0753 0.5774 44.3698 1.6054 -0.7132
