Car -1 -1 1.9028 297.8364 149.8799 511.3398 303.0576 1.8853 1.7527 4.4829 -2.7788 1.4975 11.1482 1.6586 12.8997
Cyclist -1 -1 -1.3058 355.2849 170.9932 379.1108 210.8298 1.6993 0.5742 1.6859 -10.2708 1.2521 31.4959 -1.6210 -0.8028
Pedestrian -1 -1 -1.7673 601.3628 164.1833 641.1579 235.0786 1.6040 0.7683 0.8760 0.4167 1.2134 16.7466 -1.7424 5.0505
Car -1 -1 -1.5079 500.8606 166.7723 522.0654 184.1295 1.4300 1.5621 3.6882 -7.5921 0.2171 61.0679 -1.6315 2.9839
Pedestrian -1 -1 -1.9724 622.9059 160.6813 672.3836 247.0050 1.7324 0.7106 0.9542 0.9146 1.3159 14.9821 -1.9115 4.6544
Car -1 -1 1.7597 388.5620 151.4379 470.3808 215.9385 1.7044 1.6331 3.7433 -4.9210 0.9112 20.8841 1.5283 1.6953
Pedestrian -1 -1 -2.2004 530.0664 167.7973 583.0117 252.9556 1.7138 0.6911 0.9273 -0.9825 1.4393 15.0313 -2.2656 4.5946
Car -1 -1 -1.5301 566.4255 164.5119 597.8660 194.7038 1.6340 1.6320 3.8610 -1.0545 0.7154 40.8164 -1.5559 0.9080
Pedestrian -1 -1 -1.5606 558.9304 164.4467 594.3528 241.8859 1.7565 0.8036 0.8720 -0.6100 1.3709 16.7372 -1.5971 4.5897
Car -1 -1 3.5972 117.4222 145.4064 232.3602 182.7733 1.4592 1.5641 3.6758 -17.1491 0.0507 28.9729 3.0628 0.6828
Pedestrian -1 -1 -2.7641 649.1838 154.1349 756.7730 332.0503 1.6990 0.6916 0.9058 1.0006 1.4390 7.3804 -2.6294 3.5573
Car -1 -1 1.9008 248.9394 167.2007 333.6030 217.5227 1.7073 1.6761 3.9014 -11.2928 1.2232 26.3758 1.4963 0.4148
Pedestrian -1 -1 -2.4841 724.8863 152.4410 823.4593 305.6436 1.7457 0.6950 0.9409 2.0518 1.4159 8.7667 -2.2542 3.3136
Car -1 -1 1.6754 523.8812 165.5510 545.5426 183.1640 1.5872 1.6049 3.9125 -6.1286 0.1503 66.6948 1.5838 0.2778
Pedestrian -1 -1 1.8553 1148.2163 130.6775 1237.0000 308.4130 1.7419 0.6215 0.7498 6.1862 1.2452 7.5054 2.5447 2.6231
Car -1 -1 0.3736 286.7287 158.3192 386.7213 192.6360 1.4896 1.5804 3.8736 -11.7576 0.4843 32.0092 0.0216 -0.7763
