Car -1 -1 1.8010 420.2114 160.2471 548.4145 257.6369 1.7883 1.7385 4.3622 -2.3655 1.3993 15.4298 1.6489 13.0807
Cyclist -1 -1 1.7821 0.0000 150.2525 100.4673 373.0000 1.7309 0.6145 1.7527 -3.8991 1.5646 4.7752 1.0973 4.2856
Pedestrian -1 -1 -2.3769 712.5174 156.8195 782.4282 256.7351 1.6682 0.7608 0.9334 2.5108 1.2574 12.5909 -2.1801 6.0761
Car -1 -1 1.7834 376.8507 155.3142 473.2712 231.2647 1.9708 1.7925 4.5517 -5.0156 1.2925 20.9329 1.5483 8.3462
Pedestrian -1 -1 -1.2681 287.3900 166.4066 334.6621 247.3883 1.7364 0.7091 0.9970 -6.4589 1.4140 15.9260 -1.6534 5.6624
Car -1 -1 -1.5980 578.4826 163.2340 613.2570 198.5330 1.6996 1.6546 3.7635 -0.3342 0.8210 36.4953 -1.6071 4.6136
Pedestrian -1 -1 -2.2095 612.9579 158.1038 671.0714 254.8572 1.7998 0.6805 0.9711 0.7401 1.3658 13.9522 -2.1565 5.6463
Car -1 -1 3.6250 117.6589 147.5897 232.1170 184.8831 1.4590 1.5660 3.6647 -17.1547 0.1334 28.9750 3.0904 0.0318
Pedestrian -1 -1 -2.1412 569.1127 163.3193 626.8454 259.9519 1.7478 0.6921 0.9378 -0.1135 1.4203 13.5721 -2.1496 5.0260
Car -1 -1 1.9640 249.5772 146.4809 336.0743 189.3995 1.4833 1.6036 3.8513 -11.4004 0.2741 26.7561 1.5612 -0.5804
Pedestrian -1 -1 -1.8842 658.3238 160.7092 709.1411 251.2797 1.6803 0.7305 0.8890 1.5327 1.2958 13.8330 -1.7739 4.9293
Pedestrian -1 -1 -2.2838 902.5796 152.1762 1018.8244 326.0959 1.7221 0.6690 0.9121 3.7430 1.4331 7.6361 -1.8280 4.7202
Pedestrian -1 -1 -2.9950 779.4548 147.0908 891.4974 343.6696 1.7705 0.6926 0.9488 2.2356 1.4620 6.9870 -2.6853 4.4958
