Car -1 -1 1.8407 375.7284 163.4306 533.7035 276.7527 1.7565 1.7239 4.4341 -2.5451 1.4778 13.4124 1.6532 12.2194
Cyclist -1 -1 1.7956 1126.3769 125.6349 1237.0000 309.8083 1.7315 0.5654 1.7274 6.0645 1.2077 7.5071 2.4751 1.7202
Pedestrian -1 -1 -1.8944 632.2749 159.5299 680.2083 242.8355 1.6906 0.7431 0.9389 1.1041 1.2460 15.1220 -1.8215 5.9554
Car -1 -1 1.8217 379.0474 153.6676 474.3559 223.9888 1.8402 1.7172 4.0855 -4.9679 1.1131 20.8527 1.5878 5.2467
Cyclist -1 -1 1.8859 353.4854 174.5591 380.0566 215.4864 1.6736 0.5637 1.7079 -9.8747 1.3907 30.2251 1.5701 -0.5128
Pedestrian -1 -1 -2.9801 720.3735 156.2971 831.7707 344.1555 1.7357 0.6593 0.9842 1.6931 1.5042 7.1279 -2.7468 5.2615
Car -1 -1 -1.6600 497.1035 165.2074 519.9513 183.0431 1.4648 1.5888 3.7871 -7.8893 0.1272 61.0139 -1.7886 1.9441
Pedestrian -1 -1 -1.6528 565.0233 161.2701 601.9952 248.4414 1.7709 0.7007 0.8996 -0.4246 1.3612 15.0763 -1.6809 4.8835
Car -1 -1 1.5715 669.7567 177.0960 734.4351 236.1925 1.4442 1.5747 3.5936 2.6832 1.3378 19.4402 1.7087 0.6029
Pedestrian -1 -1 -2.5886 816.7795 151.5963 923.2908 315.3645 1.7248 0.6572 0.9214 2.9805 1.4112 8.1279 -2.2371 4.8521
Car -1 -1 3.6382 118.9793 148.4665 231.3473 185.7731 1.4615 1.5552 3.5952 -17.1524 0.1684 28.9836 3.1038 -0.2421
Pedestrian -1 -1 -1.1125 310.2865 166.4434 358.4829 242.0642 1.7319 0.7286 0.9370 -6.3239 1.3883 16.9523 -1.4695 4.4990
Car -1 -1 1.9012 247.1540 167.4961 333.4044 214.9917 1.6184 1.6814 4.1112 -11.4118 1.1423 26.5870 1.4957 -0.8271
Pedestrian -1 -1 -2.1036 599.0476 166.9618 645.1714 252.4093 1.6542 0.6399 0.7292 0.3698 1.3740 14.3783 -2.0779 4.0395
Pedestrian -1 -1 -2.3947 664.7824 157.2792 727.0042 252.7980 1.7269 0.6901 0.9483 1.7385 1.2903 13.5697 -2.2673 3.1450
