Car -1 -1 1.6518 501.4938 161.5677 562.8176 221.2858 1.7428 1.6400 3.7672 -2.1502 1.1623 22.8555 1.5580 11.0082
Cyclist -1 -1 1.6209 555.4166 168.0021 563.6902 188.6019 1.6831 0.6024 1.6867 -3.4395 0.5808 59.5358 1.5632 -0.7488
Pedestrian -1 -1 -2.0461 694.9207 154.2764 774.4122 283.1319 1.7166 0.7521 0.9383 1.8148 1.3552 10.1256 -1.8687 6.5767
Car -1 -1 1.7626 376.5253 154.4041 473.5397 231.0201 1.9897 1.8516 4.9054 -5.0534 1.2872 21.1423 1.5280 10.9737
Pedestrian -1 -1 -1.9480 650.2154 155.6347 724.2762 289.6217 1.7133 0.6923 0.9434 1.0981 1.3839 9.7284 -1.8356 6.4286
Car -1 -1 1.6938 434.3698 158.6395 495.0693 213.3023 1.9528 1.7864 4.3994 -5.2365 1.1372 27.9105 1.5083 5.0053
Pedestrian -1 -1 -1.5921 591.7119 163.3287 624.0527 230.6387 1.6762 0.8036 0.8561 0.1219 1.2249 18.3201 -1.5855 6.0931
Car -1 -1 3.5915 105.0554 144.4239 226.4988 181.8347 1.4612 1.5923 3.8948 -17.5428 0.0141 29.0298 3.0480 0.9322
Pedestrian -1 -1 -3.2239 986.3658 141.9473 1121.7067 354.4879 1.7560 0.6652 0.9693 3.9654 1.4306 6.4480 -2.6725 4.4920
Car -1 -1 1.9456 252.2557 171.4558 338.2675 218.9349 1.6406 1.6578 3.8264 -11.3085 1.2946 26.7519 1.5456 0.0067
Pedestrian -1 -1 -2.5780 878.7134 140.3675 972.0298 276.2973 1.7505 0.6912 0.9406 4.3763 1.2222 9.8313 -2.1592 4.0740
Car -1 -1 -1.5123 551.8218 169.1931 581.4483 194.1357 1.4874 1.6198 3.9597 -2.1254 0.7543 44.8227 -1.5597 -0.2503
Pedestrian -1 -1 -1.6096 618.4418 160.2625 648.3053 234.9257 1.8151 0.7061 0.9056 0.7535 1.3000 17.9142 -1.5676 3.6601
Pedestrian -1 -1 2.0176 147.3449 166.8254 238.3756 324.8238 1.7325 0.6534 0.7501 -4.7289 1.5729 8.2718 1.4982 2.7956
