Car -1 -1 1.7602 381.2269 154.5606 473.3007 227.4745 1.9246 1.7935 4.6718 -5.0492 1.2147 21.3306 1.5278 10.6064
Pedestrian -1 -1 -1.8684 680.2652 162.1467 757.9209 304.6236 1.6074 0.6978 0.8210 1.3355 1.3904 8.5576 -1.7136 6.4954
Car -1 -1 1.5628 511.5696 163.2615 560.5828 211.1541 1.6126 1.6495 4.0177 -2.4309 0.9996 26.2657 1.4705 8.7227
Pedestrian -1 -1 -1.8770 742.5105 156.8389 824.6555 299.6138 1.6708 0.7557 0.8478 2.1754 1.3836 8.8513 -1.6360 6.1846
Car -1 -1 1.6826 437.9483 156.6672 495.6346 207.1574 1.7969 1.7199 4.2955 -5.1358 0.9142 27.7661 1.4997 4.4596
Pedestrian -1 -1 -1.7100 595.0911 161.9769 630.4749 233.1786 1.6663 0.7332 0.8840 0.2290 1.2106 17.2931 -1.6967 5.5358
Car -1 -1 -1.6941 678.6559 174.5372 763.1498 239.4430 1.4752 1.6157 3.9739 2.8986 1.3182 18.3368 -1.5373 2.9884
Pedestrian -1 -1 -3.5031 1060.3038 128.7849 1220.6630 349.3968 1.7866 0.6530 0.9437 4.5966 1.3610 6.2559 -2.8695 4.8889
Car -1 -1 1.6187 575.9510 165.9499 601.5203 188.5194 1.5420 1.6285 4.0820 -0.8536 0.4802 51.1399 1.6020 1.1128
Pedestrian -1 -1 -1.3957 194.3149 168.6802 252.2933 281.7350 1.7536 0.6828 0.9522 -6.1789 1.5560 11.6970 -1.8817 4.7955
Car -1 -1 -1.2856 498.9252 166.0685 530.3960 184.1253 1.4817 1.6103 3.9465 -7.3028 0.2159 61.0206 -1.4047 0.9752
Pedestrian -1 -1 -2.0200 711.4520 158.6766 777.4503 268.3562 1.6758 0.7030 0.9220 2.2324 1.3284 11.5083 -1.8284 4.4495
Car -1 -1 1.5683 568.7431 162.5926 589.6197 181.8586 1.4817 1.6057 3.9378 -1.7566 0.0281 57.2390 1.5376 0.5500
Pedestrian -1 -1 2.1456 204.1222 166.9199 283.0370 304.0648 1.7296 0.6459 0.7147 -4.7362 1.5471 9.4474 1.6809 4.3365
Car -1 -1 -1.4713 580.2369 162.2604 619.6490 197.4561 1.7052 1.6449 3.8604 -0.0322 0.7739 36.8009 -1.4722 0.3337
Pedestrian -1 -1 -2.8639 971.1696 130.3485 1070.3828 281.5269 1.7987 0.6770 0.9396 5.2701 1.1914 9.1168 -2.3398 4.2735
Car -1 -1 -0.1160 562.8957 163.9008 605.5493 179.7986 1.4846 1.5761 3.9005 -1.6133 -0.1641 68.3554 -0.1396 0.0972
Pedestrian -1 -1 1.9403 261.7113 165.7310 328.7513 300.2596 1.7136 0.6337 0.6205 -4.0684 1.5141 9.4689 1.5344 2.9822
Car -1 -1 -1.5072 579.0412 163.2310 612.9328 195.1089 1.7211 1.6734 4.0799 -0.2633 0.7356 40.8648 -1.5136 -0.5033
Pedestrian -1 -1 1.5922 1152.4609 135.3657 1237.0000 309.8155 1.6948 0.6790 0.8780 6.1871 1.2480 7.5304 2.2800 2.7204
