Car -1 -1 1.8138 402.2887 162.8979 544.2928 263.8271 1.7214 1.7319 4.6839 -2.4286 1.4054 14.6518 1.6495 13.5563
Cyclist -1 -1 2.2994 0.0000 168.8114 117.2329 373.0000 1.6855 0.5612 1.6689 -3.8324 1.6249 4.3488 1.5770 1.3277
Pedestrian -1 -1 -2.2467 694.8637 157.4865 761.6822 259.3906 1.7586 0.7705 0.9392 2.2431 1.3455 12.9914 -2.0757 6.0602
Car -1 -1 1.8123 373.1709 154.4816 469.5765 229.2391 1.9619 1.7486 4.2706 -5.1470 1.2540 20.9856 1.5718 7.4062
Pedestrian -1 -1 -1.2461 299.1865 169.7304 345.5506 246.0545 1.6842 0.7137 0.9703 -6.3727 1.4257 16.3502 -1.6177 5.9724
Car -1 -1 -1.5769 576.7209 164.2481 607.1065 194.6453 1.6442 1.6442 3.8869 -0.5563 0.7119 40.8122 -1.5905 1.4307
Pedestrian -1 -1 -1.9785 647.0450 160.6965 698.8296 252.4234 1.7571 0.7106 0.9372 1.3739 1.3599 14.3129 -1.8828 5.4246
Car -1 -1 1.5918 554.6965 166.2710 571.8775 181.9699 1.4684 1.5735 3.7849 -3.6061 0.0443 69.1010 1.5396 1.1946
Pedestrian -1 -1 -2.0675 607.6407 163.0786 661.7165 255.3559 1.7486 0.6977 0.9468 0.6074 1.4008 14.1880 -2.0248 5.3319
Car -1 -1 -1.5111 567.8916 166.7807 590.9520 186.5917 1.5153 1.5967 3.9405 -1.6905 0.3900 56.9362 -1.5408 0.8202
Pedestrian -1 -1 -2.8914 753.9497 149.4841 868.6973 340.2059 1.7081 0.7438 0.9187 1.9989 1.4228 6.9837 -2.6127 5.3175
Car -1 -1 -1.5964 576.0228 163.2858 609.9432 196.8305 1.6145 1.6163 3.8004 -0.4802 0.7387 36.4998 -1.6095 0.0162
Pedestrian -1 -1 -1.7756 569.6687 166.6560 615.4427 256.4820 1.7070 0.7257 0.9316 -0.2264 1.4262 14.1821 -1.7916 4.4919
Car -1 -1 -1.5173 552.9403 167.8322 582.3546 192.7356 1.4805 1.6212 3.9420 -2.0562 0.6687 44.6805 -1.5633 -0.7206
Pedestrian -1 -1 -2.8938 876.6870 144.0090 986.0972 316.1918 1.7336 0.6709 0.9445 3.5270 1.3575 7.7867 -2.4685 4.4675
