Car -1 -1 1.8820 315.4383 160.1686 509.2963 300.7469 1.7942 1.6985 4.1627 -2.7472 1.5233 11.3030 1.6436 14.0344
Cyclist -1 -1 1.8479 1118.0741 134.0353 1237.0000 320.9275 1.7264 0.5352 1.7246 5.8947 1.2893 7.3506 2.5239 -0.6845
Pedestrian -1 -1 -2.0238 624.3510 163.6137 680.5533 246.4895 1.6399 0.8316 0.9251 1.0022 1.2872 14.7961 -1.9562 5.7788
Car -1 -1 1.7720 389.9781 150.4621 471.7635 207.4207 1.5090 1.5960 3.7402 -4.8897 0.6879 20.9206 1.5424 2.1922
Pedestrian -1 -1 -3.1643 661.2958 149.8272 762.0880 329.0816 1.7470 0.6324 0.9794 1.0682 1.4397 7.3711 -3.0204 5.6591
Car -1 -1 1.9195 248.3581 167.3128 335.2511 216.1912 1.6643 1.6825 3.9706 -11.3160 1.1823 26.4857 1.5157 1.2485
Pedestrian -1 -1 -1.7416 559.5638 164.5152 596.5622 241.3898 1.7239 0.7128 0.8803 -0.5853 1.3442 16.6096 -1.7769 4.8280
Car -1 -1 -1.4135 580.4255 160.9157 623.8054 196.9938 1.7310 1.6286 3.7961 0.0806 0.7443 36.4663 -1.4113 0.3752
Pedestrian -1 -1 -2.2547 535.8769 168.7589 587.6074 252.9890 1.6884 0.6698 0.8780 -0.8676 1.4343 14.9467 -2.3126 4.7463
Car -1 -1 3.6248 116.2162 146.6505 231.7534 183.9841 1.4621 1.5777 3.7044 -17.2130 0.0983 29.0141 3.0893 0.1060
Pedestrian -1 -1 -1.8400 603.5367 162.2741 645.3192 237.6787 1.6919 0.7521 0.9018 0.4871 1.2617 16.6425 -1.8107 4.1532
Car -1 -1 -2.9614 501.2013 175.5027 569.4831 200.9133 1.4585 1.5777 3.7724 -3.8502 1.1150 42.1807 -3.0524 0.0847
Pedestrian -1 -1 -2.5066 736.1355 160.9443 831.5963 311.2322 1.7000 0.6586 0.9035 2.1491 1.4688 8.6809 -2.2639 3.1630
Car -1 -1 -1.5119 569.0964 163.2492 591.7337 182.5704 1.4828 1.5765 3.8404 -1.6168 0.0827 57.0688 -1.5402 -0.6207
Pedestrian -1 -1 -1.2694 328.8831 166.5966 367.8350 236.4682 1.7210 0.7068 0.8573 -6.4107 1.3551 18.1329 -1.6092 3.0817
Pedestrian -1 -1 0.2204 985.9583 130.4233 1048.1303 225.8534 1.6875 0.6429 0.8729 7.6139 0.7856 13.2315 0.7426 1.7187
Pedestrian -1 -1 1.8803 1146.9881 146.7523 1237.0000 315.8817 1.6672 0.6122 0.7852 6.2159 1.3261 7.5485 2.5692 0.6808
