Car -1 -1 1.9056 247.9990 152.1659 490.2504 324.0720 1.8081 1.7232 4.2677 -2.8404 1.5010 9.7278 1.6215 12.3448
Cyclist -1 -1 -2.4855 463.7690 172.6310 540.5159 250.9317 1.6124 0.5840 1.6107 -2.1797 1.4310 15.4411 -2.6258 -0.0657
Pedestrian -1 -1 -1.4935 554.6938 162.2241 588.9149 232.8749 1.7152 0.7850 0.9451 -0.7621 1.2484 17.9223 -1.5360 5.4406
Car -1 -1 1.8561 335.1056 138.4130 407.6123 182.5931 1.6189 1.6258 4.1469 -9.0134 0.0411 28.4108 1.5489 0.9207
Pedestrian -1 -1 -2.8656 602.2487 156.4693 709.5036 334.4018 1.7471 0.6813 0.9761 0.5341 1.5027 7.5368 -2.7948 5.4394
Car -1 -1 0.1340 509.8374 175.4558 572.3306 198.1069 1.4637 1.6099 3.9236 -3.9360 1.0738 47.3188 0.0510 0.4425
Pedestrian -1 -1 -1.6913 583.5628 165.5046 618.2364 235.3971 1.6940 0.7666 0.8192 -0.0557 1.3075 17.8616 -1.6945 4.9549
Car -1 -1 1.4499 564.0587 161.6865 589.8796 180.9655 1.4667 1.5951 3.7207 -1.9398 -0.0432 56.7176 1.4157 0.4170
Pedestrian -1 -1 -2.3771 478.8534 171.0454 532.8498 251.0721 1.6619 0.7170 0.9098 -2.0956 1.4461 15.4730 -2.5117 4.1743
Car -1 -1 -1.3564 385.6855 149.6281 469.6829 209.8818 1.6440 1.6534 3.8908 -5.1289 0.7756 21.5584 -1.5900 -0.3587
Pedestrian -1 -1 -3.6549 1122.5561 124.1564 1237.0000 341.5729 1.7769 0.7158 0.9153 5.2249 1.3096 6.3019 -2.9626 3.7316
Car -1 -1 1.6043 381.6274 139.4495 420.4969 178.0168 1.5874 1.5394 4.0768 -8.9139 -0.1653 32.1167 1.3335 -0.5557
Pedestrian -1 -1 -2.8376 669.5708 158.2244 760.8613 302.2217 1.7521 0.7280 0.9953 1.4315 1.4702 9.2841 -2.6846 3.2261
Car -1 -1 3.5963 117.1239 150.2136 234.4764 187.8549 1.4700 1.5891 3.7620 -17.1203 0.2492 28.9909 3.0629 -0.6488
Pedestrian -1 -1 -2.1936 591.2116 161.9257 642.1921 242.3233 1.7232 0.7126 0.9501 0.2966 1.3048 15.9867 -2.1750 3.1637
Car -1 -1 -1.5290 572.6607 167.4527 600.8017 192.3158 1.4779 1.5922 3.7954 -0.8712 0.6437 44.6120 -1.5485 -0.7645
