Car -1 -1 1.7888 333.5461 161.0195 523.7161 324.4376 2.0680 1.8592 4.9246 -2.4979 1.8101 11.5545 1.5759 11.2854
Pedestrian -1 -1 -1.6719 757.0471 181.7344 780.9439 234.0178 1.7220 0.7097 0.7075 5.5805 1.7310 24.0552 -1.4439 5.3970
Car -1 -1 2.1341 0.0000 90.8416 420.8654 373.0000 1.9816 1.8069 4.6156 -2.8377 1.6614 4.8855 1.6079 9.4171
Pedestrian -1 -1 -3.7379 1046.6795 144.3978 1158.7126 312.5055 1.8399 0.6887 0.7997 5.6536 1.4352 8.2066 -3.1346 2.5342
Car -1 -1 -1.6473 655.8916 184.6356 692.4086 220.1682 1.8804 1.7344 3.9422 4.0334 2.0660 40.3521 -1.5476 7.7596
Pedestrian -1 -1 -3.4191 679.9391 184.2129 713.2943 240.6785 1.7150 0.6460 0.8790 2.9133 1.8015 22.2356 -3.2889 1.8320
Car -1 -1 -2.8429 330.9096 136.8196 473.5326 183.5236 1.4405 1.6361 4.1091 -6.3394 0.0635 23.0325 -3.1115 2.8508
Pedestrian -1 -1 -0.6238 1082.7086 149.0960 1187.9597 322.9154 1.7693 0.6728 0.6220 5.6132 1.4408 7.6486 0.0093 0.3094
Car -1 -1 -1.5522 559.3796 192.1416 584.9094 216.8396 1.4249 1.5249 3.4411 -1.7855 2.1132 44.6720 -1.5921 2.7546
Pedestrian -1 -1 -1.4895 571.3867 193.0780 582.7004 217.7166 1.4586 0.6216 0.7766 -1.4642 2.1638 43.3024 -1.5233 0.2267
Car -1 -1 -1.5665 682.7224 194.6414 729.3355 238.5718 1.4821 1.6464 4.1170 4.0118 2.0289 27.6786 -1.4226 1.5799
Pedestrian -1 -1 -0.6970 1137.4357 148.1989 1237.0000 337.1595 1.7574 0.6517 0.6180 5.7348 1.4491 7.0075 -0.0111 0.0835
Car -1 -1 2.2421 0.0000 154.5627 125.3755 206.6966 1.4897 1.6566 4.2727 -17.3262 0.7211 22.6749 1.5896 -0.1479
Car -1 -1 -1.5696 724.4121 182.0681 751.3473 206.2770 1.4826 1.6294 4.1233 8.7930 1.5215 46.2664 -1.3818 -0.6298
