Car -1 -1 1.8081 360.4051 152.1305 493.1722 250.9709 1.9926 1.8666 5.1279 -3.9454 1.4018 17.0522 1.5807 12.6163
Pedestrian -1 -1 -2.7258 994.8317 135.5521 1163.0943 371.7347 1.7360 0.7071 0.9409 3.8255 1.3997 5.8645 -2.1478 5.9560
Car -1 -1 1.7137 446.5096 158.1659 521.3208 226.6345 2.0478 1.8101 4.4890 -3.7918 1.3510 23.7395 1.5553 9.0166
Pedestrian -1 -1 -1.4598 509.8874 169.9588 541.9784 227.9383 1.6207 0.8231 0.8595 -2.1762 1.2992 20.5087 -1.5655 4.6161
Car -1 -1 -1.5829 612.2948 170.9371 637.5378 194.1254 1.4675 1.5973 3.8054 1.5312 0.7997 47.3765 -1.5506 3.4137
Pedestrian -1 -1 -2.6850 61.5834 179.2265 161.1282 308.7239 1.7959 0.6817 0.9890 -7.0912 1.7657 10.3672 -3.2849 4.5401
Car -1 -1 -1.8126 642.4864 170.3059 672.4236 189.2334 1.5055 1.6022 3.7379 4.6003 0.6156 59.1073 -1.7349 1.4459
Pedestrian -1 -1 -3.4193 774.0487 158.7240 875.8618 320.7274 1.8004 0.6293 0.9858 2.5138 1.5486 8.3029 -3.1253 4.4227
Car -1 -1 -1.5738 607.8813 166.2857 631.1027 190.1656 1.6797 1.6334 3.8049 1.3264 0.6102 52.4462 -1.5486 0.8077
Pedestrian -1 -1 1.8014 170.4538 180.9575 263.9756 333.5878 1.6248 0.7537 0.9110 -4.3906 1.6204 8.1820 1.3089 3.7017
Car -1 -1 -0.5814 919.7059 173.2952 1210.9299 266.5602 1.4618 1.5936 3.8903 7.6136 1.3345 12.0907 -0.0194 0.5853
Pedestrian -1 -1 3.7518 0.0000 200.6248 119.8220 373.0000 1.7478 0.6644 0.8026 -4.0449 1.8928 5.0306 3.0745 0.8866
Car -1 -1 -1.6823 638.2408 166.8736 661.5231 184.8737 1.5769 1.6596 4.0071 4.3846 0.2960 64.9642 -1.6150 0.5428
Pedestrian -1 -1 2.2661 607.9396 170.3062 647.6479 228.7274 1.6537 0.7304 0.9298 0.7413 1.3380 20.9208 2.3015 0.2889
Car -1 -1 -2.2700 0.0000 168.8017 57.2816 361.1713 1.6229 1.6216 3.8831 -7.8280 1.5171 6.9153 -3.1173 -0.2752
Car -1 -1 1.5078 245.0044 179.1796 309.1813 232.7163 1.5354 1.5933 3.8050 -10.3140 1.4700 22.6521 1.0805 -0.5469
