Car -1 -1 2.0409 0.0000 102.8237 467.1964 373.0000 2.0137 1.8188 4.7461 -2.8009 1.5514 6.6639 1.6431 10.9601
Cyclist -1 -1 1.0479 642.1335 173.1023 657.2759 191.0358 1.7154 0.6641 1.7790 4.7155 0.9125 69.6541 1.1155 -0.3642
Pedestrian -1 -1 -1.6569 752.6185 167.8635 774.7910 218.2415 1.7237 0.6807 0.8575 5.6278 1.2582 25.0459 -1.4359 3.7355
Car -1 -1 1.7825 382.8940 161.2058 540.5359 294.4094 2.0018 1.8227 4.7756 -2.3524 1.6981 13.2111 1.6063 9.6703
Pedestrian -1 -1 -1.6579 551.1341 177.4917 561.9476 203.0150 1.6336 0.6321 0.7658 -2.8947 1.3777 46.3985 -1.7202 1.0191
Car -1 -1 -1.6302 660.0168 172.0955 694.6182 206.6588 1.9228 1.7625 4.1263 4.3943 1.4005 42.0608 -1.5261 6.0423
Pedestrian -1 -1 -3.7253 1078.3726 188.1464 1236.8213 373.0000 1.5818 0.6493 0.7744 4.3756 1.6398 5.7649 -3.0761 0.5345
Car -1 -1 2.3418 0.0000 140.1870 37.0029 205.1321 1.5977 1.6049 3.7088 -17.6945 0.5826 19.5511 1.6063 3.0892
Pedestrian -1 -1 -0.1409 684.2656 175.0677 710.6853 226.0593 1.6678 0.6251 0.7865 3.1528 1.4585 23.8087 -0.0092 0.1520
Car -1 -1 -1.6661 648.7448 183.0017 674.4987 203.4076 1.4771 1.5720 3.8373 4.5268 1.5950 54.2046 -1.5828 0.1946
Car -1 -1 -1.3808 756.9805 165.8042 781.4253 181.9106 1.5247 1.6111 3.9316 16.4447 0.0392 70.1209 -1.1504 -0.1654
Car -1 -1 0.2251 405.7890 142.8912 496.9049 176.6871 1.4913 1.5741 3.8137 -6.8092 -0.2241 32.7562 0.0202 -0.2566
