Car -1 -1 1.8471 389.5904 136.2785 557.3127 270.4131 2.0828 1.8457 4.7576 -2.2038 1.3819 13.6209 1.6867 8.4714
Pedestrian -1 -1 -2.3600 872.3620 155.5571 1042.5773 373.0000 1.7102 0.7397 0.9537 2.7127 1.5281 5.6522 -1.9125 4.6590
Car -1 -1 1.7258 504.8687 149.6132 590.8077 228.1130 1.9473 1.7404 4.2476 -1.4015 1.1575 20.0072 1.6559 4.3519
Pedestrian -1 -1 3.1068 597.1654 157.0360 638.9481 237.5801 1.8272 0.6235 0.9426 0.3400 1.2734 16.6117 3.1273 3.9604
Car -1 -1 -1.6436 687.9032 162.7040 717.3300 190.0001 1.7667 1.6777 3.9380 6.8030 0.5509 48.5114 -1.5043 2.8294
Pedestrian -1 -1 1.5868 566.5709 160.8755 604.2230 254.7306 1.7217 0.6907 0.8805 -0.3386 1.3446 13.6177 1.5620 3.0619
Car -1 -1 -1.7618 719.7195 162.3566 751.6041 182.1580 1.4982 1.6691 4.3161 10.5350 0.0504 56.5123 -1.5775 0.5142
Pedestrian -1 -1 -3.3336 602.8652 161.5530 643.7834 233.8778 1.7414 0.6414 0.8993 0.4980 1.2623 17.6832 -3.3055 2.8143
Car -1 -1 -1.5163 605.5482 169.2107 629.9074 189.7251 1.4618 1.5993 3.7909 1.2538 0.5867 53.1344 -1.4927 0.1849
Pedestrian -1 -1 -1.7163 758.5195 158.6453 779.6765 202.1253 1.6981 0.7034 0.8246 6.6262 0.8066 28.4927 -1.4878 2.4281
Pedestrian -1 -1 -1.6972 688.6300 163.6629 699.8264 189.3141 1.6578 0.6322 0.7563 6.0514 0.5057 46.8009 -1.5686 -0.3369
