Car -1 -1 1.8198 365.3774 154.4667 497.7214 252.5874 1.9554 1.8256 4.8712 -3.7806 1.4179 16.7724 1.5981 9.0478
Pedestrian -1 -1 -2.7244 993.3961 134.6240 1166.8007 373.0000 1.7500 0.6912 0.9635 3.7676 1.4135 5.7678 -2.1458 5.7479
Car -1 -1 1.7200 448.7431 158.6349 527.0681 225.8017 1.9659 1.8190 4.7812 -3.5963 1.2978 23.4158 1.5676 6.5242
Pedestrian -1 -1 2.0148 141.7864 167.8698 255.6054 338.8080 1.7118 0.7301 0.9432 -4.3201 1.5766 7.6861 1.5027 5.2190
Car -1 -1 -2.3813 1202.9954 56.2735 1237.0000 169.0006 1.5560 1.6575 4.2437 13.0508 -0.2535 12.5094 -1.5747 2.8251
Pedestrian -1 -1 3.3697 38.6534 180.1080 130.2112 304.7141 1.6638 0.7181 0.9074 -7.2806 1.6466 10.0955 2.7449 4.5277
Car -1 -1 1.8149 378.8462 127.3802 446.6485 169.9982 1.4691 1.6027 4.1017 -7.2592 -0.4792 27.9302 1.5606 2.6324
Pedestrian -1 -1 -2.0465 789.9364 150.4967 883.4818 319.9263 1.7819 0.6154 0.9777 2.5730 1.4572 8.0854 -1.7384 4.4264
Car -1 -1 -1.5838 617.1701 167.0976 640.1721 189.2685 1.5495 1.6071 3.6668 1.9624 0.5436 52.0525 -1.5461 2.1990
Pedestrian -1 -1 2.7421 606.0532 166.0937 645.8867 227.6471 1.7237 0.7279 0.9322 0.6698 1.2934 20.6199 2.7746 4.0619
Car -1 -1 1.9034 365.4947 163.4847 399.1723 181.6261 1.4748 1.5395 3.8369 -18.3329 0.0108 60.3400 1.6084 0.8302
Pedestrian -1 -1 2.9143 591.3106 167.3889 625.1749 224.9071 1.7393 0.6595 0.9176 0.1771 1.3137 22.1411 2.9223 3.7304
Car -1 -1 2.5390 917.5835 160.0577 1213.6810 258.5222 1.5159 1.6073 3.9223 7.5244 1.1871 11.9379 3.1014 0.4526
Pedestrian -1 -1 1.7320 513.9832 165.0357 543.6122 227.6514 1.6998 0.6849 0.9083 -2.0415 1.2540 19.9711 1.6302 2.0265
Car -1 -1 -1.5697 670.7360 169.3230 693.2071 190.5973 1.5081 1.5855 4.2056 5.9694 0.6455 53.0977 -1.4578 0.4221
