Car -1 -1 1.7539 372.8009 165.4309 469.5659 242.5022 1.9578 1.8341 4.8524 -5.0626 1.5508 20.7190 1.5143 9.8592
Cyclist -1 -1 1.7241 491.9429 177.7187 515.3089 223.3595 1.6715 0.6292 1.6772 -3.7036 1.5340 27.1485 1.5885 5.4404
Pedestrian -1 -1 -2.0845 777.4791 159.3118 852.7282 288.9050 1.8162 0.6751 0.9642 3.0922 1.5066 10.6111 -1.8009 5.9802
Car -1 -1 2.1994 0.0000 138.2872 359.9133 373.0000 1.6356 1.6806 4.2560 -2.7184 1.5567 3.4880 1.5373 8.6084
Cyclist -1 -1 0.8905 1154.6498 135.9607 1232.0804 206.4231 1.6790 0.5594 1.6766 14.7181 0.5951 17.9542 1.5772 -0.6186
Pedestrian -1 -1 -1.6162 597.2950 173.9062 620.6768 225.4954 1.7055 0.7466 0.8657 0.2230 1.4556 24.1916 -1.6070 5.7485
Car -1 -1 1.6871 428.2877 169.1688 490.4847 225.9127 1.9775 1.8032 4.5556 -5.3316 1.5488 27.3709 1.4947 4.2791
Cyclist -1 -1 1.5037 594.8961 172.3107 602.3692 190.7314 1.7108 0.5855 1.7544 -0.2295 0.8577 67.6086 1.5003 -0.7983
Pedestrian -1 -1 -1.5947 577.4349 177.0893 596.6561 228.3441 1.6784 0.6199 0.7591 -0.5089 1.5351 23.9138 -1.6160 4.1860
Car -1 -1 -1.6798 568.5749 181.1961 600.7165 206.0433 1.4625 1.5821 3.6460 -1.0664 1.4454 44.1897 -1.7039 1.9641
Pedestrian -1 -1 -2.7083 999.8565 147.3217 1110.6569 303.2231 1.7655 0.6793 0.9384 5.4418 1.3798 8.7108 -2.1499 3.8245
Car -1 -1 3.4582 113.5963 155.9452 227.5543 194.3674 1.4631 1.5683 3.5701 -17.0272 0.4910 28.5081 2.9197 -0.0969
Pedestrian -1 -1 1.7457 490.6972 177.5823 513.3044 221.2766 1.6265 0.7245 0.7698 -3.7708 1.4817 27.1343 1.6076 2.5393
Car -1 -1 1.0087 352.3917 146.2613 427.4808 179.0845 1.4862 1.6116 3.9652 -10.2696 -0.1223 34.7207 0.7212 -0.5833
Pedestrian -1 -1 -2.6035 309.6724 174.5842 409.6757 336.5529 1.7283 0.6548 0.8511 -2.7492 1.6559 8.0713 -2.9318 2.4725
Pedestrian -1 -1 2.9130 355.9479 176.6909 406.3223 257.0049 1.7038 0.7044 0.9207 -4.8772 1.6030 15.7722 2.6131 2.1723
Pedestrian -1 -1 -3.8144 1146.3658 136.4602 1237.0000 318.9490 1.7296 0.6412 0.8858 6.0554 1.3041 7.1395 -3.1110 2.1141
Pedestrian -1 -1 3.4152 328.8403 171.1064 401.7474 295.1970 1.7470 0.6698 0.8623 -3.4676 1.6020 10.4651 3.0952 0.4602
Pedestrian -1 -1 -2.1951 992.3113 162.6472 1064.1065 277.2742 1.6354 0.6076 0.7167 6.2568 1.3677 10.6308 -1.6631 -0.4606
