Car -1 -1 1.8033 364.9536 170.5472 479.4175 256.3745 1.9303 1.7946 4.7378 -4.4673 1.6852 18.5259 1.5667 8.7076
Cyclist -1 -1 1.8151 502.1695 177.0630 533.2898 231.7292 1.7382 0.6177 1.7594 -2.7749 1.5982 23.7494 1.6988 3.7323
Pedestrian -1 -1 1.4008 249.4985 185.4266 308.2015 298.6353 1.7038 0.6990 0.9474 -5.1885 1.7708 11.4374 0.9749 5.2863
Car -1 -1 1.7130 432.4215 172.0941 504.3260 233.9670 1.9627 1.8175 4.7260 -4.5677 1.6654 25.1788 1.5336 7.6054
Cyclist -1 -1 2.3168 0.0000 130.4139 232.9679 373.0000 1.6753 0.5435 1.6757 -2.0283 1.5653 2.4140 1.6180 0.1005
Pedestrian -1 -1 -2.5532 1010.2789 146.5754 1162.7432 347.7439 1.7513 0.7281 0.9598 4.5349 1.4487 6.8343 -1.9673 4.4935
Car -1 -1 1.7333 451.9825 158.8911 485.0685 181.0791 1.5705 1.6960 4.5663 -9.7790 -0.0320 53.2321 1.5516 3.0521
Pedestrian -1 -1 -1.7903 590.0920 175.0978 616.6613 230.0414 1.7191 0.6638 0.9210 0.0289 1.5199 22.9946 -1.7891 4.1876
Car -1 -1 -1.5213 588.1803 174.6923 612.1725 196.5803 1.5937 1.6242 3.9062 -0.0439 1.0986 54.2898 -1.5222 2.3027
Pedestrian -1 -1 -1.1787 332.3703 187.6502 371.7631 248.9109 1.5910 0.7508 0.7846 -6.6700 1.7596 19.1484 -1.5139 4.1069
Car -1 -1 1.7668 433.3788 153.3213 470.7489 177.8367 1.4582 1.5781 3.8983 -9.3562 -0.2401 45.2660 1.5630 1.5314
Pedestrian -1 -1 -3.1948 765.9288 156.7843 846.0609 305.5960 1.8478 0.6478 0.9637 2.5900 1.5422 9.3370 -2.9242 3.8907
Car -1 -1 3.6688 94.3692 148.1689 227.0048 190.9140 1.5490 1.6510 3.9409 -16.4449 0.3422 26.8965 3.1200 -0.3877
Pedestrian -1 -1 -2.2411 1060.5576 136.5366 1146.2899 248.5497 1.6427 0.7088 0.8309 7.6004 0.9846 10.9695 -1.6352 3.4551
Car -1 -1 1.7003 469.5989 182.6088 511.9768 215.4073 1.6157 1.6646 4.2228 -5.7427 1.6780 37.6556 1.5489 -0.6689
Pedestrian -1 -1 -2.3271 99.8434 173.0160 259.8529 373.0000 1.7597 0.6871 0.9477 -3.5434 1.6958 5.9858 -2.8616 2.8684
Pedestrian -1 -1 -2.3108 611.9289 177.3755 646.8293 232.0903 1.6901 0.6814 0.8908 0.8554 1.5638 22.7468 -2.2733 2.4139
