Car -1 -1 2.0718 0.0000 152.0456 397.5892 373.0000 1.5951 1.6401 4.2174 -2.6679 1.5007 4.4717 1.5338 10.9291
Pedestrian -1 -1 -1.5593 577.1107 168.5774 600.2918 220.4350 1.6583 0.7413 0.8262 -0.4365 1.2462 23.3842 -1.5779 5.1848
Car -1 -1 1.7688 377.5818 156.3927 472.8348 230.8433 1.9442 1.8197 4.6738 -5.0551 1.2897 21.1249 1.5339 8.0644
Pedestrian -1 -1 -2.5995 400.2947 160.3444 480.9455 285.2260 1.7731 0.6732 0.9600 -2.4233 1.4740 10.6665 -2.8229 4.6491
Car -1 -1 -1.5788 1207.0507 183.3289 1237.0000 373.0000 1.5073 1.6231 3.9698 5.2987 1.5255 4.6703 -0.7305 3.3651
Pedestrian -1 -1 -2.1101 812.6486 144.3842 898.2787 274.0101 1.7107 0.7268 0.9732 3.4779 1.2222 10.0276 -1.7762 4.3627
Car -1 -1 1.6487 366.4666 133.4977 411.3178 170.8185 1.4876 1.6041 4.1143 -9.4307 -0.5082 32.0561 1.3626 3.1077
Pedestrian -1 -1 -1.5997 597.4002 164.0218 618.9946 217.6182 1.7132 0.6756 0.9107 0.1881 1.1556 23.4211 -1.5916 4.2785
Car -1 -1 -1.7670 620.4067 151.5855 663.0820 179.8891 1.4964 1.6255 4.0406 2.2064 -0.0944 40.3335 -1.7123 1.6093
Pedestrian -1 -1 -2.2347 364.1604 157.6007 464.8718 322.3075 1.7617 0.6782 0.9442 -2.1925 1.5074 8.2358 -2.4948 3.6503
Car -1 -1 -1.4726 568.7622 167.4984 593.4967 186.7023 1.4664 1.5935 3.7851 -1.5510 0.3978 56.7921 -1.5000 1.1842
Pedestrian -1 -1 -3.2882 1145.1561 130.6733 1237.0000 305.4112 1.7117 0.6334 0.8126 6.1906 1.2152 7.5150 -2.5992 2.1343
Car -1 -1 3.5734 119.8706 152.9261 234.5739 193.8484 1.6036 1.6029 3.6742 -17.1415 0.4849 29.1270 3.0415 1.1652
Pedestrian -1 -1 0.6502 1071.4473 148.4127 1179.0968 296.2431 1.6573 0.6181 0.8280 6.1568 1.2877 8.5365 1.2750 1.4320
Car -1 -1 1.6862 432.7650 159.3042 492.3350 212.8003 1.9038 1.7486 4.6203 -5.3214 1.1150 27.9295 1.4980 0.7962
Pedestrian -1 -1 -1.5881 426.0622 163.8993 457.5059 242.3951 1.7432 0.6851 0.9368 -3.7085 1.3535 16.4858 -1.8093 -0.3921
Car -1 -1 -1.5216 574.0544 168.8843 599.0429 190.6830 1.4913 1.5968 3.6879 -1.0110 0.6289 51.0086 -1.5414 0.0403
