Car -1 -1 1.8178 359.9691 146.6171 481.8178 240.5348 2.0082 1.8171 4.5572 -4.2766 1.2635 17.6437 1.5800 9.0680
Cyclist -1 -1 2.0808 50.7053 141.6754 104.3673 197.3194 1.7095 0.6246 1.7263 -16.7409 0.4871 22.9611 1.4508 0.2104
Pedestrian -1 -1 3.6041 156.9824 160.4807 238.6676 274.1953 1.7708 0.6416 0.9587 -6.5022 1.4448 11.5283 3.0906 5.7431
Car -1 -1 1.7253 437.1872 152.4606 511.5338 216.9414 1.9732 1.7795 4.6032 -4.2029 1.0857 24.2957 1.5540 6.6907
Pedestrian -1 -1 1.5559 223.7788 164.2830 285.2194 299.1887 1.7199 0.7184 0.9485 -4.7552 1.5018 9.7410 1.1018 4.5442
Pedestrian -1 -1 -3.0317 1031.8654 147.0956 1175.3823 371.1474 1.7461 0.6981 0.9429 4.2587 1.4794 6.1682 -2.4274 4.0753
Pedestrian -1 -1 -3.5281 762.6938 149.9628 856.6038 297.5045 1.7069 0.6639 0.9051 2.4537 1.3434 8.6881 -3.2529 3.6854
Pedestrian -1 -1 -1.9669 591.7023 161.2844 622.8979 216.7084 1.6995 0.6773 0.9174 0.1510 1.0807 22.5766 -1.9602 3.4402
Pedestrian -1 -1 -2.2629 7.1864 151.7005 189.0803 373.0000 1.7166 0.6724 0.9028 -3.7231 1.5175 5.2741 -2.8776 3.1891
Pedestrian -1 -1 1.6525 508.5472 160.5076 533.8878 216.7423 1.7043 0.7115 0.8815 -2.5010 1.0692 22.2196 1.5405 2.4342
