Car -1 -1 2.0397 0.0000 128.2574 406.1453 373.0000 1.7170 1.6994 4.3094 -2.6901 1.5280 4.7580 1.5251 9.6044
Pedestrian -1 -1 -1.4843 572.9509 163.7620 598.5534 217.7179 1.6828 0.7484 0.8059 -0.5182 1.1307 22.8274 -1.5070 6.1321
Car -1 -1 1.7608 381.4549 154.1599 471.8964 226.4561 1.8863 1.7486 4.4354 -4.9954 1.1742 20.9937 1.5272 8.3994
Pedestrian -1 -1 -1.4876 597.4837 161.0449 621.9493 217.6724 1.7601 0.7059 0.9065 0.2436 1.1254 22.8089 -1.4769 6.0644
Car -1 -1 1.6843 434.4880 155.9337 493.1883 211.9261 1.9927 1.7547 4.2315 -5.2439 1.0839 27.7360 1.4975 1.6168
Pedestrian -1 -1 -1.9630 838.6371 141.0660 918.8831 280.7341 1.7628 0.6706 0.9717 3.6192 1.2538 9.5596 -1.6010 5.5205
Car -1 -1 -1.4998 1203.3278 172.6823 1237.0000 373.0000 1.5431 1.6189 3.8737 5.4032 1.5105 4.5602 -0.6300 -0.2849
Pedestrian -1 -1 -2.8164 384.0632 150.6110 486.5838 315.7105 1.7991 0.6347 0.9897 -1.9226 1.4638 8.1876 -3.0471 4.7813
Car -1 -1 3.6372 108.9207 145.4840 227.7041 183.0969 1.4734 1.5989 3.8110 -17.4446 0.0636 29.0217 3.0959 -0.2973
Pedestrian -1 -1 -2.6383 433.8943 164.7499 510.5741 285.6870 1.7147 0.6621 0.9130 -1.9495 1.4785 10.6407 -2.8195 4.1944
Car -1 -1 1.5301 603.9646 167.5245 626.2882 187.1816 1.5171 1.6173 4.0135 1.0883 0.4391 57.4630 1.5490 -0.6882
Pedestrian -1 -1 1.4277 681.1358 171.0505 713.9533 233.5704 1.4859 0.6845 0.7759 2.2936 1.2388 17.4623 1.5583 -0.1435
Car -1 -1 1.6268 575.0063 166.3747 600.4853 189.9215 1.6346 1.6229 3.9466 -0.9383 0.5853 51.8675 1.6087 -0.7634
