Car -1 -1 2.1532 0.0000 139.2658 368.8948 373.0000 1.6306 1.6701 4.1124 -2.7020 1.5329 3.7706 1.5315 8.6275
Cyclist -1 -1 0.9139 1122.3708 140.3041 1200.0976 210.1727 1.6719 0.6061 1.7299 13.9900 0.6873 18.0524 1.5732 -0.7270
Pedestrian -1 -1 -2.2569 776.7493 149.7774 857.0441 280.9861 1.8339 0.6562 0.9896 3.1239 1.3918 10.6211 -1.9708 5.5997
Car -1 -1 1.7575 374.2795 162.1333 467.9012 240.2459 2.0176 1.8082 4.5600 -5.1197 1.5185 20.8766 1.5170 8.1234
Pedestrian -1 -1 -1.5951 573.9820 171.3863 597.5970 223.2240 1.6971 0.7648 0.8463 -0.5533 1.3671 23.9550 -1.6181 5.5845
Car -1 -1 -1.5826 566.7389 171.7562 588.2072 193.5395 1.6561 1.6325 3.9059 -1.8908 0.9159 56.5961 -1.6160 4.1248
Pedestrian -1 -1 -1.5885 598.2611 173.4902 620.6235 225.3744 1.7156 0.7358 0.8045 0.2385 1.4519 24.1555 -1.5786 4.9904
Car -1 -1 1.6791 432.5079 167.3665 490.5529 220.7034 1.8707 1.7164 4.2894 -5.2677 1.3761 27.3999 1.4891 3.9271
Pedestrian -1 -1 -2.1304 317.5286 164.5121 414.7340 332.2644 1.7634 0.6552 0.9097 -2.7014 1.5861 8.0903 -2.4527 4.2339
Car -1 -1 3.6053 111.1209 154.3392 227.9810 191.7376 1.4545 1.5696 3.7173 -17.2954 0.3992 28.8597 3.0654 1.2783
Pedestrian -1 -1 3.4224 330.8639 172.3114 406.1426 292.5564 1.7086 0.6694 0.9042 -3.4495 1.5794 10.5549 3.1065 3.5016
Car -1 -1 -0.0029 573.1294 179.8982 643.9963 204.9042 1.4867 1.6362 4.2145 0.4314 1.3922 43.5373 0.0070 0.1188
Pedestrian -1 -1 2.5166 363.0920 173.9456 418.2047 257.8480 1.7892 0.6696 0.9612 -4.6965 1.6293 15.9005 2.2294 2.5968
Pedestrian -1 -1 -2.9059 1003.9063 150.2113 1101.7983 300.1778 1.7152 0.6692 0.8810 5.4554 1.3587 8.7619 -2.3490 1.8149
Pedestrian -1 -1 -2.2009 924.0985 145.8790 981.5899 232.3940 1.6822 0.6604 0.8539 7.0136 0.9908 14.4430 -1.7489 1.1359
