Car -1 -1 1.7758 366.5861 167.1328 472.0414 252.5128 2.0491 1.8492 4.7191 -4.8328 1.7055 19.6287 1.5344 10.4271
Pedestrian -1 -1 -3.3266 1002.8793 161.8143 1114.5097 331.9165 1.7402 0.6559 0.9156 4.8936 1.5402 7.8187 -2.7673 4.7385
Car -1 -1 1.7137 425.0902 169.7142 495.9728 235.2364 2.1607 1.8540 4.8207 -5.0280 1.7731 26.1366 1.5237 4.4145
Pedestrian -1 -1 -1.0868 323.7374 185.3857 363.6087 248.4318 1.6607 0.7586 0.7366 -6.9808 1.7690 19.3878 -1.4324 4.4871
Car -1 -1 -1.4785 502.0011 183.0863 525.0286 202.2134 1.5243 1.5679 3.5751 -7.2088 1.6598 59.3503 -1.5994 2.0385
Pedestrian -1 -1 -2.2311 223.8891 164.9234 346.3125 358.9696 1.7822 0.6670 0.9479 -3.1766 1.6314 7.1124 -2.6512 3.7688
Car -1 -1 -1.7461 570.6136 180.2002 599.9302 200.7747 1.5215 1.6184 3.7213 -1.2534 1.4260 55.1033 -1.7689 1.4320
Pedestrian -1 -1 -2.6842 755.8681 162.6062 841.9865 300.2759 1.8224 0.6858 0.9624 2.7238 1.5736 10.0816 -2.4203 3.6467
Car -1 -1 -1.6078 999.9211 167.1378 1108.7165 256.8702 1.5158 1.6062 3.7199 8.7481 1.2745 14.1458 -1.0539 0.9793
Pedestrian -1 -1 -1.9398 294.2429 182.9703 346.6203 275.3931 1.7519 0.6682 0.9410 -5.6009 1.7834 14.2042 -2.3154 3.5860
Car -1 -1 0.9983 346.4520 145.8796 426.5753 181.1911 1.5561 1.6162 4.1180 -10.1163 -0.0144 33.6388 0.7062 0.3318
Pedestrian -1 -1 -1.7132 580.5114 180.7186 605.6056 233.3510 1.6966 0.7011 0.9187 -0.3082 1.6725 23.6609 -1.7262 3.1414
Car -1 -1 1.7047 460.2911 165.3578 483.5656 182.6659 1.4496 1.5358 3.3959 -11.0998 0.0981 61.8882 1.5273 0.1267
Pedestrian -1 -1 -1.8127 603.9248 178.6535 631.4910 233.1062 1.7540 0.7005 0.9439 0.5037 1.6634 23.6733 -1.7914 2.9250
Car -1 -1 1.5599 560.5914 186.7145 577.9895 203.1126 1.4664 1.5851 3.7764 -2.9995 1.9699 67.3866 1.5154 -0.7587
Pedestrian -1 -1 1.4811 280.5096 170.8310 323.6202 278.0559 1.9007 0.6509 0.9513 -5.5938 1.7129 13.3036 1.0830 2.6892
