Car -1 -1 1.7929 361.3276 166.0869 471.5276 253.4810 2.1054 1.8639 4.9908 -4.9428 1.7353 19.8181 1.5485 9.7900
Cyclist -1 -1 1.7632 432.5087 161.8254 449.0427 192.1210 1.6940 0.6078 1.7107 -9.1665 0.5947 41.0268 1.5434 0.3229
Pedestrian -1 -1 -3.1036 998.5125 151.4974 1107.9241 332.5724 1.8747 0.6516 0.9946 4.9652 1.5654 7.9828 -2.5472 5.4684
Car -1 -1 1.6902 430.3402 175.9203 494.3655 233.3348 1.9282 1.7794 4.5512 -5.0397 1.7419 26.4536 1.5019 5.6332
Pedestrian -1 -1 -1.5876 579.3902 182.4275 601.9531 234.2054 1.6760 0.7278 0.8917 -0.3875 1.7083 23.7232 -1.6040 5.0299
Car -1 -1 -1.6213 571.3014 179.6425 595.1269 200.8653 1.5854 1.6454 3.8849 -1.4217 1.4473 55.6598 -1.6469 4.0131
Pedestrian -1 -1 -1.1733 325.8941 184.5771 364.7851 249.3548 1.7151 0.7620 0.7513 -6.9570 1.8013 19.4502 -1.5168 4.6371
Car -1 -1 -1.4981 499.9525 182.3846 522.4307 201.5322 1.5325 1.5861 3.7072 -7.4255 1.6086 59.5546 -1.6221 0.7594
Pedestrian -1 -1 -2.7674 755.3973 173.5869 837.5660 303.2604 1.7391 0.7037 0.9341 2.7234 1.6343 10.1916 -2.5063 3.7848
Car -1 -1 -1.6260 607.8775 179.3618 648.0874 213.6590 1.4592 1.5956 3.8336 1.1352 1.3692 32.4911 -1.5910 0.6727
Pedestrian -1 -1 3.1014 305.6401 182.1734 356.1797 271.7064 1.7389 0.6965 0.9227 -5.4893 1.7542 14.4576 2.7386 3.7438
Car -1 -1 -1.6485 603.3376 170.2439 627.6848 193.5556 2.0138 1.8160 4.7281 1.2583 1.0419 64.4638 -1.6290 0.0732
Pedestrian -1 -1 -1.9547 600.9839 180.8662 630.2810 233.8817 1.7215 0.6761 0.9213 0.4406 1.7020 23.8741 -1.9363 3.5963
Pedestrian -1 -1 -2.5109 233.5409 175.0701 350.3019 357.5028 1.7444 0.6609 0.8649 -3.1697 1.6842 7.2828 -2.9214 3.0749
Pedestrian -1 -1 -2.1772 971.5339 154.8454 1038.4564 252.2312 1.6872 0.6808 0.8538 7.1897 1.2267 12.9005 -1.6687 2.9930
Pedestrian -1 -1 2.8151 268.9529 173.2223 332.2250 271.5266 1.7914 0.6621 0.9462 -5.7546 1.6418 13.6494 2.4161 0.5956
