Car -1 -1 1.9946 0.0000 86.6710 438.0094 373.0000 2.1030 1.8368 4.6242 -2.8183 1.6218 5.9807 1.5543 11.9893
Cyclist -1 -1 -1.7490 684.3958 169.4574 719.9947 245.4510 1.6817 0.5220 1.6979 2.2942 1.4164 16.7529 -1.6129 3.0116
Pedestrian -1 -1 -1.7475 762.6425 165.2565 794.3910 223.4888 1.6054 0.7297 0.8418 4.9512 1.1588 20.2446 -1.5076 4.8616
Car -1 -1 -1.6598 638.6886 170.4116 681.8324 209.6139 1.7978 1.7291 4.0148 2.7938 1.2902 34.9551 -1.5801 8.1397
Pedestrian -1 -1 2.9592 684.9470 169.8770 724.6594 245.9534 1.7300 0.6450 0.8067 2.3555 1.4669 16.6717 3.0995 2.5861
Car -1 -1 0.3753 283.9757 121.6912 423.8763 173.8687 1.4731 1.5373 3.6271 -7.3279 -0.2350 21.3756 0.0450 1.1228
Pedestrian -1 -1 -0.0591 641.8455 172.2095 659.0009 209.0520 1.6791 0.6215 0.7510 2.2386 1.2566 33.0490 0.0086 0.2787
Car -1 -1 -1.5253 528.3674 177.3793 560.2092 206.8496 1.5257 1.5611 3.7115 -3.0694 1.3132 39.0672 -1.6037 -0.0104
Pedestrian -1 -1 3.8080 0.0000 195.4340 30.1413 271.3242 1.7309 0.6235 0.7570 -14.0413 2.0647 16.8219 3.1125 0.1120
Car -1 -1 1.4950 666.1319 155.5680 692.2916 176.8353 1.4678 1.6008 3.8870 5.6553 -0.3525 52.4070 1.6025 -0.4949
Pedestrian -1 -1 -0.1827 735.3447 161.7646 753.3550 198.1803 1.7306 0.6371 0.7429 6.8423 0.7936 34.4578 0.0133 0.0867
Pedestrian -1 -1 0.1636 458.8138 165.7703 479.2232 208.1426 1.9157 0.6405 0.8244 -6.0546 1.2055 32.8024 -0.0190 0.0690
