Car -1 -1 1.8299 396.6106 155.7842 550.4419 276.0018 2.0175 1.8421 4.8161 -2.3807 1.5872 14.5384 1.6676 9.2697
Cyclist -1 -1 1.7898 411.7721 178.8656 423.7858 199.9693 1.6658 0.5826 1.6818 -14.6825 1.4584 57.5471 1.5400 -0.5394
Pedestrian -1 -1 -2.2344 848.1737 159.9201 1003.4883 368.8227 1.6436 0.8148 0.9378 2.7142 1.4752 6.2046 -1.8220 6.3748
Car -1 -1 1.7197 498.8319 161.9102 583.0052 233.9537 1.8684 1.7703 4.6334 -1.6668 1.3615 20.9998 1.6405 5.1655
Pedestrian -1 -1 2.5798 609.7428 167.9244 656.2570 242.8673 1.7949 0.6599 0.9391 0.7431 1.4709 17.7210 2.6217 5.0817
Car -1 -1 -1.6265 676.0730 171.1517 704.5080 198.2738 1.7933 1.7140 4.1089 6.1065 1.1098 49.6010 -1.5041 3.1500
Pedestrian -1 -1 1.5391 565.5091 173.8734 604.4377 253.7982 1.6648 0.8045 0.8632 -0.4017 1.5071 15.4137 1.5131 3.8539
Car -1 -1 -1.5744 598.6950 176.3206 619.8351 196.0759 1.4427 1.5439 3.4170 0.6013 1.0650 54.1701 -1.5633 1.8812
Pedestrian -1 -1 -2.2711 1109.5184 104.2652 1237.0000 373.0000 1.7522 0.6156 0.8850 3.6754 1.3291 4.3896 -1.5740 3.6877
Car -1 -1 -1.6722 687.9110 173.5257 732.3526 211.0633 1.6289 1.6314 3.8550 4.9416 1.2838 33.1320 -1.5242 1.2674
Pedestrian -1 -1 -1.7272 743.3617 168.6206 766.1991 210.1829 1.6509 0.7770 0.8445 6.1610 1.1404 28.9735 -1.5177 3.2295
Car -1 -1 -2.0432 588.0642 170.1120 622.5838 186.0980 1.4786 1.6412 4.0254 0.3773 0.4257 68.6062 -2.0377 0.8643
Pedestrian -1 -1 1.2576 839.7901 184.0185 885.3185 260.0506 1.3929 0.6177 0.7031 4.8723 1.4429 13.5427 1.6030 1.1595
Car -1 -1 1.6776 515.8716 147.9029 550.3267 174.9913 1.4723 1.5940 3.9507 -3.9456 -0.3977 41.9823 1.5839 0.7208
Pedestrian -1 -1 1.8301 395.2003 180.1004 422.2182 236.1030 1.7540 0.6709 0.7147 -6.1521 1.7113 22.8543 1.5672 1.0090
Car -1 -1 0.4131 236.3595 149.6971 367.4420 198.5377 1.6969 1.6648 4.0227 -10.7203 0.5930 25.8269 0.0196 -0.4934
