Car -1 -1 1.8257 376.0297 159.8207 513.2005 264.6188 2.0015 1.8311 4.7649 -3.3382 1.5887 16.1428 1.6217 9.0457
Cyclist -1 -1 1.6935 530.9253 176.0940 561.4976 245.1654 1.6850 0.5763 1.7387 -1.4297 1.5543 18.4027 1.6160 5.5442
Pedestrian -1 -1 -3.4217 815.9906 163.4496 925.6146 338.8628 1.7526 0.6251 0.9345 2.7453 1.5736 7.5187 -3.0716 4.8958
Car -1 -1 1.7202 466.5404 168.1629 543.9507 234.2291 1.8904 1.7773 4.4977 -2.9623 1.5099 22.8185 1.5911 7.0598
Cyclist -1 -1 2.1795 50.8011 163.2272 103.8185 216.2693 1.7086 0.5615 1.6995 -17.5005 1.1211 23.9917 1.5493 -0.6663
Pedestrian -1 -1 2.7849 610.7710 172.7255 650.1980 237.4382 1.7261 0.6971 0.8878 0.7574 1.4932 19.6274 2.8235 4.5066
Car -1 -1 -1.6499 632.8970 173.9738 659.5091 196.3453 1.5409 1.6089 3.6271 3.1791 1.0232 51.3034 -1.5880 1.8690
Pedestrian -1 -1 -2.4976 995.9836 141.4141 1185.4554 373.0000 1.7275 0.7232 0.9521 3.6425 1.4545 5.4846 -1.9113 4.4603
Car -1 -1 0.8026 369.8238 135.1264 468.5148 173.3787 1.4874 1.6106 4.1667 -7.7740 -0.3636 30.4645 0.5527 1.7597
Pedestrian -1 -1 2.9074 596.0340 172.2535 631.0107 231.4898 1.7248 0.6550 0.9102 0.3249 1.4567 21.3320 2.9226 4.2309
Car -1 -1 1.7339 473.6762 148.9229 511.0065 175.3151 1.4893 1.6082 3.9950 -6.5490 -0.3910 43.4833 1.5844 1.5636
Pedestrian -1 -1 2.0755 71.7482 166.7305 207.6874 373.0000 1.7731 0.6776 0.8459 -4.0486 1.6544 6.2829 1.5030 3.6701
Car -1 -1 -1.5520 558.1317 176.8478 579.4187 196.1929 1.4569 1.5899 3.7234 -2.4956 1.1071 55.9776 -1.5966 0.5150
Pedestrian -1 -1 1.6316 532.4447 172.2747 561.5822 242.8043 1.7741 0.7021 0.8019 -1.4244 1.5433 18.4734 1.5546 3.4469
Car -1 -1 1.4125 525.7086 167.4668 554.0018 188.6613 1.5994 1.6283 3.7640 -4.8305 0.5410 56.2292 1.3268 -0.2877
Pedestrian -1 -1 3.5776 0.0000 188.6726 72.2121 331.1345 1.7304 0.6929 0.9450 -7.5465 1.8284 9.2208 2.8917 2.5629
Car -1 -1 2.0198 242.6116 187.5969 352.7352 242.6052 1.5010 1.6029 3.8050 -9.1773 1.7051 21.9707 1.6241 -0.3678
Car -1 -1 -2.4463 81.4428 190.7276 305.0866 272.4739 1.5797 1.6321 4.0389 -8.6674 1.7925 15.3059 -2.9616 -0.4425
Car -1 -1 1.6337 511.6444 159.1120 534.4464 177.8809 1.4759 1.6239 4.0329 -6.4155 -0.3088 59.3289 1.5260 -0.8327
