Car -1 -1 1.7862 366.2718 169.3182 476.7784 254.8075 1.9498 1.8211 4.6368 -4.5416 1.6732 18.7194 1.5482 10.6142
Cyclist -1 -1 1.8304 499.8503 178.6887 529.4726 231.7544 1.7157 0.5733 1.6969 -2.9199 1.6259 24.1016 1.7098 -0.5562
Pedestrian -1 -1 1.8855 335.4150 186.9957 369.6236 248.7060 1.6163 0.6822 0.7059 -6.6897 1.7674 19.2359 1.5508 5.3594
Car -1 -1 1.6981 435.3764 174.0248 503.2356 233.5281 1.9073 1.7805 4.5865 -4.5773 1.6688 25.3582 1.5196 7.0540
Cyclist -1 -1 1.9898 255.4566 156.2426 290.2259 200.7290 1.6861 0.5944 1.7090 -12.8443 0.7298 28.0802 1.5608 -0.6877
Pedestrian -1 -1 -2.3378 1004.8094 146.9509 1151.6613 335.7961 1.6996 0.7139 0.9762 4.5625 1.3901 7.0092 -1.7608 5.1527
Car -1 -1 -1.5298 584.2066 175.5903 608.2686 198.0177 1.6309 1.6595 3.9078 -0.3409 1.2018 54.2168 -1.5361 3.7720
Pedestrian -1 -1 1.7057 256.0976 182.0968 310.0299 292.1591 1.7287 0.6961 0.9311 -5.2665 1.7403 11.8301 1.2869 4.4294
Car -1 -1 -0.4459 0.0000 137.3060 125.7510 174.6205 1.5141 1.5861 4.2489 -24.0436 -0.3293 32.2256 -1.0869 -0.0287
Pedestrian -1 -1 -2.1131 762.0137 161.6759 845.5604 302.9052 1.7618 0.6749 0.9335 2.6098 1.5158 9.4989 -1.8449 4.3803
Car -1 -1 1.7683 355.4481 140.4412 419.8046 181.1288 1.5488 1.6721 4.6507 -8.7728 -0.0157 29.7762 1.4817 -0.2733
Pedestrian -1 -1 1.2833 588.4455 172.4678 616.3391 229.3779 1.7940 0.6637 0.9229 -0.0019 1.5104 23.1785 1.2832 3.9629
Car -1 -1 0.6352 336.1642 143.8089 434.8064 179.0744 1.5226 1.6365 4.1331 -9.8322 -0.1144 32.6799 0.3430 -0.7340
Pedestrian -1 -1 -1.9976 147.9013 166.1446 282.9797 373.0000 1.7855 0.6947 0.9547 -3.3975 1.6659 6.2242 -2.4973 3.7939
Car -1 -1 1.6977 454.0398 158.4612 483.1100 179.4356 1.4793 1.6080 4.1346 -9.7770 -0.1584 53.1850 1.5159 -0.7689
Pedestrian -1 -1 1.2764 612.7566 175.4783 640.6154 231.3036 1.7468 0.6507 0.9199 0.7754 1.5595 23.0028 1.3101 3.3024
Pedestrian -1 -1 1.6669 504.1789 182.1131 528.2037 231.2782 1.6278 0.7338 0.7780 -2.8885 1.6499 24.1877 1.5480 2.9800
