Car -1 -1 1.8160 357.1896 151.5425 485.8708 247.6413 1.9918 1.8486 4.8752 -4.1585 1.3721 17.3324 1.5805 12.1051
Cyclist -1 -1 1.7036 509.7490 170.5668 518.0345 188.5257 1.6870 0.5627 1.7083 -8.2834 0.6603 68.3333 1.5829 -0.8366
Pedestrian -1 -1 2.8798 611.4805 164.2936 647.9581 224.8843 1.7628 0.7075 0.9304 0.8057 1.2633 21.3441 2.9176 5.3968
Car -1 -1 1.7130 437.6087 158.0319 513.2675 224.0093 1.9812 1.8274 4.6787 -4.0985 1.2776 23.9313 1.5434 7.9112
Pedestrian -1 -1 1.9490 190.2388 158.8014 277.1638 312.1737 1.8065 0.6571 0.9706 -4.6104 1.5405 8.9731 1.4744 5.0858
Car -1 -1 -1.5366 525.3194 169.3030 546.2294 188.1287 1.4448 1.5353 3.3990 -5.1500 0.5093 56.8679 -1.6269 1.5356
Pedestrian -1 -1 -2.7798 1000.0720 140.4611 1162.6085 368.2686 1.7308 0.7203 0.9474 3.9733 1.4204 6.0501 -2.1987 4.4296
Car -1 -1 -1.6694 632.6696 164.9174 656.1446 182.7088 1.4675 1.6132 3.9282 3.6615 0.1002 61.2410 -1.6097 0.9949
Pedestrian -1 -1 2.9255 115.3575 177.1505 199.3284 293.8917 1.6892 0.7443 0.9545 -6.8365 1.6276 10.9911 2.3691 4.3889
Car -1 -1 1.9629 240.9176 171.0173 342.8039 222.4471 1.5328 1.6574 3.9462 -9.9655 1.2215 23.3877 1.5601 0.1378
Pedestrian -1 -1 2.8453 764.8656 152.8621 864.5177 314.7803 1.8408 0.6698 0.9749 2.4559 1.5165 8.5060 3.1264 4.1805
Car -1 -1 -1.5805 609.2458 167.8229 642.9280 202.9081 1.6876 1.6201 3.7492 1.2212 1.0306 36.4425 -1.5470 -0.8448
Pedestrian -1 -1 1.6352 510.1865 167.6554 537.2285 225.0650 1.6727 0.7476 0.8750 -2.3338 1.2704 21.3801 1.5265 3.9549
Car -1 -1 -1.5899 597.7925 163.9017 620.2838 185.7319 1.5552 1.5832 3.7859 0.5497 0.3021 53.0711 -1.5796 -0.8452
Pedestrian -1 -1 -2.1990 0.0000 155.1510 141.1514 373.0000 1.7854 0.6928 0.9410 -3.9964 1.6168 5.0945 -2.8642 2.5615
Pedestrian -1 -1 0.5663 589.0246 164.5749 623.7420 220.9550 1.7284 0.6332 0.8878 0.1288 1.2106 22.5251 0.5720 1.8605
