Car -1 -1 1.9441 30.1721 126.4468 463.0573 373.0000 1.9722 1.8460 4.8050 -2.7623 1.6246 6.9574 1.5662 11.7104
Cyclist -1 -1 -1.7509 684.6486 175.4440 720.1397 246.2081 1.6592 0.5693 1.6648 2.4315 1.5184 17.6840 -1.6143 5.2911
Pedestrian -1 -1 -1.7352 762.9304 165.7450 794.5489 224.2481 1.6694 0.7573 0.8948 5.1369 1.2209 20.9697 -1.4950 5.3114
Car -1 -1 -1.6707 641.5599 169.1725 684.4628 209.9174 1.9203 1.7434 3.8396 3.0033 1.3402 35.7858 -1.5870 7.6610
Pedestrian -1 -1 2.2905 78.7674 173.7092 179.3028 341.2451 1.7678 0.6713 0.6447 -5.2535 1.6870 7.9418 1.7061 2.4116
Car -1 -1 -1.5065 534.9463 181.9395 565.2989 208.5122 1.4153 1.4820 3.2000 -2.8189 1.4414 39.9119 -1.5770 5.0947
Pedestrian -1 -1 -1.6398 644.6084 170.9860 659.1820 208.1727 1.7443 0.6330 0.8312 2.3818 1.2520 34.1072 -1.5701 2.1997
Car -1 -1 1.6609 558.6685 180.7764 580.5618 198.1797 1.4595 1.5712 3.6442 -2.6930 1.3993 62.0974 1.6176 2.1466
Pedestrian -1 -1 -1.4873 548.8470 180.3226 561.6898 208.3143 1.4936 0.6330 0.7275 -2.4874 1.4316 38.6970 -1.5515 2.0953
Car -1 -1 1.6927 517.3241 186.8492 548.9517 210.6328 1.4849 1.6235 3.9777 -4.4881 1.8562 47.7597 1.5990 1.6645
Pedestrian -1 -1 3.0016 682.3637 168.3918 719.8956 241.6910 1.7694 0.6425 0.8305 2.4091 1.4542 17.6610 3.1372 0.7404
Car -1 -1 -1.0219 744.3187 161.7643 784.4837 179.3495 1.5087 1.5905 4.1043 14.6128 -0.1977 64.1480 -0.7979 0.9151
Pedestrian -1 -1 -0.1933 733.1475 160.2847 752.5461 196.3516 1.7647 0.6321 0.8327 6.9691 0.7276 35.4616 0.0008 0.2888
Car -1 -1 -1.6677 658.8295 181.6156 708.5320 220.0426 1.4798 1.6422 4.0361 3.3141 1.4858 29.7001 -1.5565 0.1139
Pedestrian -1 -1 3.2433 509.3388 175.8212 525.6331 207.5034 1.7659 0.6311 0.8505 -4.7141 1.4502 40.3574 3.1270 0.1257
Pedestrian -1 -1 -1.4786 537.4632 178.7036 551.1635 207.8664 1.5499 0.6636 0.8028 -3.0679 1.4021 38.5805 -1.5580 -0.2703
