Car -1 -1 1.8582 364.9940 133.0032 550.6868 280.6400 2.0846 1.8535 4.7550 -2.2692 1.4012 12.6046 1.6801 7.9987
Cyclist -1 -1 1.2718 682.9815 164.5718 698.9545 191.0976 1.6554 0.5438 1.6507 5.6928 0.5997 45.6858 1.3958 -0.0861
Pedestrian -1 -1 2.9853 564.7864 156.8069 612.9518 241.4408 1.7909 0.6939 0.9488 -0.3190 1.2696 15.6227 2.9649 4.4117
Car -1 -1 1.7154 493.4619 148.2998 586.7577 231.6549 1.9224 1.7829 4.6259 -1.5025 1.1579 18.9307 1.6362 5.2154
Pedestrian -1 -1 -2.2897 867.3773 151.2564 1060.7472 373.0000 1.6496 0.8210 0.9528 2.5238 1.4561 5.1939 -1.8374 4.2158
Car -1 -1 -1.6244 685.0001 162.0296 713.1158 187.8849 1.6317 1.6273 3.7356 6.3941 0.4037 47.2582 -1.4899 1.8136
Pedestrian -1 -1 -1.7110 755.4031 159.5674 778.3669 200.7838 1.5855 0.7642 0.8310 6.4413 0.7428 28.0765 -1.4855 3.6753
Car -1 -1 -1.7685 715.5835 161.6201 746.4022 181.3843 1.4660 1.5953 3.8807 9.9468 -0.0087 55.2619 -1.5904 0.9227
Pedestrian -1 -1 1.8363 540.3744 157.7953 598.1589 266.5472 1.7211 0.7636 0.8327 -0.5605 1.3472 11.8545 1.7890 3.0263
Pedestrian -1 -1 1.1408 969.9127 166.5474 1065.8341 316.6378 1.5647 0.6528 0.7545 4.5007 1.4102 7.8907 1.6591 2.0357
Pedestrian -1 -1 -3.7388 1046.3405 174.5758 1154.7458 328.5792 1.4734 0.6043 0.6627 4.9137 1.4085 7.1733 -3.1382 1.6369
Pedestrian -1 -1 -1.7096 684.4845 162.8145 695.9239 189.6089 1.6928 0.6179 0.7996 5.6619 0.5130 45.7841 -1.5866 1.0740
Pedestrian -1 -1 -1.7235 695.8465 162.8318 707.5908 189.7832 1.6998 0.6339 0.7369 6.3807 0.5231 45.6759 -1.5847 0.8157
