Car -1 -1 1.8131 302.2404 157.2403 513.6943 332.8351 2.0256 1.8393 4.7696 -2.5696 1.7471 10.6742 1.5769 11.6546
Cyclist -1 -1 -1.7139 682.0315 176.7422 710.9090 237.9652 1.7707 0.6079 1.7963 2.8218 1.6342 21.6754 -1.5844 3.0375
Pedestrian -1 -1 -1.6716 756.4915 176.6350 782.8162 229.5161 1.7013 0.7605 0.8129 5.4840 1.5459 23.5595 -1.4429 5.4938
Car -1 -1 -1.5602 555.9546 186.2886 581.8445 211.1259 1.4308 1.5144 3.3203 -1.9597 1.7342 43.7122 -1.6050 4.2372
Pedestrian -1 -1 2.4986 677.2657 175.1122 714.1231 235.1327 1.7523 0.6279 0.8940 2.7868 1.5670 21.4629 2.6277 0.9070
Car -1 -1 -0.9536 675.1131 162.9032 721.3164 182.1891 1.5368 1.5890 4.2989 8.0564 0.0554 59.3517 -0.8187 1.7690
Pedestrian -1 -1 -1.4986 569.1884 188.1848 581.1856 212.6229 1.4196 0.6524 0.7954 -1.5428 1.8184 42.3589 -1.5350 0.4019
Car -1 -1 -1.6878 666.8431 185.6904 715.6961 223.2995 1.5096 1.6403 3.9941 3.8296 1.7047 31.2772 -1.5660 1.3679
Pedestrian -1 -1 -1.4817 557.0242 186.4984 570.3537 212.5024 1.5134 0.7179 0.8010 -2.2214 1.8120 42.3767 -1.5340 -0.5694
Car -1 -1 -1.6702 652.2028 179.5642 689.8427 212.6698 1.7275 1.6719 3.8415 3.7651 1.6274 39.4063 -1.5750 1.1702
Pedestrian -1 -1 1.6429 537.0435 180.6691 548.5100 209.5659 1.7513 0.6457 0.7750 -3.5797 1.7017 43.9240 1.5615 -0.7505
Car -1 -1 -1.6152 640.9449 186.3706 665.4733 208.1840 1.4878 1.5853 3.9849 3.7225 1.8540 51.9022 -1.5436 0.6648
