Car -1 -1 1.8031 325.6672 164.2097 519.9937 327.9942 2.0012 1.7964 4.7335 -2.4982 1.7913 11.1516 1.5828 10.9473
Cyclist -1 -1 -1.7196 682.9353 184.0050 710.3952 239.3516 1.6210 0.5935 1.6102 2.8632 1.7014 21.9199 -1.5897 2.8402
Pedestrian -1 -1 -1.6997 753.9172 178.5937 780.5707 232.6195 1.7556 0.7534 0.8660 5.4621 1.6622 23.8073 -1.4741 5.5634
Car -1 -1 -1.6314 654.5124 181.8302 689.4615 214.7236 1.7340 1.6897 3.8460 3.8653 1.7539 39.8539 -1.5347 7.3194
Pedestrian -1 -1 2.9926 681.2198 179.7206 712.8067 238.5686 1.7634 0.6411 0.8653 2.8728 1.7112 21.8503 3.1233 2.7719
Car -1 -1 3.4009 336.7649 136.2471 470.6343 183.9661 1.4433 1.5963 3.7675 -6.1554 0.0757 22.5358 3.1342 1.1136
Pedestrian -1 -1 -3.7430 1074.4674 146.5867 1177.2658 322.8653 1.8296 0.6428 0.6480 5.6112 1.4686 7.7819 -3.1183 1.3631
Car -1 -1 -0.9345 677.7129 165.4189 725.8363 184.7130 1.5413 1.6506 4.4140 8.3765 0.2572 59.5335 -0.7947 0.7265
Pedestrian -1 -1 -1.5186 569.4510 190.0225 581.4366 215.8448 1.5158 0.6756 0.7717 -1.5434 2.0292 42.8132 -1.5546 1.3473
Car -1 -1 -1.7715 755.6078 187.2229 819.3746 228.4515 1.4940 1.6266 4.3325 7.3553 1.7423 28.8411 -1.5218 0.6363
Pedestrian -1 -1 -1.4996 558.6397 189.0810 570.9711 216.8412 1.6256 0.6757 0.8370 -2.1725 2.0817 42.7190 -1.5504 0.6762
Car -1 -1 -1.7492 770.6545 188.6323 838.6488 235.9344 1.4947 1.6044 4.0125 7.0632 1.7684 25.3919 -1.4779 -0.1413
Pedestrian -1 -1 0.3477 491.3697 160.5430 509.7978 195.8019 1.8117 0.6133 0.7861 -5.2382 0.7357 37.2883 0.2082 -0.1134
Car -1 -1 -1.6798 666.4762 189.3771 714.4892 227.2784 1.5079 1.6401 4.0472 3.8175 1.8761 31.4531 -1.5591 -0.3691
Pedestrian -1 -1 0.3231 514.6552 167.0566 530.5450 196.9608 1.8935 0.6173 0.8577 -5.0255 0.9797 45.8743 0.2140 -0.8026
