Car -1 -1 1.8316 399.7091 138.1125 555.0777 268.3840 2.0966 1.8270 4.4412 -2.2049 1.3996 13.8611 1.6739 8.9847
Pedestrian -1 -1 -2.4910 862.1411 155.8784 1025.8644 373.0000 1.6709 0.7343 0.9311 2.6705 1.4875 5.7622 -2.0570 4.8703
Car -1 -1 1.7132 501.6506 151.5683 589.5651 228.4981 1.9122 1.8032 4.7377 -1.4657 1.1694 20.2787 1.6411 5.2570
Pedestrian -1 -1 -2.8423 600.3628 162.8018 646.6013 238.3588 1.7249 0.6609 0.9326 0.4876 1.2993 16.8598 -2.8134 4.6940
Car -1 -1 -1.6576 603.7728 165.8586 629.0373 186.4533 1.4867 1.5718 3.6630 1.1071 0.3582 53.7341 -1.6370 3.4137
Pedestrian -1 -1 1.6162 563.9498 160.9812 603.3088 250.4620 1.6927 0.7324 0.8881 -0.3754 1.3058 14.0371 1.5895 3.3821
Car -1 -1 -1.6944 688.4244 164.5044 724.1579 193.4769 1.6794 1.6585 4.0031 6.3264 0.6950 43.6551 -1.5505 0.7960
Pedestrian -1 -1 -1.9302 753.6896 159.7902 779.1279 202.2499 1.6633 0.7284 0.8652 6.5476 0.8139 28.6154 -1.7053 1.8645
Car -1 -1 -1.6265 725.7872 163.5806 750.1323 183.5876 1.5116 1.6448 4.1185 10.7092 0.1583 56.4185 -1.4389 0.2960
Pedestrian -1 -1 2.7976 795.2949 153.1766 825.8514 203.3640 1.7733 0.6395 0.8859 7.4620 0.7736 25.7254 3.0799 0.7977
Car -1 -1 -1.6896 683.4258 168.0690 714.4552 192.1863 1.5727 1.6303 3.9008 6.5939 0.6976 48.8045 -1.5553 -0.1010
Pedestrian -1 -1 1.2124 855.8227 172.2279 911.1829 256.9720 1.4602 0.6819 0.7836 4.9594 1.3018 12.7711 1.5828 0.6927
Car -1 -1 -0.2770 752.2733 167.9927 818.7301 191.4738 1.4705 1.5585 3.8231 11.7128 0.6253 45.8120 -0.0267 -0.1235
