Car -1 -1 1.8062 370.5432 155.0001 498.7283 255.5745 2.0082 1.8269 4.6858 -3.7058 1.4803 16.6984 1.5878 9.6882
Pedestrian -1 -1 -2.7379 990.8878 127.5905 1166.4677 373.0000 1.8076 0.7032 0.9785 3.7544 1.4214 5.7645 -2.1606 4.9498
Car -1 -1 1.7179 452.3257 157.4986 530.2154 226.1843 2.0053 1.8217 4.6682 -3.4736 1.3057 23.3041 1.5700 6.5348
Pedestrian -1 -1 1.8293 135.7757 172.3285 239.6354 354.4108 1.7422 0.7258 0.8890 -4.2715 1.6558 7.3945 1.3055 4.9101
Car -1 -1 -1.5991 618.6129 165.1236 642.3980 187.8485 1.5875 1.6124 3.6112 2.0901 0.4441 51.9919 -1.5589 3.2371
Pedestrian -1 -1 2.7738 794.3052 159.0954 895.6856 322.6455 1.7383 0.6120 0.9019 2.6316 1.5016 7.9599 3.0931 3.9317
Car -1 -1 2.6444 0.0000 209.6376 46.0439 373.0000 1.4731 1.5815 3.7137 -7.0140 1.7817 5.8648 1.7700 1.3532
Pedestrian -1 -1 -2.6749 22.2113 180.6554 127.8537 312.6279 1.7395 0.7043 0.9609 -7.2654 1.7297 9.8927 -3.3084 3.8145
Car -1 -1 -1.6731 653.7015 170.8099 678.9480 191.2122 1.6089 1.6405 4.0726 5.2919 0.7664 58.6893 -1.5832 0.5431
Pedestrian -1 -1 2.6968 606.6596 165.4803 647.3930 228.4639 1.7405 0.7185 0.9352 0.6914 1.2990 20.3645 2.7308 3.8115
Car -1 -1 2.0136 238.9200 181.3099 346.9596 235.1369 1.5332 1.6010 3.8360 -9.5099 1.5289 22.4079 1.6123 0.3986
Car -1 -1 -0.3126 592.0507 167.6276 727.6168 222.4153 1.6547 1.6513 4.0038 1.8085 1.2369 22.9604 -0.2340 -0.8002
