Car -1 -1 1.7609 371.2770 167.0823 468.3696 244.9455 1.9782 1.8183 4.7932 -5.0957 1.6131 20.6875 1.5194 9.9964
Cyclist -1 -1 1.7582 488.6647 178.3076 513.7528 224.1771 1.6665 0.6364 1.6614 -3.7656 1.5516 26.9409 1.6193 3.4809
Pedestrian -1 -1 -1.6220 596.0640 173.3558 619.1671 226.4856 1.7520 0.7269 0.9613 0.1761 1.4845 24.1816 -1.6148 7.1256
Car -1 -1 2.1681 0.0000 129.3844 358.4059 373.0000 1.6425 1.6648 4.1639 -2.6441 1.5488 3.4367 1.5123 6.0783
Pedestrian -1 -1 -1.5979 575.5837 177.7417 596.9280 229.8786 1.7110 0.6888 0.8250 -0.5379 1.5887 24.0003 -1.6203 4.8352
Car -1 -1 1.6869 429.3647 172.0177 490.6366 228.3198 1.9531 1.7733 4.3880 -5.2744 1.6253 27.1714 1.4951 4.8391
Pedestrian -1 -1 -2.4346 767.8546 167.4561 849.6728 291.2589 1.7264 0.6813 0.9420 3.0029 1.5319 10.5954 -2.1584 4.6214
Car -1 -1 1.5877 458.5927 160.9278 477.6241 178.0826 1.4954 1.6432 4.1325 -12.1222 -0.3224 65.6574 1.4051 3.2113
Pedestrian -1 -1 -2.5865 998.2163 157.7953 1111.3142 310.5999 1.7111 0.6857 0.9236 5.3655 1.4470 8.6070 -2.0290 3.8440
Car -1 -1 -1.5924 565.6314 175.6111 587.5058 196.3773 1.5713 1.6255 3.8380 -1.9557 1.1263 56.3131 -1.6271 1.1226
Pedestrian -1 -1 -2.6070 295.2144 168.8165 399.0051 333.0170 1.7280 0.6632 0.8698 -2.8516 1.5959 7.9652 -2.9508 3.7414
Car -1 -1 -1.6104 597.9243 168.5076 619.5883 189.6521 1.8523 1.7774 4.7148 0.6658 0.7146 65.3091 -1.6002 1.0446
Pedestrian -1 -1 -2.0593 934.8694 149.4307 991.5667 237.5559 1.6731 0.6918 0.8037 7.0205 1.0655 14.0457 -1.5958 3.0843
Car -1 -1 0.8307 335.0510 146.2475 423.6073 179.8778 1.5237 1.6392 4.2254 -10.6969 -0.0810 34.4907 0.5300 0.8300
Pedestrian -1 -1 2.7407 346.7854 174.6862 400.8773 260.7251 1.8041 0.6609 0.9372 -4.9838 1.6625 15.6161 2.4318 2.7401
Car -1 -1 -1.5561 574.1972 185.0343 601.8457 210.6411 1.4787 1.6180 4.0309 -0.7901 1.7061 44.0511 -1.5741 -0.2056
Pedestrian -1 -1 3.4359 315.6861 178.3692 395.2368 301.8738 1.7239 0.6926 0.9295 -3.5824 1.6815 10.3877 3.1038 1.5775
Car -1 -1 3.5179 108.9096 154.5875 223.8453 193.1556 1.4766 1.5843 3.5823 -17.2415 0.4473 28.5778 2.9751 -0.2118
Car -1 -1 1.6822 500.0512 178.0202 524.2925 196.1823 1.4792 1.6041 3.8922 -7.4518 1.1963 60.4576 1.5595 -0.2500
