Car -1 -1 -1.9120 749.4712 148.3308 985.4064 320.1318 1.8101 1.6687 3.6833 3.1446 1.4620 9.4230 -1.5899 11.4650
Cyclist -1 -1 -2.1579 964.9832 125.4401 1237.0000 373.0000 1.7065 0.5432 1.7412 2.5691 1.4805 3.7846 -1.5615 -0.7925
Pedestrian -1 -1 -1.3871 447.8804 190.3040 498.4729 271.3053 1.3467 0.7269 0.8265 -2.2496 1.5056 12.4448 -1.5660 4.9749
Car -1 -1 -1.7275 672.6293 179.0830 741.2492 230.3552 1.4079 1.5106 3.2558 3.0321 1.3427 21.3621 -1.5865 0.9982
Pedestrian -1 -1 1.7443 435.9010 188.5361 476.1963 263.6176 1.3730 0.6495 0.6078 -2.7652 1.5097 13.5053 1.5423 4.8215
Car -1 -1 -1.5132 658.1039 178.9569 704.8686 219.5738 1.4550 1.5818 3.6912 3.1206 1.3649 27.6820 -1.4010 0.7964
Pedestrian -1 -1 -1.3266 409.5314 174.5596 463.6995 265.9704 1.5308 0.7468 0.7918 -2.8794 1.4159 12.4292 -1.5543 3.9569
Car -1 -1 1.7499 451.1908 178.6337 498.2696 210.4841 1.5146 1.6267 4.1409 -6.3307 1.3792 36.2326 1.5770 -0.7338
Pedestrian -1 -1 -1.4368 308.5178 161.3577 357.9526 262.0382 1.6960 0.7088 0.8366 -4.7243 1.3580 12.5847 -1.7959 3.3056
Pedestrian -1 -1 1.8934 299.7327 176.5899 347.4499 261.2409 1.5234 0.6410 0.6844 -5.1669 1.4363 13.2820 1.5224 0.9224
Pedestrian -1 -1 -0.6175 1007.2084 115.7787 1237.0000 373.0000 1.8263 0.6772 0.8055 2.6517 1.5167 3.7352 -0.0001 -0.6415
