Car -1 -1 -1.6781 661.7930 163.4771 716.3617 212.7825 1.7891 1.6984 3.7559 3.3197 1.1362 27.9501 -1.5599 10.1281
Cyclist -1 -1 -1.8180 757.8938 155.0166 826.4112 288.2528 1.6955 0.5010 1.7234 2.5696 1.3598 10.0012 -1.5665 0.6396
Pedestrian -1 -1 -1.1676 258.7061 162.5530 352.5179 315.9406 1.7506 0.7155 1.0083 -3.5999 1.5357 8.7038 -1.5598 6.4789
Car -1 -1 -1.4844 526.3902 175.6010 566.0784 208.9801 1.4277 1.5021 3.3696 -2.4574 1.1763 32.4147 -1.5600 3.2446
Pedestrian -1 -1 -1.8435 826.9960 154.9725 876.2605 234.0245 1.6114 0.7669 0.8777 5.2070 1.0719 15.1012 -1.5114 4.1260
Car -1 -1 -0.2872 566.8978 171.5154 611.8391 187.3594 1.4925 1.6321 4.0212 -1.1246 0.5523 69.0439 -0.3035 1.1940
Pedestrian -1 -1 -3.3786 751.5462 157.0628 820.3640 289.0343 1.7641 0.6213 0.7932 2.4868 1.4387 9.9135 -3.1328 4.0403
Car -1 -1 -1.6839 710.5602 182.0561 805.8018 258.2254 1.4533 1.5864 3.5886 3.2420 1.4680 15.5895 -1.4789 0.0299
Pedestrian -1 -1 1.4472 666.9260 166.0659 686.3180 213.6519 1.7148 0.6172 0.7371 2.7223 1.1597 26.2582 1.5505 3.6949
Car -1 -1 -1.6455 643.8779 172.3255 676.5306 201.0921 1.5296 1.5518 3.3658 3.2230 1.0426 39.8812 -1.5649 -0.8446
Pedestrian -1 -1 0.0084 560.6886 170.9609 573.0874 198.5075 1.7181 0.6124 0.7728 -2.1619 1.0615 45.1219 -0.0395 -0.3284
