Car -1 -1 -1.9814 780.8737 135.3307 1106.4722 359.6148 1.8180 1.6863 3.6406 3.1894 1.4452 7.6534 -1.5865 12.4001
Pedestrian -1 -1 1.7107 413.6557 171.4924 459.5941 266.1127 1.4982 0.6506 0.6361 -2.7206 1.3411 11.7172 1.4825 5.8656
Car -1 -1 -1.5600 667.4563 174.6862 712.5444 217.3994 1.4334 1.5078 3.3295 3.1777 1.2058 25.8540 -1.4377 2.9328
Pedestrian -1 -1 -1.3444 380.3961 176.5108 440.2510 280.2739 1.4882 0.7031 0.8042 -2.8782 1.4180 10.7148 -1.6069 5.2008
Car -1 -1 -1.4958 521.2563 172.3742 561.3398 206.3152 1.5142 1.6100 3.7756 -2.7989 1.1080 33.9373 -1.5781 0.5584
Pedestrian -1 -1 -1.4200 420.7551 172.9036 480.8983 280.3275 1.5338 0.7625 0.8355 -2.2682 1.4123 10.6927 -1.6290 5.1956
Car -1 -1 -1.3889 361.5227 182.5778 500.3829 285.1500 1.4665 1.5991 3.8872 -2.7667 1.4892 12.2825 -1.6105 -0.1848
Pedestrian -1 -1 -1.4572 265.9148 161.6091 321.5521 277.7243 1.6788 0.6875 0.8361 -4.6874 1.3926 10.8829 -1.8639 2.8080
Car -1 -1 -1.7244 483.3158 170.3320 518.4128 195.0278 1.5930 1.6942 4.4019 -6.8509 0.8733 48.6848 -1.8642 -0.3776
Pedestrian -1 -1 1.9446 253.0162 173.3577 312.1232 269.8453 1.4973 0.6577 0.6991 -5.1378 1.3722 11.5087 1.5247 1.9503
Pedestrian -1 -1 1.7918 444.1959 179.5820 483.3862 257.6184 1.4539 0.6076 0.6592 -2.6604 1.4195 13.7196 1.6003 0.6692
