Car -1 -1 -2.0042 792.2140 122.5537 1156.6031 373.0000 1.8705 1.6796 3.6207 3.1768 1.4393 7.0903 -1.5830 11.1247
Cyclist -1 -1 1.6802 550.9343 166.1357 560.2072 187.1727 1.6896 0.5729 1.7079 -3.7080 0.4561 58.5577 1.6170 -0.5313
Pedestrian -1 -1 -1.3112 364.7887 173.0561 432.1669 284.3995 1.4932 0.7175 0.8480 -2.8683 1.3812 10.0609 -1.5889 6.8757
Car -1 -1 -1.6911 662.5114 175.2911 720.3131 219.0994 1.4402 1.5855 3.6615 3.0910 1.2372 25.4438 -1.5703 3.5161
Pedestrian -1 -1 -1.4153 420.9086 191.5714 476.2734 289.4722 1.2998 0.6404 0.8322 -2.1690 1.4483 10.0575 -1.6277 4.8272
Car -1 -1 -1.4384 363.3472 184.2179 492.5251 289.8574 1.4299 1.5600 3.4733 -2.6869 1.4820 11.6158 -1.6657 3.0707
Pedestrian -1 -1 1.7367 406.5081 183.1843 455.1185 279.2693 1.4496 0.6430 0.6352 -2.6895 1.4779 11.1859 1.5007 4.6250
Car -1 -1 2.8734 470.0807 161.2910 533.2599 183.9287 1.5125 1.6450 4.0244 -6.8669 0.1629 49.5423 2.7357 0.3246
Pedestrian -1 -1 -1.2048 242.0752 161.7237 315.1840 289.1930 1.7390 0.6805 0.8938 -4.6343 1.4705 10.2631 -1.6289 2.8375
Car -1 -1 -0.2783 644.4168 172.5080 746.6619 209.7962 1.4731 1.5983 3.8645 3.8062 1.1188 29.4534 -0.1498 -0.6425
Pedestrian -1 -1 1.7426 437.5387 174.8043 477.6141 261.0160 1.5444 0.6178 0.6821 -2.6778 1.4257 13.2151 1.5427 2.6316
Pedestrian -1 -1 1.9353 242.7055 183.1698 302.5648 277.8443 1.4027 0.6257 0.7104 -5.0773 1.4305 11.0285 1.5039 0.1315
