Car -1 -1 -1.7274 686.4239 168.3776 761.0215 232.5074 1.7957 1.6715 3.6765 3.6146 1.4294 21.9555 -1.5642 11.0355
Pedestrian -1 -1 -1.9894 939.2001 152.1878 1019.9081 272.9239 1.6845 0.7149 0.9557 5.4654 1.2768 10.5179 -1.5101 5.3463
Car -1 -1 -0.8530 709.4652 153.3165 780.3113 181.0907 1.5252 1.5887 4.2742 8.3090 -0.0240 41.4356 -0.6551 0.3712
Pedestrian -1 -1 -1.4653 542.0071 186.0921 563.1918 225.1558 1.3347 0.6660 0.7094 -1.7177 1.4979 24.9943 -1.5339 2.6920
Car -1 -1 2.2033 825.7404 162.9138 942.0218 211.0338 1.4556 1.5895 3.7994 9.2089 0.8945 23.4129 2.5781 0.1079
Pedestrian -1 -1 -1.4354 521.5130 184.5364 544.4044 227.7502 1.4799 0.7029 0.7350 -2.4042 1.5884 25.0321 -1.5312 2.5619
Car -1 -1 -1.4680 561.5877 179.6435 591.6896 203.7383 1.5644 1.6456 3.9223 -1.6286 1.4446 48.6507 -1.5015 -0.0149
Pedestrian -1 -1 -0.9205 0.0000 162.0049 154.5888 373.0000 1.7896 0.7726 0.8171 -3.4277 1.6828 4.3966 -1.5827 2.5541
Car -1 -1 1.6941 517.1422 182.9479 571.1690 225.8935 1.4920 1.5903 3.5545 -2.0993 1.5508 26.8856 1.6162 -0.0346
Pedestrian -1 -1 -1.3485 471.2208 177.6391 493.4078 225.0510 1.6400 0.6301 0.7034 -4.1995 1.5075 25.2136 -1.5135 2.2253
Car -1 -1 -1.6532 656.9699 181.8781 695.2662 213.4891 1.4941 1.5856 3.7971 3.6749 1.5148 35.9066 -1.5512 -0.1961
Pedestrian -1 -1 2.5427 976.1350 122.0480 1189.5139 373.0000 1.6885 0.6734 0.7338 2.5828 1.3869 4.0044 3.1155 0.5028
Car -1 -1 1.4140 729.3863 140.9230 777.8095 174.9307 1.4747 1.6225 3.9950 7.1177 -0.3284 33.9711 1.6205 -0.2141
Pedestrian -1 -1 -2.0996 977.3146 146.9290 1055.4384 265.4018 1.7433 0.6883 0.8713 6.2920 1.2359 11.0063 -1.5803 0.0470
Car -1 -1 -1.5821 655.1403 180.5657 684.6911 208.6508 1.5523 1.6286 3.9550 3.9523 1.5015 41.7387 -1.4877 -0.5930
Pedestrian -1 -1 1.3881 701.6191 174.2134 728.0245 233.6057 1.6448 0.6150 0.7086 3.1608 1.4442 20.2536 1.5429 -0.5762
