Car -1 -1 -1.6835 647.9802 167.1826 699.4819 211.2624 1.7043 1.6858 3.7974 2.9034 1.1517 29.6816 -1.5860 9.6950
Cyclist -1 -1 -1.7414 803.5111 152.9987 842.7732 229.9329 1.6643 0.5773 1.6485 5.0004 1.0490 16.3907 -1.4453 1.0570
Pedestrian -1 -1 -1.2152 289.3765 172.0932 364.2328 301.6894 1.7171 0.6925 0.9353 -3.8396 1.5938 9.9864 -1.5823 6.0091
Car -1 -1 -1.4994 521.9440 176.7439 558.6226 209.2132 1.4635 1.5010 3.3228 -2.8660 1.2500 34.0454 -1.5834 6.2508
Cyclist -1 -1 0.1077 588.6688 169.4228 609.7762 189.8287 1.7070 0.5559 1.7271 -0.1552 0.6972 60.4543 0.1051 -0.4578
Pedestrian -1 -1 -1.7996 799.0235 157.4070 841.3686 231.9733 1.6620 0.7450 0.8832 4.9681 1.1262 16.4733 -1.5067 2.9804
Car -1 -1 -1.6018 634.0685 176.7147 662.0346 201.6012 1.4555 1.5815 3.8016 2.8180 1.1764 43.9344 -1.5377 -0.2276
Pedestrian -1 -1 2.9092 726.3705 162.1701 779.2774 271.2503 1.7223 0.6835 0.7010 2.4095 1.4184 11.6909 3.1124 2.2162
Car -1 -1 -0.2432 557.9903 172.5101 602.4781 187.8884 1.4860 1.6196 4.1101 -2.0518 0.6176 70.7436 -0.2722 -0.6616
Pedestrian -1 -1 1.3957 652.4566 168.4082 673.0112 213.4179 1.7296 0.6600 0.8511 2.3698 1.2276 28.0553 1.4799 0.4659
Pedestrian -1 -1 -0.2276 760.6099 157.0530 782.9981 199.4337 1.7243 0.6386 0.7706 6.9860 0.7306 29.5445 0.0046 0.3008
Pedestrian -1 -1 0.6761 499.4639 168.9214 516.9412 197.9456 1.8080 0.6325 0.8924 -5.8662 1.0251 45.2459 0.5472 0.1364
Pedestrian -1 -1 -1.2663 242.6660 170.1632 299.9755 283.4099 1.7231 0.6282 0.7510 -5.2394 1.5519 11.3400 -1.6991 -0.5055
