Car -1 -1 -2.0330 806.9398 122.6722 1237.0000 373.0000 1.8852 1.7088 3.8239 3.2117 1.5125 6.4795 -1.5728 12.6475
Pedestrian -1 -1 1.7766 395.3110 191.6321 448.1380 286.4462 1.3396 0.6378 0.6411 -2.6726 1.4945 10.5517 1.5285 5.9564
Car -1 -1 -0.2559 532.9769 170.7326 606.3235 194.4632 1.5164 1.6700 4.5579 -2.0934 0.8291 47.3720 -0.3000 0.1143
Pedestrian -1 -1 -1.3089 359.2517 177.0918 426.6769 292.5423 1.4704 0.6861 0.7731 -2.7970 1.4156 9.5407 -1.5940 5.1959
Car -1 -1 -0.2741 472.9621 157.7339 537.8454 180.1890 1.4796 1.6349 4.1050 -6.5468 -0.0918 49.0767 -0.4067 -0.2382
Pedestrian -1 -1 -1.3590 404.6192 181.4270 471.9392 296.7670 1.4625 0.7272 0.7582 -2.1840 1.4629 9.4902 -1.5852 4.2446
Car -1 -1 -1.6960 667.4600 175.2426 726.5084 220.1130 1.4578 1.5823 3.7215 3.2525 1.2556 25.1986 -1.5676 -0.8070
Pedestrian -1 -1 -1.2991 215.7566 159.1215 288.5995 292.2192 1.7016 0.6690 0.8999 -4.7299 1.4168 9.6841 -1.7534 3.2018
Pedestrian -1 -1 1.7630 432.2725 176.7491 473.9679 266.0045 1.5252 0.6008 0.6800 -2.6369 1.4453 12.6164 1.5569 2.6845
Pedestrian -1 -1 1.9792 216.9518 183.2765 280.0509 284.7843 1.4157 0.6142 0.6429 -5.1232 1.4434 10.3639 1.5201 2.0873
Pedestrian -1 -1 0.2706 426.0971 149.7713 453.7302 204.6117 1.8299 0.6450 0.7691 -5.4847 0.7723 24.3071 0.0487 1.1526
