Car -1 -1 -1.8771 735.9798 144.1210 935.2014 298.6442 1.8817 1.6818 3.6870 3.1588 1.4278 10.6020 -1.5875 12.4566
Pedestrian -1 -1 -1.3801 426.9129 174.3918 477.2327 257.4828 1.5253 0.7922 0.8333 -2.8549 1.3961 13.6067 -1.5870 5.8159
Car -1 -1 -1.8281 660.4277 179.9959 733.6910 226.6033 1.4563 1.5797 3.5886 3.1284 1.4104 24.3236 -1.7002 1.3309
Pedestrian -1 -1 -1.4503 466.4638 183.5492 510.3777 260.3321 1.4080 0.7357 0.7745 -2.1665 1.4491 13.5916 -1.6084 4.8288
Car -1 -1 1.7672 424.6040 183.7639 523.3893 256.6493 1.4924 1.5752 3.5601 -2.8631 1.5516 16.6169 1.5966 0.8187
Pedestrian -1 -1 1.7150 452.5158 193.7288 485.9790 251.8771 1.1568 0.6034 0.5409 -2.7353 1.4130 14.6889 1.5309 4.6770
Car -1 -1 -1.4242 529.1319 178.9435 569.7821 208.8717 1.4561 1.5635 3.6499 -2.6212 1.3326 36.8260 -1.4953 0.1670
Pedestrian -1 -1 -1.3545 335.1087 165.7440 380.7387 256.4547 1.6883 0.6799 0.7840 -4.7033 1.3963 13.7947 -1.6831 2.9328
Pedestrian -1 -1 1.8595 327.8842 172.9692 369.5542 255.6551 1.6278 0.6297 0.6716 -5.1271 1.4611 14.4901 1.5194 1.1790
Pedestrian -1 -1 3.3030 465.1964 157.6218 484.8582 198.0979 1.7713 0.6071 0.7692 -5.5954 0.7273 31.7411 3.1285 0.0966
