Car -1 -1 -0.3582 548.6721 185.4370 827.6387 308.2722 1.4847 1.5347 3.5119 1.0934 1.5469 9.9309 -0.2486 8.9169
Pedestrian -1 -1 3.5146 104.5239 149.0853 303.7074 373.0000 1.7673 0.6844 0.8899 -2.4535 1.5864 4.4366 3.0095 1.8847
Car -1 -1 -0.5090 861.9914 160.2074 1000.2802 212.3988 1.6395 1.6374 3.8016 10.7137 0.9717 23.5340 -0.0818 0.8155
Pedestrian -1 -1 -0.8285 1102.9069 156.3947 1163.2229 230.9185 1.6745 0.6864 0.9052 12.2125 1.1116 16.5612 -0.1931 1.4753
Car -1 -1 0.5908 641.3409 150.1092 751.2712 194.5375 1.4900 1.5879 3.6611 3.3512 0.4383 25.8920 0.7195 -0.1324
Pedestrian -1 -1 3.2738 262.7057 169.0027 292.4616 221.4357 1.6592 0.6949 0.7922 -10.4664 1.2649 23.1757 2.8496 0.8157
Pedestrian -1 -1 -0.4993 1001.4694 160.9453 1058.8812 235.9777 1.6510 0.6956 0.8831 9.6000 1.1999 16.1668 0.0365 0.4361
Pedestrian -1 -1 2.6914 265.0367 161.6158 295.3211 217.8940 1.7190 0.6166 0.6590 -10.0404 1.1128 22.3897 2.2698 0.4089
Pedestrian -1 -1 0.1794 754.6616 159.7388 775.4876 198.0334 1.7343 0.6192 0.8357 7.5034 0.7497 32.9790 0.4031 -0.3030
Pedestrian -1 -1 3.1484 239.1763 163.0499 268.0558 220.2221 1.7266 0.6959 0.7916 -10.7607 1.1705 22.1751 2.6967 -0.5319
