Car -1 -1 0.5679 0.0000 202.1134 164.0864 338.5714 1.4984 1.5001 3.5835 -7.9126 1.7920 9.1847 -0.1433 9.8099
Cyclist -1 -1 -1.6647 1070.9734 152.2263 1116.2178 248.1417 1.6895 0.5377 1.7088 9.2031 1.1751 13.5286 -1.0673 -0.4166
Pedestrian -1 -1 -3.2089 499.5205 155.2848 631.3368 373.0000 1.7625 0.6207 1.0493 -0.3712 1.5580 6.0119 -3.2705 5.7851
Car -1 -1 -1.0294 1054.4714 147.2079 1237.0000 251.2952 1.7737 1.6707 3.8317 10.7527 1.1906 13.7009 -0.3639 2.7201
Pedestrian -1 -1 -0.6474 1012.5808 151.2016 1221.5129 373.0000 1.5947 0.8720 0.8959 3.6649 1.3933 5.2605 -0.0389 3.6416
Car -1 -1 -0.5984 726.6020 149.1372 894.7384 212.4062 1.8512 1.8206 4.9209 6.5587 0.9054 22.6463 -0.3165 0.2352
Pedestrian -1 -1 -2.6634 222.3212 178.9261 380.0207 373.0000 1.6854 0.6926 0.8652 -2.2577 1.6690 5.3559 -3.0624 3.6265
Pedestrian -1 -1 -0.5841 1049.6210 158.8935 1123.5677 249.8132 1.6655 0.7142 0.9090 9.0722 1.2527 13.5166 0.0070 1.5306
Pedestrian -1 -1 3.3840 336.0481 173.2440 366.9846 224.3117 1.7215 0.6465 0.8713 -8.5671 1.4443 24.5751 3.0485 0.5603
Pedestrian -1 -1 -0.6340 981.9783 163.3931 1035.1783 231.4153 1.5840 0.7164 0.8424 9.6650 1.1636 17.1310 -0.1204 -0.0912
