Car -1 -1 -0.5497 723.8729 156.0631 1004.7914 269.0985 1.7953 1.7178 4.4261 4.5328 1.3926 12.7017 -0.2069 9.2383
Cyclist -1 -1 1.3691 1169.1672 160.0265 1212.6980 227.6288 1.6724 0.5446 1.6707 15.2350 1.1423 18.6338 2.0545 -0.4335
Pedestrian -1 -1 2.8735 744.6070 160.3667 847.1152 333.1399 1.7215 0.6022 0.8969 1.9503 1.5123 7.4615 3.1292 4.8934
Car -1 -1 -0.2654 547.4880 127.4702 684.1576 176.6756 1.5019 1.6394 4.1828 0.4181 -0.1655 23.4870 -0.2476 0.6028
Pedestrian -1 -1 -3.1462 515.6289 167.0725 620.2780 354.7407 1.7362 0.6690 0.9714 -0.3787 1.6041 7.0055 -3.2002 4.5486
Pedestrian -1 -1 -0.4982 759.7063 157.6960 907.5849 373.0000 1.6689 0.6514 0.9561 1.8283 1.4889 5.8835 -0.1969 3.2802
Pedestrian -1 -1 1.7710 255.9488 159.0313 282.1134 212.8505 1.7617 0.6533 0.7721 -11.1061 1.0273 23.9621 1.3370 2.6264
Pedestrian -1 -1 2.8918 407.4415 171.6382 433.8787 219.6356 1.6973 0.6746 0.7806 -6.5381 1.3496 25.8818 2.6444 1.2697
Pedestrian -1 -1 1.8957 274.9428 160.6063 301.4494 214.0357 1.7780 0.6464 0.6555 -10.5966 1.0838 24.2570 1.4838 0.7133
Pedestrian -1 -1 1.9100 232.0284 160.8858 258.9838 215.0481 1.7691 0.6400 0.5942 -11.8098 1.0969 23.7939 1.4493 -0.3404
