Car -1 -1 -0.9376 1002.0634 149.2829 1237.0000 253.1129 1.7421 1.6724 3.9987 9.7294 1.2029 13.4592 -0.3116 7.1273
Pedestrian -1 -1 2.8619 565.0876 155.6561 689.3367 372.2988 1.7970 0.6627 0.9559 0.1619 1.5840 6.3967 2.8872 4.3506
Car -1 -1 -1.4578 1113.0331 133.5232 1216.3439 201.2531 1.4773 1.5738 3.7393 13.7839 0.4321 17.5487 -0.7920 2.2424
Pedestrian -1 -1 -2.5737 297.3790 173.4098 441.5304 373.0000 1.7458 0.6450 0.9007 -1.9005 1.6867 5.7858 -2.8911 3.9888
Car -1 -1 -0.4172 703.4052 144.8067 848.9039 198.0474 1.5428 1.6192 4.0123 5.2733 0.4807 21.9725 -0.1817 1.5595
Pedestrian -1 -1 -0.5516 950.7930 159.7749 1128.9245 373.0000 1.6488 0.7859 0.8613 3.2138 1.4981 5.4264 -0.0169 3.1433
Pedestrian -1 -1 -0.5731 1037.7816 162.9386 1113.2911 261.2735 1.6601 0.7173 0.8394 8.1817 1.3480 12.4857 0.0069 1.4571
Pedestrian -1 -1 -0.0133 886.9066 164.0708 925.9084 236.5542 1.6594 0.6449 0.8294 7.1298 1.2616 16.8975 0.3860 0.5079
Pedestrian -1 -1 1.9917 242.5002 157.6930 272.5603 212.5384 1.7484 0.6011 0.8144 -11.1793 0.9906 23.3124 1.5445 0.4418
Pedestrian -1 -1 3.3603 353.2189 172.1611 382.7263 224.6290 1.7925 0.6512 0.8533 -8.1106 1.4745 24.9033 3.0454 -0.4583
Pedestrian -1 -1 -0.1462 980.0418 164.7770 1025.8306 235.5930 1.6652 0.7097 0.8703 9.6628 1.2732 17.3748 0.3613 -0.5302
