Car -1 -1 -1.3949 480.9626 150.5977 526.7012 182.1010 1.4628 1.5913 3.7619 -4.9260 0.0758 34.7336 -1.5358 0.0461
Cyclist -1 -1 2.1389 436.9043 145.2250 479.5988 194.7341 1.7328 0.6564 1.8002 -5.3400 0.4997 25.6989 1.9340 3.1884
Pedestrian -1 -1 0.6943 647.4515 129.6508 833.1208 369.0000 1.7962 0.7440 0.9746 0.8379 1.5001 4.7484 0.8690 5.5019
Cyclist -1 -1 1.5052 538.9737 146.8186 561.8908 201.4203 1.6808 0.6179 1.6752 -1.7909 0.6455 22.6329 1.4263 0.9906
Pedestrian -1 -1 0.7015 695.6645 155.3185 862.7132 369.0000 1.6249 0.7755 0.9266 1.2278 1.4605 5.2636 0.9307 5.0063
Cyclist -1 -1 1.6450 570.5291 145.2289 593.6284 201.2156 1.6838 0.6021 1.6912 -0.7353 0.6246 22.1169 1.6118 0.7683
Pedestrian -1 -1 0.7236 346.1215 141.4683 463.5597 331.0670 1.7450 0.6728 0.8989 -2.0248 1.3875 6.9989 0.4420 4.3436
Pedestrian -1 -1 0.3877 983.5371 134.8145 1198.1821 369.0000 1.6668 0.7135 0.9155 2.9769 1.4183 4.4466 0.9777 4.2416
Pedestrian -1 -1 1.3318 568.5260 139.8249 596.6697 197.7402 1.7653 0.6725 0.9436 -0.7391 0.5270 22.0907 1.2983 4.0846
Pedestrian -1 -1 0.9996 255.8845 127.4094 386.8905 342.8233 1.7877 0.7058 0.9409 -2.6283 1.3488 6.4219 0.6112 3.7711
Pedestrian -1 -1 1.4440 510.8576 139.8165 541.3268 206.8050 1.7411 0.6993 0.8912 -2.1519 0.6853 18.8879 1.3306 3.1727
