Car -1 -1 -0.4120 64.6763 145.2829 193.4984 185.1660 1.4683 1.6170 3.9349 -18.8423 0.1733 28.1184 -1.0023 0.8643
Cyclist -1 -1 1.7415 482.4984 149.2574 501.2696 185.1374 1.6501 0.6009 1.6759 -5.3428 0.2147 33.3533 1.5827 0.6944
Pedestrian -1 -1 1.2761 580.3600 131.8094 638.8492 250.3815 1.8507 0.7007 0.9809 0.0150 1.0924 11.6017 1.2774 5.3175
Car -1 -1 -0.9793 148.0736 159.3474 268.1792 213.2636 1.5467 1.5647 3.5373 -12.2989 0.9415 22.1063 -1.4870 0.2258
Cyclist -1 -1 1.8508 460.6269 150.2948 482.0218 185.5548 1.6366 0.5727 1.6377 -6.3687 0.2361 33.6555 1.6638 -0.1838
Pedestrian -1 -1 1.3860 633.3814 131.6949 686.1576 249.4976 1.8631 0.7023 0.9505 0.8444 1.0929 11.6892 1.4581 4.4510
Car -1 -1 0.0851 0.0000 154.3355 82.1923 183.6390 1.5001 1.6155 4.1118 -30.7159 0.1621 38.0116 -0.5945 -0.7990
Pedestrian -1 -1 0.9424 787.7537 145.0784 908.8724 329.8577 1.7598 0.7576 0.9642 2.4343 1.4242 7.3030 1.2641 4.2559
Pedestrian -1 -1 1.1206 701.3214 142.5305 762.6250 246.5764 1.7502 0.7154 0.9535 2.1758 1.1131 12.4447 1.2937 4.1935
Pedestrian -1 -1 1.8135 393.5070 147.2332 416.4579 192.8046 1.6620 0.6566 0.7558 -7.4249 0.4503 26.1705 1.5371 -0.3967
