Car -1 -1 -1.4106 484.7074 150.6152 526.0096 179.9704 1.4702 1.5848 3.7497 -5.2242 -0.0280 37.3663 -1.5495 -0.1457
Cyclist -1 -1 1.5936 513.7122 150.0200 529.7957 190.5890 1.6758 0.6437 1.7236 -3.5545 0.4182 30.0895 1.4760 3.4961
Pedestrian -1 -1 0.8605 508.5356 122.2948 675.4583 369.0000 1.7857 0.7668 0.9429 -0.1578 1.4192 5.0746 0.8295 6.0047
Cyclist -1 -1 2.4014 422.8504 148.5512 458.2197 185.4312 1.6530 0.5210 1.6727 -7.5709 0.2225 32.5229 2.1726 -0.1921
Pedestrian -1 -1 0.8091 616.2733 130.7734 767.2536 369.0000 1.7460 0.6786 0.9432 0.5916 1.4085 5.3981 0.9183 4.3887
Cyclist -1 -1 -0.8519 43.5400 153.9531 113.4375 219.0873 1.7115 0.5597 1.7050 -14.4788 1.0156 19.4462 -1.4919 -0.7515
Pedestrian -1 -1 1.3620 545.3595 142.3396 586.4570 223.2692 1.7223 0.7242 0.9311 -0.9125 0.9118 15.5866 1.3035 4.2375
Pedestrian -1 -1 1.4149 521.2123 136.1198 552.1576 202.9833 1.7966 0.7109 0.9424 -1.9314 0.6057 19.5390 1.3163 4.1725
Pedestrian -1 -1 1.4056 545.5631 144.4189 573.7505 207.7272 1.6963 0.6466 0.8035 -1.2863 0.7311 19.4049 1.3394 3.2295
Pedestrian -1 -1 0.2502 1036.8209 89.2431 1223.0000 369.0000 1.7986 0.7246 0.9251 2.4515 1.4859 3.0179 0.9324 2.9924
Pedestrian -1 -1 0.4318 555.4496 172.1541 669.4777 364.0581 1.6487 0.6645 0.8602 0.0269 1.5787 6.5521 0.4359 1.5701
