Car -1 -1 -1.5023 536.3177 148.6832 576.7786 182.4031 1.4668 1.6036 3.9358 -2.2042 0.0843 32.7201 -1.5696 1.4575
Cyclist -1 -1 2.0529 445.0270 145.9612 483.9562 194.6139 1.7258 0.6636 1.7677 -5.1772 0.5022 26.0176 1.8564 3.3361
Pedestrian -1 -1 0.7794 614.2897 155.8283 790.1603 369.0000 1.6518 0.7810 0.9177 0.6026 1.5042 4.8775 0.9023 5.5426
Car -1 -1 -0.1181 402.9392 155.4101 473.4938 179.6875 1.5148 1.6110 4.2792 -10.7843 -0.0529 45.7035 -0.3498 0.6105
Pedestrian -1 -1 0.9172 316.4907 140.1581 435.4342 335.5426 1.7965 0.6775 0.9679 -2.3354 1.4272 7.0482 0.5972 5.3024
Car -1 -1 -1.2511 479.4897 148.7281 535.1870 180.3918 1.4868 1.6213 3.8568 -4.8161 -0.0043 35.2549 -1.3869 0.2639
Pedestrian -1 -1 0.7820 669.2134 154.1538 828.9169 369.0000 1.6524 0.7571 0.9529 1.0420 1.4728 5.4699 0.9702 5.0690
Car -1 -1 0.5301 0.0000 154.9290 65.0089 187.1920 1.4832 1.6000 3.8118 -28.2791 0.3091 33.6097 -0.1694 -0.0363
Pedestrian -1 -1 0.9919 239.4659 125.9482 373.8200 344.1141 1.8299 0.7051 0.9956 -2.7929 1.3741 6.4945 0.5857 4.5929
Pedestrian -1 -1 1.4478 507.9423 142.7808 537.1046 209.1462 1.7529 0.6746 0.9337 -2.2839 0.7582 19.2037 1.3294 3.6195
Pedestrian -1 -1 1.5038 569.5580 145.1576 592.8459 199.2756 1.6835 0.6829 0.8217 -0.7927 0.5856 22.4341 1.4685 3.4642
Pedestrian -1 -1 -2.5252 1043.5643 106.3077 1223.0000 369.0000 1.7465 0.6828 0.9332 3.1803 1.3729 4.1177 -1.8676 2.5072
Pedestrian -1 -1 1.5909 540.4084 146.3263 562.5325 201.5301 1.7501 0.6982 0.8703 -1.7550 0.6683 22.8643 1.5143 -0.0894
