Car -1 -1 0.7278 19.6152 153.1145 118.4832 184.8892 1.4610 1.5674 3.5959 -25.3153 0.2033 33.4285 0.0796 1.1280
Cyclist -1 -1 1.2081 519.5824 140.5941 566.7227 212.4368 1.7678 0.6237 1.7702 -1.6620 0.7874 18.3252 1.1177 1.7487
Pedestrian -1 -1 1.5339 551.6117 140.2461 579.9729 209.8542 1.7686 0.7029 0.8973 -1.0676 0.7474 18.4396 1.4761 5.7097
Cyclist -1 -1 2.3245 388.6596 147.5353 425.8386 187.6613 1.6973 0.4805 1.7701 -8.6177 0.3044 30.7976 2.0516 -0.3079
Pedestrian -1 -1 1.4167 523.2388 136.7096 555.1704 208.0491 1.8209 0.6966 0.9419 -1.7745 0.7048 18.5842 1.3215 5.0921
Pedestrian -1 -1 0.9676 558.1926 141.6874 613.1606 230.4017 1.7641 0.7181 0.9629 -0.4489 0.9939 14.6552 0.9370 4.4092
Pedestrian -1 -1 0.8310 609.5219 114.3106 795.8326 369.0000 1.7981 0.7360 0.9627 0.5552 1.4274 4.5787 0.9516 4.3409
Pedestrian -1 -1 -2.4745 431.3418 152.4901 552.9471 346.5304 1.6790 0.6756 0.9016 -1.1035 1.4384 6.6262 -2.6396 4.2018
Pedestrian -1 -1 0.7206 701.8316 144.2159 884.6878 369.0000 1.6854 0.7487 0.9333 1.1983 1.4721 4.7822 0.9661 3.5677
Pedestrian -1 -1 1.2849 598.0608 146.0174 634.3082 211.4202 1.6644 0.7240 0.8948 0.2480 0.7885 18.5168 1.2983 3.3862
