Car -1 -1 -0.1308 406.7319 156.2789 474.5798 180.0876 1.4866 1.6343 4.0915 -10.6218 -0.0262 45.6783 -0.3593 0.3760
Cyclist -1 -1 2.7034 420.2184 150.1509 467.7422 194.4099 1.6330 0.6064 1.6590 -6.1281 0.5147 26.8316 2.4788 2.2309
Pedestrian -1 -1 0.9228 623.1171 137.4341 694.4379 255.7842 1.7967 0.6722 0.9968 0.8046 1.1446 11.3302 0.9937 5.9275
Car -1 -1 1.8051 95.0342 153.7261 182.5798 204.0901 1.4860 1.5605 3.6060 -14.9570 0.6976 22.8168 1.2248 -0.2495
Pedestrian -1 -1 1.3613 539.0610 134.5357 578.0974 221.5576 1.8343 0.6633 0.9574 -1.0653 0.8671 15.4499 1.2925 5.6882
Pedestrian -1 -1 1.4850 576.7990 137.8927 613.7911 221.2113 1.7576 0.7238 0.9532 -0.2636 0.8604 15.4211 1.4679 4.4454
Pedestrian -1 -1 -1.3566 437.3883 146.9260 460.4299 190.6510 1.6138 0.6847 0.8283 -5.8718 0.3762 26.5054 -1.5746 2.4657
Pedestrian -1 -1 1.2439 628.5016 147.2570 668.3530 224.5585 1.6765 0.6456 0.8618 0.9234 0.9571 15.8302 1.3022 2.1488
Pedestrian -1 -1 1.2668 316.2545 136.4994 349.1555 198.1798 1.7394 0.6799 0.7974 -7.9166 0.5001 20.4575 0.8976 0.5733
Pedestrian -1 -1 3.4408 340.2241 157.6570 362.7304 197.9019 1.7287 0.6288 0.7698 -11.0240 0.7490 30.6973 3.0961 -0.0099
