Car -1 -1 1.9002 302.8444 155.3248 369.0216 189.7023 1.4923 1.6406 4.0502 -12.3820 0.4009 32.7373 1.5386 1.3978
Cyclist -1 -1 2.0977 471.6889 149.6777 505.6171 192.6734 1.6377 0.5609 1.6583 -4.5838 0.4652 27.8017 1.9343 0.1343
Pedestrian -1 -1 0.4311 577.7682 134.4570 716.4078 369.0000 1.8212 0.6673 0.9902 0.3117 1.4656 6.0074 0.4829 6.3904
Car -1 -1 -0.1010 404.3718 155.0185 471.6547 179.1058 1.5019 1.6076 4.0888 -10.7937 -0.0916 45.6743 -0.3330 0.5114
Cyclist -1 -1 1.5327 234.8662 123.3720 310.1282 310.8084 1.6818 0.6152 1.7201 -3.4923 1.1709 7.2430 1.0834 -0.8281
Pedestrian -1 -1 0.4856 521.0756 136.9705 672.7701 369.0000 1.7495 0.7351 0.9207 -0.1020 1.4527 5.3803 0.4666 4.7366
Car -1 -1 1.6849 344.3312 146.9624 393.1729 185.2337 1.6411 1.6702 4.1285 -10.8054 0.2045 32.5057 1.3640 -0.5496
Pedestrian -1 -1 1.4428 493.5948 144.8489 521.9320 205.8439 1.7171 0.6977 0.9166 -2.8518 0.7151 20.4339 1.3042 4.4254
Pedestrian -1 -1 0.8509 222.9517 154.1188 331.6124 323.9334 1.6621 0.7129 0.7514 -3.4661 1.4056 7.3925 0.4124 3.7620
Pedestrian -1 -1 1.5294 567.9891 145.3912 589.7204 196.8278 1.6845 0.6904 0.7731 -0.9068 0.5362 23.5624 1.4909 2.9933
