Car -1 -1 -0.1160 402.5561 155.0839 469.9091 178.9678 1.4870 1.6371 4.0698 -10.9073 -0.1008 45.6723 -0.3504 0.2658
Pedestrian -1 -1 0.9055 815.1053 79.6640 1050.7980 369.0000 1.8199 0.7031 0.8916 1.5909 1.3720 3.6679 1.3147 2.8872
Car -1 -1 -0.9165 1124.7870 144.4654 1223.0000 369.0000 1.6372 1.6830 4.3754 6.8636 1.3986 5.6201 -0.0319 -0.4358
Pedestrian -1 -1 -1.0859 254.8042 149.0059 286.2586 203.5269 1.7290 0.6260 0.7840 -10.8209 0.7318 22.8225 -1.5286 2.3417
Pedestrian -1 -1 0.7331 965.3189 93.9899 1223.0000 369.0000 1.8290 0.7329 0.8770 2.4685 1.4400 3.7034 1.3210 2.0222
Pedestrian -1 -1 -1.7663 318.8194 140.0707 349.3488 198.7604 1.6425 0.6666 0.8434 -7.8246 0.5126 20.3170 -2.1339 1.5889
Pedestrian -1 -1 -0.7013 1133.7275 158.3958 1223.0000 369.0000 1.6085 0.6441 0.7597 4.7138 1.4470 5.5395 0.0037 0.4354
Pedestrian -1 -1 -1.4708 368.3442 143.6266 393.7780 198.2004 1.7000 0.6917 0.8597 -7.1538 0.5529 22.5114 -1.7785 -0.1594
Pedestrian -1 -1 -1.4381 299.3105 140.8698 325.8127 200.6743 1.7614 0.6309 0.8716 -8.8440 0.5957 21.3215 -1.8313 -0.5187
Pedestrian -1 -1 4.2494 338.4210 159.7963 360.8994 200.0234 1.7185 0.6502 0.7521 -11.1079 0.8355 30.6954 3.9022 -0.7930
