Car -1 -1 -0.1184 403.9967 154.8833 472.3268 179.0483 1.5057 1.6072 4.1371 -10.7861 -0.0955 45.6919 -0.3502 0.6172
Cyclist -1 -1 2.1545 0.0000 118.7129 89.1320 267.9226 1.6815 0.5605 1.6909 -7.3195 0.9869 8.8340 1.4626 -0.1667
Pedestrian -1 -1 1.1332 767.1545 114.6451 936.3710 369.0000 1.7882 0.6939 0.9295 1.4929 1.4105 4.5726 1.4488 4.9781
Car -1 -1 2.0483 174.4186 162.5573 279.3445 207.7897 1.4809 1.6275 4.0068 -13.3336 0.8950 25.1548 1.5609 -0.5990
Cyclist -1 -1 2.2278 0.0000 160.9296 51.9137 213.7859 1.6578 0.5530 1.6559 -18.9356 1.0456 23.0080 1.5392 -0.8305
Pedestrian -1 -1 1.0159 876.3121 140.9666 1068.8875 369.0000 1.7223 0.7666 0.8295 2.2494 1.4958 4.5253 1.4772 4.7824
Pedestrian -1 -1 0.1864 1063.9811 147.1405 1211.3826 353.7625 1.6366 0.8112 0.9022 4.6179 1.3741 6.2019 0.8265 3.8438
Pedestrian -1 -1 -1.1939 235.6580 148.2812 267.7385 204.0139 1.7804 0.6506 0.9043 -11.5453 0.7527 23.0609 -1.6580 1.0786
Pedestrian -1 -1 -1.9332 359.3296 142.5216 390.7207 197.7100 1.7427 0.6929 0.8955 -7.4797 0.5450 22.8878 -2.2490 -0.3855
Pedestrian -1 -1 0.9188 315.7782 133.9685 354.8810 193.1128 1.6591 0.7029 0.8118 -7.7919 0.3554 20.3417 0.5530 -0.8383
