Car -1 -1 3.2620 254.7966 147.4965 367.1970 190.1274 1.4619 1.5706 3.5782 -10.5253 0.3317 25.4779 2.8702 -0.3589
Cyclist -1 -1 -0.7754 0.0000 156.1861 70.5031 221.1123 1.7119 0.5757 1.7095 -15.7947 1.0724 19.5195 -1.4557 1.7660
Pedestrian -1 -1 1.2418 614.8964 129.0964 688.8491 281.4858 1.8558 0.6832 0.9376 0.5394 1.2315 9.1485 1.3007 4.9369
Car -1 -1 0.1264 0.0000 128.9444 50.0529 190.4976 1.4962 1.6019 4.0192 -17.5494 0.2446 19.0006 -0.6193 -0.6302
Cyclist -1 -1 3.2705 468.0205 151.1297 507.7173 188.9092 1.6244 0.5816 1.6415 -5.1010 0.3631 30.7167 3.1059 0.0002
Pedestrian -1 -1 1.1417 673.9079 142.2989 754.2042 288.7788 1.7749 0.7055 0.9014 1.3358 1.3137 9.0936 1.2875 4.8730
Car -1 -1 -1.5647 532.6380 150.8508 568.2769 184.1671 1.4556 1.5554 3.5190 -2.5312 0.1617 32.6956 -1.6420 -0.6728
Pedestrian -1 -1 0.6343 1044.7245 141.4333 1223.0000 369.0000 1.6992 0.7373 0.8786 3.5874 1.4665 4.7644 1.2797 3.5770
Car -1 -1 -1.3913 388.6118 154.8899 424.8999 178.7660 1.4743 1.5970 3.9358 -12.8433 -0.1165 45.9848 -1.6636 -0.7869
Pedestrian -1 -1 1.0199 773.2660 148.1059 851.2804 267.0674 1.6467 0.7297 0.8930 2.9585 1.2000 10.3102 1.2994 3.4024
Pedestrian -1 -1 -1.1307 236.7669 152.8237 271.2709 210.6779 1.7090 0.6321 0.8482 -10.6039 0.8930 21.3117 -1.5924 -0.3166
