Car -1 -1 -1.9605 811.8327 183.7012 1137.3197 365.0141 1.4603 1.6470 4.2229 3.6065 1.6159 8.1948 -1.5459 12.5432
Cyclist -1 -1 -3.1704 896.0429 161.5081 976.9535 233.4043 1.7010 0.6383 1.7794 7.9324 1.4329 17.7035 -2.7492 1.6478
Pedestrian -1 -1 0.2008 446.3313 169.7815 469.5521 222.3951 1.6897 0.6794 0.6187 -4.9955 1.5914 23.5117 -0.0086 2.8362
Car -1 -1 2.8152 712.7317 168.1132 791.5527 197.9137 1.6359 1.6491 4.0456 7.9522 1.3760 40.6934 3.0082 9.4725
Pedestrian -1 -1 1.3115 133.7428 158.7811 155.7123 198.2381 1.7999 0.6399 0.9243 -21.6180 1.1583 33.4593 0.7379 0.8740
Car -1 -1 2.3596 479.0790 176.1647 562.6760 210.1450 1.4342 1.5249 3.8020 -4.0323 1.5941 32.8002 2.2373 8.5089
Pedestrian -1 -1 0.1673 459.4240 174.4020 485.0866 222.1701 1.6958 0.6246 0.8153 -4.9938 1.7526 25.9552 -0.0228 -0.3720
Car -1 -1 0.9525 224.5872 182.9704 294.0988 212.1872 1.4763 1.5585 3.6494 -19.0445 2.0466 39.0919 0.4992 4.7630
Car -1 -1 -3.3183 901.4272 168.2647 980.3339 196.0156 1.5045 1.6094 3.7856 18.4085 1.2561 40.3656 -2.8904 4.4058
Car -1 -1 -1.9344 171.6825 138.0027 244.6910 172.4728 1.4470 1.5610 3.8773 -17.9890 -0.0176 32.1693 -2.4443 3.8032
Car -1 -1 1.8375 575.0697 175.6435 603.0258 192.2228 1.4742 1.6101 3.9543 -1.9303 1.7416 66.9756 1.8087 1.3194
Car -1 -1 -0.8055 0.0000 184.3279 74.7113 215.9925 1.5775 1.6221 3.8300 -31.5756 2.2353 39.3585 -1.4816 1.1672
