Car -1 -1 -1.8680 771.2808 180.1672 963.4697 297.1773 1.4754 1.6386 4.1445 3.7522 1.6129 11.4441 -1.5511 13.3767
Cyclist -1 -1 -3.1279 867.3238 165.7139 937.6129 228.8659 1.7548 0.6715 1.8419 8.3361 1.5568 20.7124 -2.7452 1.3487
Pedestrian -1 -1 0.1751 472.9542 170.1876 493.3475 215.6837 1.6643 0.7020 0.6331 -4.7406 1.5671 26.7430 -0.0003 2.5214
Car -1 -1 -3.3416 773.1334 168.2995 844.7424 195.7612 1.6436 1.6589 3.9708 12.0913 1.3714 44.1439 -3.0743 9.0537
Pedestrian -1 -1 -0.3783 882.5363 161.6371 919.2867 217.3183 1.5841 0.6010 0.8189 8.3430 1.2653 20.8261 0.0027 0.4592
Car -1 -1 2.5007 567.6045 175.0776 642.9362 202.6754 1.4373 1.6006 3.9797 -0.2666 1.5657 39.7108 2.4940 8.3382
Pedestrian -1 -1 -0.4832 944.8395 157.0596 969.9344 195.4464 1.6620 0.6219 0.7901 15.1510 0.9785 31.5615 -0.0356 0.3316
Car -1 -1 3.3063 391.9888 180.5641 460.2709 206.5151 1.4359 1.5714 3.5895 -10.5436 1.8887 41.4099 3.0570 5.4413
Pedestrian -1 -1 1.2547 832.5100 169.5534 845.8282 198.1818 1.7084 0.5986 0.6220 13.7392 1.5118 43.3691 1.5615 -0.3894
Car -1 -1 -3.6375 1163.1468 158.6271 1241.0000 187.3372 1.5404 1.5984 3.7826 33.1115 0.7774 39.8649 -2.9444 5.1357
Car -1 -1 2.2535 34.2036 187.2378 113.8546 215.7399 1.4995 1.5848 3.9492 -31.1211 2.3770 41.9912 1.6157 0.2700
Car -1 -1 -0.8675 772.5627 172.9531 848.1302 203.5231 1.4781 1.5718 3.8646 10.1576 1.4837 36.6321 -0.5970 -0.0776
Car -1 -1 2.0525 259.8956 182.8359 317.3996 208.8567 1.4679 1.5932 3.9039 -19.6588 2.1079 44.2336 1.6343 -0.4411
