Car -1 -1 2.3361 0.0000 184.9549 117.3240 291.1268 1.4860 1.6617 4.2668 -11.1269 1.7368 12.7618 1.6190 10.6160
Cyclist -1 -1 1.7723 487.5798 171.4982 498.3031 191.0737 1.7190 0.6041 1.7596 -10.4384 1.6003 64.2509 1.6112 1.0286
Pedestrian -1 -1 2.0565 176.9179 171.8479 199.9735 212.2142 1.7196 0.6081 0.6870 -18.2016 1.6771 31.0912 1.5269 -0.6324
Car -1 -1 -1.6601 694.2182 173.9056 741.1331 209.2504 1.4341 1.6435 4.2157 4.5985 1.4836 31.5523 -1.5154 8.1373
Pedestrian -1 -1 0.2240 553.2776 169.8988 568.0609 194.5212 1.5977 0.5921 0.8547 -3.2541 1.4063 47.1739 0.1551 -0.7118
Car -1 -1 -3.5299 1061.9763 158.5259 1123.9320 177.1443 1.4587 1.5771 3.8006 38.5347 0.3365 57.6791 -2.9409 5.4008
Car -1 -1 -3.1776 787.0521 169.4609 836.1998 186.8259 1.4874 1.6416 4.0787 17.5621 1.1972 63.0765 -2.9061 2.7721
Car -1 -1 1.4432 663.9013 176.7561 696.9124 200.3880 1.4530 1.6429 3.9586 4.5133 1.7185 47.0269 1.5389 2.6389
Car -1 -1 -3.2570 890.1659 161.8066 942.2751 179.5601 1.4663 1.5787 3.8902 25.7760 0.5542 60.8967 -2.8566 2.4098
Car -1 -1 1.8939 422.4595 179.0099 453.3796 195.5336 1.4752 1.6315 4.0696 -16.2130 2.0743 68.0777 1.6601 0.8179
