Car -1 -1 2.2224 32.8242 185.1972 225.8287 257.6846 1.3952 1.5900 3.9935 -10.8726 1.7152 16.6318 1.6434 12.6490
Cyclist -1 -1 2.1603 211.6527 172.3240 247.0722 209.4712 1.7012 0.6154 1.7329 -17.9221 1.6773 33.9350 1.6744 1.5991
Pedestrian -1 -1 -1.9231 827.0240 159.8671 851.9760 206.8305 1.7779 0.6478 0.8859 8.7833 1.2866 27.7697 -1.6168 0.3802
Car -1 -1 -1.6272 696.1827 175.0125 737.0254 208.7708 1.4561 1.6345 4.0723 4.8491 1.5629 33.4870 -1.4834 9.6695
Cyclist -1 -1 -3.2058 759.4825 169.1160 791.0230 197.6272 1.6675 0.6380 1.7793 9.7257 1.4492 42.6536 -2.9816 -0.2994
Pedestrian -1 -1 1.2184 60.3395 159.9588 86.8357 202.0856 1.6610 0.6239 0.7717 -21.5417 1.1529 28.9178 0.5782 -0.2520
Car -1 -1 -3.4024 1055.2678 161.4863 1115.2496 179.6057 1.4602 1.5813 3.8517 39.1144 0.5445 59.5020 -2.8209 4.3215
Pedestrian -1 -1 3.7471 70.3407 159.2437 96.4476 196.8540 1.6920 0.6069 0.7453 -23.9536 1.0801 32.7708 3.1159 -0.3988
Car -1 -1 -3.1656 800.0157 170.9741 843.5481 187.5649 1.4594 1.5774 3.7025 18.9377 1.2944 64.7068 -2.8808 4.0188
Car -1 -1 -3.2537 887.0452 168.0989 935.3919 185.4937 1.4850 1.5633 3.7334 26.1811 1.0794 62.8647 -2.8591 3.5287
Car -1 -1 1.0566 0.0000 180.2575 74.5678 224.7544 1.4449 1.5659 3.5422 -20.7872 1.7184 25.2497 0.3678 1.5673
Car -1 -1 -3.1786 834.9962 177.4381 877.0084 193.3147 1.4823 1.5906 3.7670 23.6126 1.9320 69.4166 -2.8507 0.3035
Car -1 -1 2.3414 0.0000 150.1820 50.6637 191.6854 1.5657 1.6276 3.7595 -24.9799 0.7108 29.1444 1.6328 -0.2470
Car -1 -1 2.2179 14.2758 161.3198 114.2567 199.2258 1.6158 1.6433 3.8098 -24.6121 1.1245 32.6596 1.5721 -0.6690
Car -1 -1 -1.6613 666.0446 186.6096 692.7096 208.9315 1.4575 1.5584 3.5494 4.8500 2.4656 51.0784 -1.5667 -0.7935
