Car -1 -1 -1.7137 714.3483 172.5482 791.3031 227.6991 1.4852 1.6540 4.1053 4.1015 1.4773 21.5158 -1.5253 12.7723
Cyclist -1 -1 -3.0097 795.3237 164.4605 841.3807 205.9183 1.7328 0.6731 1.8184 8.8598 1.3823 30.8275 -2.7298 -0.0734
Pedestrian -1 -1 -0.3183 714.5966 165.9557 747.9251 225.6720 1.6774 0.6372 0.7788 3.4159 1.4840 20.6391 -0.1543 0.7469
Car -1 -1 -3.2464 870.7099 164.5324 931.7574 186.3923 1.5464 1.5898 3.9595 21.0460 0.9581 52.3453 -2.8641 4.4769
Cyclist -1 -1 1.4656 639.3789 169.2107 648.8737 187.7753 1.6558 0.6765 1.7449 3.0604 1.3312 65.2442 1.5125 -0.6830
Pedestrian -1 -1 -0.1600 711.2862 168.8813 739.8420 224.9359 1.6312 0.5982 0.7450 3.3583 1.5160 21.2947 -0.0036 0.1597
Car -1 -1 -3.5623 1132.0321 155.6217 1209.9792 177.9390 1.4599 1.5578 3.8249 37.5441 0.3330 48.4076 -2.9026 4.0854
Pedestrian -1 -1 0.0898 523.2274 168.2229 536.6171 201.4620 1.6902 0.6756 0.6260 -4.1443 1.4551 37.0323 -0.0217 -0.2308
Car -1 -1 -1.2636 837.9502 162.7198 874.8481 184.0703 1.7311 1.6866 4.4129 20.7646 0.9098 60.7742 -0.9344 1.1179
Pedestrian -1 -1 0.0624 531.2140 171.5447 546.4466 201.8770 1.6461 0.6000 0.7942 -3.9257 1.5754 39.4682 -0.0367 -0.2956
Car -1 -1 1.2444 905.7310 157.0231 938.8762 173.7705 1.5713 1.6845 4.1927 30.1687 0.0863 69.8524 1.6521 0.6237
Car -1 -1 -3.2428 870.9098 166.4818 933.8827 188.6610 1.5280 1.6424 3.9805 20.6008 1.0893 51.0486 -2.8592 0.4532
Car -1 -1 1.5535 788.7623 170.5052 807.6267 186.6405 1.4915 1.6668 4.1322 17.9249 1.2748 68.9000 1.8080 0.2328
Car -1 -1 1.3879 1170.8309 159.9750 1228.5228 189.5852 1.4790 1.6588 3.9825 31.0851 0.8361 38.1831 2.0712 -0.6194
