Car -1 -1 -1.8063 744.8473 179.2640 880.5589 266.0020 1.4587 1.6424 4.1957 3.8413 1.6073 14.5602 -1.5483 14.1821
Cyclist -1 -1 -3.2421 835.6172 166.2756 895.5587 220.0716 1.7485 0.6623 1.8194 8.4298 1.5351 23.9854 -2.9042 2.2702
Pedestrian -1 -1 0.1497 492.5765 171.6627 511.3888 212.3490 1.6692 0.7010 0.6765 -4.5209 1.6206 29.9489 -0.0002 2.0400
Car -1 -1 -3.2271 813.1621 167.0099 880.9695 192.5783 1.6206 1.6229 4.0678 15.3482 1.2506 46.9856 -2.9113 7.3625
Cyclist -1 -1 1.8850 398.4457 163.7084 410.6837 182.5788 1.6835 0.5750 1.6769 -18.5828 0.8680 65.2187 1.6075 -0.6982
Pedestrian -1 -1 1.6902 505.7465 172.4409 521.8483 209.0907 1.6308 0.6380 0.7216 -4.3652 1.6127 32.4677 1.5566 1.3596
Car -1 -1 2.6693 632.8403 173.5959 697.3442 198.0283 1.4754 1.5853 3.7054 3.4111 1.5236 45.1043 2.7448 5.1890
Cyclist -1 -1 1.6780 489.0147 173.8387 496.9350 192.1658 1.6833 0.5547 1.6643 -10.9144 1.7765 67.2045 1.5170 -0.8128
Pedestrian -1 -1 -0.3451 854.4681 167.8350 884.4831 213.0667 1.4816 0.6204 0.7720 8.5592 1.3175 23.9421 -0.0017 -0.7075
Car -1 -1 0.4692 369.4267 181.2319 434.5068 205.7250 1.4516 1.5429 3.5518 -12.8720 1.9825 44.5956 0.1882 4.8298
Car -1 -1 -3.5623 1167.1640 158.6833 1241.0000 185.2710 1.5149 1.5965 3.7048 35.2404 0.7079 42.3778 -2.8686 4.5333
Car -1 -1 2.1123 81.3024 186.4546 145.5592 212.6424 1.4999 1.5831 3.8166 -31.1249 2.3910 45.3028 1.5103 0.2295
Car -1 -1 -3.4630 975.8158 164.7117 1090.8645 197.6155 1.4910 1.6622 4.3663 19.7826 1.1224 33.9526 -2.9354 -0.1655
