Car -1 -1 -1.6546 697.4709 172.2139 745.6737 209.6624 1.4278 1.6071 3.9801 4.4592 1.4037 29.5458 -1.5048 8.7004
Cyclist -1 -1 2.1076 125.8314 170.8323 167.0765 214.6977 1.6773 0.5860 1.6932 -18.2929 1.6003 28.4432 1.5361 2.9256
Pedestrian -1 -1 2.1163 133.1065 168.4686 162.4241 210.9043 1.6497 0.6376 0.8285 -18.2738 1.4796 28.4693 1.5456 -0.6744
Car -1 -1 -3.2594 888.9409 161.6129 945.5311 180.0390 1.4759 1.6004 4.1052 25.1053 0.5759 59.1360 -2.8579 3.4012
Cyclist -1 -1 -2.9040 765.6787 162.9293 800.5013 195.2806 1.7141 0.5385 1.7463 9.2839 1.1886 38.8641 -2.6695 -0.6049
Pedestrian -1 -1 0.2111 548.4056 167.6186 563.1557 194.3389 1.6617 0.5978 0.8153 -3.4280 1.3365 45.2204 0.1354 -0.7995
Car -1 -1 -3.4250 1075.6511 158.4889 1138.4618 178.0176 1.4749 1.5510 3.7136 38.3645 0.3903 55.8087 -2.8228 2.3202
Car -1 -1 -3.1745 780.4119 166.4592 826.9582 184.2994 1.4898 1.5491 3.7760 16.4306 0.9561 61.4317 -2.9132 1.7363
Car -1 -1 1.5162 766.8636 168.5718 800.4724 196.4277 1.4900 1.6215 3.8879 9.7019 1.2613 40.6502 1.7505 0.7910
Car -1 -1 -3.1294 825.5540 169.4938 869.6846 186.0237 1.4897 1.5879 3.8130 21.8369 1.1872 66.3932 -2.8117 0.3080
Car -1 -1 2.0073 414.7258 177.5639 447.4693 194.3866 1.4693 1.5608 3.5293 -16.3375 1.9125 65.9544 1.7645 0.2666
