Car -1 -1 -1.8276 767.4589 182.2458 938.4184 288.0495 1.4020 1.6232 4.1334 3.7508 1.5863 12.0325 -1.5254 12.9270
Cyclist -1 -1 -3.2794 857.9443 160.9179 933.0240 225.4230 1.8584 0.6990 1.9876 8.3745 1.5149 21.3566 -2.9057 0.5736
Pedestrian -1 -1 0.1526 477.8822 171.1632 499.0989 216.0695 1.6817 0.6957 0.6973 -4.6479 1.6187 27.3716 -0.0156 2.8995
Car -1 -1 2.5455 581.6960 175.9145 652.7474 202.5610 1.4302 1.5565 3.8018 0.3935 1.6109 40.8146 2.5551 8.2361
Cyclist -1 -1 1.9328 342.6999 163.6549 355.3116 181.6421 1.7148 0.5778 1.7100 -25.2023 0.8382 69.6436 1.5856 -0.7751
Pedestrian -1 -1 -0.3909 874.7809 165.1280 906.9316 218.6968 1.5658 0.6245 0.7031 8.2801 1.3403 21.4069 -0.0218 0.8967
Car -1 -1 -3.3180 781.8424 169.7065 849.8542 195.8797 1.5848 1.6443 3.8195 12.6716 1.3945 44.6942 -3.0417 6.0552
Pedestrian -1 -1 -0.6422 935.7454 157.3160 960.8914 194.9703 1.6600 0.6350 0.7935 15.0545 0.9754 32.1985 -0.2049 -0.3556
Car -1 -1 -3.3987 959.4952 167.6313 1046.2029 193.0667 1.4663 1.6320 4.2493 23.2419 1.1656 42.8900 -2.9021 5.5839
Car -1 -1 0.9891 239.8137 182.4354 298.6885 207.5577 1.4551 1.5448 3.6390 -21.1174 2.0693 44.6197 0.5470 3.8340
Car -1 -1 -3.5824 1168.4670 157.7333 1241.0000 184.8906 1.4697 1.5739 3.5717 33.5933 0.6517 40.2560 -2.8870 3.6008
Car -1 -1 2.2465 8.5626 190.2601 85.3074 219.1203 1.5977 1.6058 3.9372 -34.5076 2.7147 44.3082 1.5848 2.6503
Car -1 -1 0.2066 389.0028 181.2188 457.8269 206.9916 1.4491 1.5733 3.6343 -10.8544 1.9465 42.0000 -0.0463 2.6337
Car -1 -1 1.5960 587.3285 174.3825 605.2133 190.1527 1.4961 1.6566 4.0881 -1.3403 1.6510 70.8957 1.5771 -0.0047
Car -1 -1 -3.4525 1074.7412 152.9658 1167.1727 182.8096 1.6057 1.6339 3.8850 28.3312 0.5360 40.1775 -2.8384 -0.6535
