Car -1 -1 2.4590 440.3343 177.3351 573.8719 224.8989 1.4344 1.6422 4.4109 -3.4189 1.5995 24.3419 2.3194 11.8563
Cyclist -1 -1 -3.4082 1144.2761 166.7066 1241.0000 313.0301 1.6583 0.8314 1.8908 7.8351 1.5889 8.9611 -2.6897 3.5224
Pedestrian -1 -1 0.3053 335.8207 171.3968 383.0642 258.3827 1.7109 0.7256 0.7176 -5.0968 1.6826 14.5631 -0.0313 4.0047
Car -1 -1 2.7331 745.7403 166.5115 846.9204 207.8093 1.7608 1.7004 3.9854 8.1650 1.4907 31.9140 2.9835 9.9686
Cyclist -1 -1 0.1830 0.0000 180.6370 88.8220 326.8452 1.6473 0.7764 1.8067 -7.7133 1.7533 8.9999 -0.5255 0.4498
Pedestrian -1 -1 1.8574 376.5781 173.6858 410.9769 245.0728 1.6512 0.6409 0.5737 -5.1326 1.6715 16.9827 1.5639 1.3211
Car -1 -1 2.4245 0.0000 185.8100 71.1695 374.0000 1.5570 1.6036 4.0685 -8.2140 1.7335 7.7441 1.6096 6.0427
Pedestrian -1 -1 0.4064 287.2424 179.7342 313.0632 217.4070 1.5886 0.7255 0.7955 -13.3130 1.8873 30.9188 -0.0001 0.9131
Car -1 -1 -1.5036 415.0038 179.0171 452.6911 211.4877 1.5399 1.6273 3.7804 -9.0130 1.8732 36.9768 -1.7427 4.5489
Pedestrian -1 -1 0.4283 265.4830 182.3252 281.4021 205.8964 1.5861 0.6130 0.8001 -22.9343 2.2352 49.1089 -0.0086 0.1134
Car -1 -1 1.6713 567.5721 176.8007 592.1728 196.4097 1.5022 1.5999 3.8579 -2.4159 1.8308 58.0389 1.6297 3.4616
Pedestrian -1 -1 0.4779 234.9075 183.0629 251.9522 205.6078 1.5178 0.5803 0.8652 -24.9892 2.2175 49.1327 0.0074 -0.2286
Car -1 -1 2.1365 94.2732 187.7705 173.6224 219.1281 1.4676 1.5997 3.9213 -24.7499 2.2865 37.6185 1.5545 2.4366
Car -1 -1 -1.6015 707.8515 177.7803 730.4263 198.0472 1.4658 1.5834 3.7960 8.2812 1.8561 55.1236 -1.4524 1.9937
Car -1 -1 1.5344 592.5175 176.4579 610.3231 192.3138 1.4957 1.6056 3.8852 -0.8835 1.8602 70.9379 1.5219 -0.7064
