Car -1 -1 2.5440 560.3180 174.3327 674.6907 214.4237 1.4690 1.6549 4.3324 0.2941 1.5315 28.4634 2.5543 11.6146
Cyclist -1 -1 -3.4819 1113.0229 156.2584 1241.0000 292.9477 1.7053 0.6672 1.7809 7.8034 1.4986 9.6116 -2.8000 3.3833
Pedestrian -1 -1 0.2938 350.6129 173.7068 390.5760 252.9068 1.6318 0.7337 0.6173 -5.1001 1.6506 15.2473 -0.0290 3.7502
Car -1 -1 2.2657 139.4808 177.6459 344.4334 263.9441 1.5367 1.6050 4.0719 -7.5773 1.6528 15.2529 1.8046 11.5567
Cyclist -1 -1 1.8328 429.6164 158.0054 443.4390 181.5304 1.6724 0.5566 1.6797 -12.5560 0.6172 52.1393 1.5965 -0.1769
Car -1 -1 -3.4492 843.5670 160.9620 945.6349 203.0481 1.8725 1.7263 4.0187 12.9440 1.3437 33.0922 -3.0763 8.9101
Car -1 -1 -0.9789 393.6384 176.0615 465.7457 211.2992 1.5662 1.5980 3.5991 -8.5622 1.7282 34.3890 -1.2229 3.9795
Car -1 -1 1.6984 564.0617 174.9903 590.3577 194.6191 1.5298 1.6332 4.1064 -2.6604 1.7105 58.8052 1.6532 3.2322
Car -1 -1 1.5035 694.1288 171.1294 721.2932 193.8298 1.4686 1.5588 3.7210 6.5137 1.3574 48.5851 1.6368 2.3934
Car -1 -1 1.8774 519.6831 179.2370 553.8990 198.5472 1.4964 1.6426 4.1224 -6.0212 2.0429 59.5421 1.7767 1.8157
Car -1 -1 1.9036 331.7419 187.2989 373.5770 210.2458 1.4829 1.6027 3.8992 -18.1787 2.5444 51.0457 1.5615 0.3578
