Car -1 -1 2.4516 381.1364 178.6644 525.6262 231.1170 1.4274 1.6204 4.3215 -4.7715 1.6251 22.3154 2.2409 12.9170
Cyclist -1 -1 -3.3787 1162.2159 167.3016 1241.0000 320.4735 1.6792 0.7348 1.8502 7.8068 1.6186 8.6705 -2.6456 3.0656
Pedestrian -1 -1 0.3312 330.2768 172.5470 375.3443 258.0024 1.6502 0.7114 0.6463 -5.1346 1.6446 14.2903 -0.0137 3.8802
Car -1 -1 2.6848 703.1856 165.7959 802.0719 208.8822 1.7742 1.6870 3.8184 6.0699 1.4839 31.0206 2.8781 9.6853
Pedestrian -1 -1 1.8222 371.3258 175.6805 410.2044 246.1229 1.5856 0.6888 0.7821 -5.1069 1.6529 16.6774 1.5251 2.2415
Car -1 -1 1.6119 565.1329 176.0871 587.4338 195.8069 1.5085 1.6265 3.9491 -2.6960 1.7768 57.8213 1.5653 1.6519
Pedestrian -1 -1 0.2303 283.3867 178.9487 308.4710 216.6531 1.5726 0.7196 0.8362 -13.3802 1.8355 30.6591 -0.1812 1.7110
Car -1 -1 -0.4596 1162.3812 159.4591 1241.0000 197.8782 1.5051 1.5999 3.7989 25.1424 0.9807 29.5024 0.2461 1.4598
Pedestrian -1 -1 0.4218 248.9570 145.6637 271.5906 187.7994 1.7958 0.6440 0.6735 -15.1017 0.6373 31.0807 -0.0305 0.3803
Car -1 -1 0.9462 177.2088 184.7133 232.7981 209.0284 1.6226 1.6202 3.6227 -28.7167 2.4876 51.1057 0.4343 -0.4442
Car -1 -1 1.9181 366.5370 190.3766 403.3110 210.7199 1.4884 1.5815 3.9647 -18.1547 2.9531 58.2779 1.6161 -0.6488
Car -1 -1 1.8731 518.3174 180.0993 551.5722 199.5146 1.4751 1.5792 3.9437 -6.0653 2.0836 58.4668 1.7697 -0.7690
