Car -1 -1 2.3399 0.0000 169.2788 246.1944 299.3785 1.8287 1.6970 4.0087 -8.3353 1.7788 12.2591 1.7428 12.7989
Pedestrian -1 -1 0.3739 290.3836 172.0626 345.2353 270.0377 1.6983 0.7153 0.6950 -5.2496 1.6849 12.8663 -0.0134 4.1256
Car -1 -1 2.0408 232.0532 182.8337 286.4382 208.9022 1.6467 1.6625 4.0940 -23.8791 2.3563 49.2152 1.5891 1.6802
Pedestrian -1 -1 0.4352 263.3058 181.4966 290.8017 222.0325 1.6139 0.7151 0.7840 -13.5270 1.9688 29.2357 0.0019 1.7483
Car -1 -1 1.6963 559.7778 178.9410 586.5034 199.0990 1.4743 1.5839 4.0361 -2.8550 1.9654 56.0929 1.6455 1.2710
Pedestrian -1 -1 1.8957 343.2499 171.8221 383.0477 254.0525 1.6956 0.6142 0.6685 -5.2466 1.6747 15.2123 1.5636 1.0122
Car -1 -1 2.9145 689.8682 169.1725 786.6468 207.8966 1.6043 1.6286 3.7963 5.3876 1.4521 30.8050 3.0876 0.9166
Pedestrian -1 -1 -2.8266 394.3366 181.1082 408.7656 205.7144 1.7020 0.6212 0.8175 -14.6006 2.2832 50.4465 -3.1084 -0.6259
Car -1 -1 1.9033 279.2104 147.8374 318.9074 168.2640 1.4793 1.6113 3.8717 -23.7335 -0.3631 55.1370 1.4969 0.7484
Pedestrian -1 -1 0.3451 348.5304 180.0297 368.6553 212.8937 1.6303 0.6468 0.7831 -12.6682 1.9945 36.2596 0.0089 -0.8044
Car -1 -1 1.9099 383.3487 187.0320 414.8668 204.4771 1.4654 1.5606 3.8731 -19.2106 2.7976 65.7976 1.6259 0.1313
Car -1 -1 2.1623 0.0000 202.7737 105.0438 246.3638 1.4878 1.5850 3.9386 -22.6982 2.7915 29.4107 1.5050 -0.7896
