Car -1 -1 2.3558 215.7504 167.9929 399.3345 253.7662 1.7873 1.6625 4.0379 -7.0708 1.6864 17.2160 1.9661 12.3443
Cyclist -1 -1 2.1330 124.4041 192.0897 147.2685 215.6109 1.6850 0.6179 1.7014 -35.4652 3.1464 53.9446 1.5514 0.7004
Pedestrian -1 -1 0.3623 292.6246 170.8968 344.7841 267.8615 1.6868 0.6975 0.6626 -5.2504 1.6531 12.9058 -0.0241 3.8860
Car -1 -1 -2.1271 1083.7335 158.6290 1160.2809 186.7022 1.4552 1.5988 3.8661 27.8023 0.7182 39.3754 -1.5123 2.4105
Cyclist -1 -1 2.3754 286.3302 162.7086 312.8059 188.7752 1.6815 0.5359 1.7046 -20.4258 1.0274 47.4302 1.9688 -0.0482
Pedestrian -1 -1 0.8798 357.2414 172.2306 399.2421 242.1076 1.7362 0.6151 0.8569 -5.9633 1.7210 18.4142 0.5666 2.2044
Car -1 -1 1.6946 557.7409 178.6349 585.0349 198.9205 1.4926 1.6230 4.2588 -3.0105 1.9632 56.5119 1.6413 2.1447
Car -1 -1 -1.6290 637.1056 147.1157 676.4930 180.4267 1.5131 1.6473 4.1198 2.1647 0.3443 34.8351 -1.5670 0.4193
Car -1 -1 1.7274 587.2938 176.2260 608.9509 192.0706 1.4614 1.5363 3.6045 -1.1323 1.7942 69.2430 1.7111 0.4070
Car -1 -1 1.5878 573.2618 179.4204 592.7470 197.6914 1.4991 1.6255 4.0041 -2.3391 2.0882 62.6683 1.5505 0.3518
Car -1 -1 1.7142 619.6003 178.4342 648.1521 200.8080 1.4719 1.4867 3.6531 1.6703 1.8766 50.3546 1.7473 -0.4200
Car -1 -1 1.0515 103.9321 192.3387 198.9478 229.4726 1.4913 1.6694 4.3659 -20.7595 2.4187 32.5705 0.4840 -0.8096
