Car -1 -1 2.5164 564.2859 172.7826 658.0421 210.1919 1.5802 1.6226 4.0071 0.0453 1.5775 32.3042 2.5178 12.5482
Cyclist -1 -1 -3.3222 983.6596 158.4657 1113.2106 255.0071 1.6657 0.8172 1.9006 7.8838 1.4178 13.1628 -2.7826 4.7094
Pedestrian -1 -1 0.2470 400.6041 173.3195 428.9533 236.5433 1.6198 0.7074 0.5605 -5.1414 1.6325 18.8473 -0.0193 4.4768
Car -1 -1 2.2130 161.1340 180.0322 329.2869 251.3060 1.4782 1.6136 3.8720 -8.6550 1.6723 17.4245 1.7520 12.5479
Cyclist -1 -1 -1.3127 393.5391 168.2563 437.0607 237.8256 1.7414 0.6590 1.8461 -5.1436 1.6267 18.9836 -1.5772 -0.7855
Pedestrian -1 -1 -0.5529 1028.5059 164.6630 1093.0775 256.0047 1.6113 0.6204 0.7792 8.0808 1.4672 13.0368 0.0020 3.0805
Car -1 -1 -3.4291 801.1349 170.9397 898.4992 199.8512 1.4291 1.6623 4.3891 12.0547 1.3348 36.5615 -3.1106 10.4406
Cyclist -1 -1 1.2527 818.2905 161.1547 833.3388 184.1527 1.6835 0.5711 1.6888 16.0172 0.8274 53.6675 1.5428 -0.8112
Pedestrian -1 -1 -0.5007 990.6855 176.3782 1053.9216 258.2707 1.4900 0.6942 0.7908 7.6536 1.5581 13.5085 0.0148 1.0859
Car -1 -1 -2.3340 967.0569 198.9315 1241.0000 374.0000 1.4694 1.5851 4.0610 3.5135 1.6739 3.6085 -1.5620 8.3273
Pedestrian -1 -1 0.3072 389.1917 176.6980 406.8782 206.7120 1.7414 0.6260 0.8449 -12.4468 1.9686 42.2636 0.0208 0.1657
Car -1 -1 0.4978 238.6402 179.4613 341.9196 214.4854 1.5366 1.5961 4.0450 -14.6064 1.8477 32.9733 0.0808 4.0261
Pedestrian -1 -1 -3.5084 890.7142 163.4525 908.6745 193.0211 1.7130 0.6006 0.8106 16.8675 1.1687 42.1033 -3.1274 -0.5019
Car -1 -1 -3.5208 1075.3921 158.8275 1177.3158 197.3823 1.7718 1.6517 3.5923 24.4828 1.1276 34.3843 -2.9020 2.7560
Pedestrian -1 -1 -3.4260 818.6908 160.0555 832.3617 183.0780 1.7006 0.6092 0.8352 15.9824 0.7556 53.6034 -3.1363 -0.8128
Car -1 -1 -1.7286 1205.4415 151.3670 1241.0000 177.7190 1.5250 1.6061 4.0175 37.5793 0.2819 43.8845 -1.0205 -0.4061
Car -1 -1 -0.5923 422.5675 177.7167 472.6371 196.7120 1.6308 1.6732 4.1888 -14.6432 2.0842 65.1143 -0.8135 -0.6884
Car -1 -1 0.8207 89.8585 186.4810 166.0738 212.2308 1.5032 1.5940 4.0448 -29.8610 2.3707 44.6710 0.2314 -0.7066
