Car -1 -1 2.3404 128.0164 169.2267 346.0471 268.3138 1.7962 1.6859 4.1398 -7.7022 1.7308 15.3040 1.8741 11.7177
Cyclist -1 -1 1.5408 612.0743 174.6133 623.3134 204.9365 1.6972 0.5901 1.7142 0.3997 1.8005 41.3444 1.5505 1.1074
Pedestrian -1 -1 0.3465 292.4044 173.4202 346.5707 270.1856 1.6779 0.7543 0.6850 -5.2338 1.6887 12.9035 -0.0388 5.2078
Car -1 -1 1.7137 560.3231 179.2636 587.4883 199.4450 1.4755 1.5658 3.9352 -2.7951 1.9920 56.0709 1.6639 1.9862
Cyclist -1 -1 2.1753 124.4896 190.6633 148.2343 214.1516 1.6855 0.6215 1.7136 -35.4279 3.0388 53.9482 1.5943 -0.2705
Pedestrian -1 -1 -3.9375 1118.0060 150.0052 1144.6987 184.5692 1.7883 0.6578 0.9454 27.2245 0.6065 37.7323 -3.3125 0.1296
Car -1 -1 1.9002 277.5065 149.4264 317.6686 169.7122 1.4806 1.6289 3.9772 -23.9323 -0.2495 55.3420 1.4920 0.5261
Pedestrian -1 -1 -0.0280 610.6914 173.7862 625.3544 203.4512 1.6863 0.6146 0.8225 0.4221 1.7405 41.3480 -0.0178 -0.0604
Car -1 -1 -2.2120 1085.5523 160.0144 1161.0461 187.8282 1.4444 1.5400 3.5215 27.7943 0.7780 39.2457 -1.5958 0.4623
Pedestrian -1 -1 0.3267 348.5954 179.4852 368.1060 213.1114 1.6652 0.6253 0.7639 -12.6490 2.0009 36.1690 -0.0098 -0.3489
Car -1 -1 -1.5874 610.3860 144.6174 646.8241 178.5105 1.5168 1.6307 3.9874 0.8063 0.2535 34.2873 -1.5639 0.4105
Car -1 -1 1.6309 532.2874 181.0748 552.9332 199.0248 1.4797 1.5715 3.9468 -5.9054 2.2241 63.3053 1.5379 -0.2141
Car -1 -1 1.6089 576.2406 179.0797 595.7674 197.0305 1.4753 1.5476 3.9175 -2.0778 2.0329 62.6199 1.5758 -0.2877
Car -1 -1 -1.3064 1118.6922 150.3832 1168.6189 173.7192 1.4691 1.6271 4.0676 34.9913 0.0548 47.3204 -0.6697 -0.7936
Car -1 -1 -0.7070 281.0451 174.9705 367.3231 207.0867 1.4655 1.5848 3.7996 -13.9209 1.5752 35.2408 -1.0832 -0.8143
