Car -1 -1 2.3745 249.4959 166.3636 419.7148 250.4782 1.8537 1.6676 3.8997 -6.7615 1.7111 18.0176 2.0155 12.6552
Cyclist -1 -1 2.2180 124.4767 189.3956 148.0586 212.5930 1.6664 0.5761 1.6823 -35.4109 2.9224 53.9107 1.6368 0.3925
Pedestrian -1 -1 0.3883 295.8413 170.9805 346.9225 271.3747 1.7533 0.7107 0.6312 -5.2227 1.7210 12.9554 0.0051 5.3678
Car -1 -1 -2.3066 216.0672 187.0438 283.5265 213.5014 1.4905 1.5843 3.6778 -21.7760 2.3751 43.5577 -2.7702 3.6604
Cyclist -1 -1 1.5722 619.3691 149.4900 629.4552 177.5449 1.6842 0.6055 1.6954 0.8494 0.2820 44.1674 1.5914 -0.1152
Pedestrian -1 -1 0.8840 387.7698 173.2892 423.4173 237.2983 1.6657 0.6061 0.7021 -5.4952 1.6780 19.2292 0.6056 -0.3812
Car -1 -1 -2.2937 1075.8136 159.6702 1157.6010 187.6023 1.4509 1.5857 3.7207 27.5451 0.7664 39.4137 -1.6837 0.7045
Cyclist -1 -1 1.4762 613.0030 174.7320 625.8236 205.6796 1.7252 0.5651 1.7717 0.4957 1.8352 41.2360 1.4883 -0.2654
Pedestrian -1 -1 3.5684 266.1391 183.2085 291.7938 225.6180 1.6947 0.6599 0.7418 -13.4908 2.1207 29.3240 3.1372 -0.6528
Car -1 -1 1.9523 279.6117 150.5438 321.8867 170.6213 1.4728 1.6160 3.9845 -23.7057 -0.1772 55.3836 1.5479 0.1899
Car -1 -1 1.8330 558.0576 178.1894 591.4743 198.1564 1.4729 1.6192 4.0595 -2.7439 1.9072 56.5286 1.7845 0.0817
Car -1 -1 -3.3838 778.9442 167.3388 882.7990 206.2752 1.6315 1.6544 4.0060 9.4315 1.4007 31.1597 -3.0899 0.0166
