Car -1 -1 2.4180 224.7567 182.4310 415.7963 251.8318 1.4474 1.6338 4.4611 -7.0859 1.7188 18.0544 2.0440 12.5170
Cyclist -1 -1 -3.4621 1191.1902 158.1229 1241.0000 320.2293 1.6937 0.6694 1.8323 7.8205 1.5402 8.2287 -2.7021 1.0828
Pedestrian -1 -1 0.3732 319.8828 166.4793 362.5164 259.9994 1.7355 0.6907 0.5482 -5.1598 1.6176 13.7366 0.0139 1.1252
Car -1 -1 2.5819 602.3819 170.7933 708.4532 215.3180 1.6578 1.6303 3.9170 1.7687 1.5815 28.5143 2.6438 11.4504
Pedestrian -1 -1 -0.4617 851.7315 165.6368 888.9039 219.7478 1.6719 0.6888 0.8844 8.1319 1.4493 22.6850 -0.1175 -0.3959
Car -1 -1 1.7385 561.8548 176.8998 590.6636 196.5430 1.4791 1.6272 4.0985 -2.6675 1.8129 57.3371 1.6920 4.4463
Car -1 -1 -1.6796 711.7851 174.8259 734.4485 191.9352 1.4660 1.5826 3.8139 10.0158 1.6472 64.2109 -1.5249 1.1759
Car -1 -1 1.1619 24.2887 194.2205 96.3104 225.2581 1.4693 1.6142 3.8720 -29.0573 2.6460 38.0742 0.5100 0.9964
Car -1 -1 -2.0755 367.4082 177.4956 427.6888 209.7379 1.6637 1.6254 3.6138 -11.7276 1.9308 39.6080 -2.3633 0.9806
Car -1 -1 -3.4543 1018.3601 162.4125 1146.8672 205.2652 1.7236 1.7132 4.2026 19.7455 1.3040 30.3925 -2.8782 0.7193
Car -1 -1 1.8991 516.1018 179.0739 551.7092 198.8973 1.4914 1.5900 4.1418 -6.0809 2.0095 57.8557 1.7944 0.1691
