Car -1 -1 -2.0763 860.1686 187.3991 1241.0000 374.0000 1.5200 1.6279 4.1181 3.5481 1.6851 6.0948 -1.5491 11.6101
Cyclist -1 -1 -3.2272 925.9086 165.8003 1028.2296 250.6110 1.7547 0.7437 1.9152 7.8511 1.6092 15.6265 -2.7616 2.9099
Pedestrian -1 -1 0.2255 422.8687 172.4231 449.3136 228.3537 1.6191 0.7124 0.6148 -5.1613 1.6069 21.2443 -0.0129 2.2933
Car -1 -1 2.2598 376.2218 178.4237 482.5554 221.5791 1.4299 1.5960 4.0475 -6.6023 1.6527 26.6353 2.0168 10.3465
Pedestrian -1 -1 -0.4696 955.7875 166.8766 1009.4431 243.0772 1.6028 0.6641 0.8110 7.9470 1.4774 15.5074 0.0039 1.2932
Car -1 -1 2.6969 654.7905 170.8030 736.7837 203.3606 1.6260 1.6132 3.9098 4.4053 1.5239 37.4247 2.8140 9.0608
Pedestrian -1 -1 0.3059 346.5493 175.6816 365.2181 206.8601 1.6089 0.7068 0.7416 -13.2975 1.7583 37.6628 -0.0335 0.2459
Car -1 -1 -3.3394 860.3061 169.6028 956.1438 199.4004 1.5484 1.6867 4.5097 15.8966 1.3798 38.7477 -2.9501 8.4256
Pedestrian -1 -1 -1.7506 617.2693 170.2039 628.3266 194.7443 1.6794 0.6339 0.7757 0.8515 1.4984 49.8085 -1.7335 -0.5051
Car -1 -1 0.8264 224.6038 180.2362 304.2885 213.8446 1.5758 1.5901 3.5403 -17.1954 1.9570 35.8327 0.3789 6.5028
Car -1 -1 -3.6113 1112.5869 158.1716 1217.5237 192.4753 1.6600 1.6623 3.8200 27.6340 0.9498 36.0791 -2.9577 3.5144
Car -1 -1 1.6067 569.2471 176.8839 588.6944 194.3041 1.4905 1.6010 3.9996 -2.7744 1.8633 64.6670 1.5638 0.3040
Car -1 -1 -3.3868 1045.5798 162.0805 1115.6359 184.6731 1.4800 1.5642 3.6808 31.6059 0.7746 48.6015 -2.8102 -0.2118
Car -1 -1 1.0308 505.8077 177.1293 567.0118 205.6824 1.4683 1.5990 3.8403 -4.1317 1.7159 39.7195 0.9272 -0.3601
