Car -1 -1 2.4992 491.3876 176.8391 623.5690 219.7348 1.4099 1.6774 4.7471 -1.8746 1.5676 26.3061 2.4280 13.2651
Cyclist -1 -1 -3.5002 1132.8655 154.3234 1241.0000 295.0698 1.6784 0.7289 1.7867 7.8336 1.4578 9.2463 -2.7973 3.9672
Pedestrian -1 -1 0.3119 340.9316 173.7448 384.2443 255.0317 1.6309 0.7311 0.6524 -5.1340 1.6501 14.8543 -0.0209 3.9775
Car -1 -1 2.3125 0.0000 182.7946 210.6439 312.5024 1.5495 1.6007 3.8622 -8.1138 1.7280 10.9270 1.6738 10.7018
Pedestrian -1 -1 0.5176 365.0317 179.0863 386.2741 211.4517 1.6903 0.6497 0.8627 -12.4540 2.0245 38.2404 0.2027 0.3948
Car -1 -1 2.7838 787.4841 161.9116 889.5213 204.3094 1.8560 1.7086 4.0444 10.2147 1.3773 32.5443 3.0880 9.5403
Pedestrian -1 -1 0.3938 290.2013 176.1435 312.5099 215.8844 1.6998 0.6330 0.6992 -13.3972 1.8440 31.2329 -0.0114 0.0944
Car -1 -1 -1.2808 410.5674 177.4547 464.7382 210.2755 1.5199 1.6019 3.7977 -8.5434 1.7616 35.8965 -1.5144 7.4154
Pedestrian -1 -1 -0.2387 614.9519 168.9395 631.6474 197.9744 1.7248 0.6470 0.8723 0.7617 1.4926 43.2713 -0.2211 -0.4026
Car -1 -1 0.8501 206.4066 184.6897 270.0269 207.7740 1.5180 1.6480 4.1236 -26.0633 2.3721 50.5245 0.3738 1.6974
Car -1 -1 1.4487 701.7208 171.9081 731.3760 193.5856 1.5166 1.6507 4.0148 7.6838 1.4507 52.5018 1.5940 1.2667
Car -1 -1 2.3558 285.2058 187.2122 329.1097 203.6319 1.4855 1.6173 4.0395 -29.8781 2.9472 71.2578 1.9588 0.0719
