Car -1 -1 -0.3919 670.1217 167.9251 771.7302 209.6859 1.7007 1.6874 3.9215 4.6497 1.5003 30.6697 -0.2415 2.7224
Cyclist -1 -1 1.9472 332.1278 163.4745 345.2487 180.9714 1.6844 0.6125 1.7098 -26.4512 0.7818 70.3183 1.5874 0.3924
Pedestrian -1 -1 0.3926 295.8547 174.4204 343.2330 271.5595 1.6842 0.6925 0.5634 -5.2212 1.7132 12.8666 0.0071 4.3102
Car -1 -1 -0.5664 395.5356 182.0732 451.5220 203.9406 1.6650 1.6850 4.1646 -15.1837 2.4434 58.7989 -0.8191 1.0096
Pedestrian -1 -1 0.4598 262.5394 181.1440 290.3515 222.5827 1.6508 0.6559 0.8166 -13.5428 1.9907 29.2150 0.0258 0.0387
Car -1 -1 1.9162 278.3655 148.0517 317.2351 168.3874 1.4779 1.5434 3.7772 -23.8664 -0.3534 55.2158 1.5082 0.8680
Pedestrian -1 -1 1.8846 345.7136 175.1707 384.6203 255.2526 1.6614 0.6303 0.5905 -5.2294 1.7118 15.2836 1.5549 -0.4192
Car -1 -1 -0.3344 482.6681 169.0102 605.4277 215.4422 1.7480 1.7332 4.5814 -2.6702 1.6036 28.8968 -0.4266 -0.3856
Pedestrian -1 -1 0.2649 402.6335 179.6664 416.0742 204.1523 1.6845 0.6228 0.7638 -13.9653 2.1611 50.1229 -0.0069 -0.5641
Car -1 -1 -0.5306 597.4021 172.8843 698.3200 214.3074 1.6277 1.6414 3.8929 1.5435 1.6294 29.9784 -0.4791 -0.6443
