Car -1 -1 2.4491 459.5984 177.0846 589.7635 223.8154 1.4534 1.6644 4.4399 -2.9096 1.6132 25.0128 2.3333 14.9961
Cyclist -1 -1 -3.4182 1141.8695 165.8648 1241.0000 309.6313 1.6480 0.8060 1.8622 7.8354 1.5682 9.0281 -2.7034 3.1323
Pedestrian -1 -1 0.3108 336.7038 174.3547 380.9946 257.7540 1.6431 0.7303 0.6563 -5.1223 1.6746 14.5999 -0.0267 5.1219
Car -1 -1 2.7598 758.5589 163.7633 862.3043 206.4094 1.8370 1.7077 4.1147 8.8494 1.4458 32.1583 3.0283 10.6282
Cyclist -1 -1 2.2076 146.3731 185.0687 169.0862 207.8606 1.7072 0.5659 1.7435 -35.0458 2.6688 55.8884 1.6476 -0.6388
Pedestrian -1 -1 -0.0554 615.3191 172.9195 629.3418 200.7248 1.6433 0.5957 0.8022 0.6978 1.6476 42.9565 -0.0392 0.1039
Car -1 -1 2.3848 0.0000 187.0777 119.5382 359.3403 1.5804 1.5906 3.6984 -8.1901 1.7922 8.8278 1.6369 8.4407
Pedestrian -1 -1 0.4019 290.2335 175.6825 314.4446 215.3055 1.6877 0.6454 0.7695 -13.2974 1.8112 31.0998 -0.0021 -0.0068
Car -1 -1 -1.4612 414.9562 178.0134 456.7563 211.0406 1.5542 1.6466 3.8999 -8.8192 1.8311 36.6275 -1.6975 7.0521
Pedestrian -1 -1 -0.6805 1167.6844 175.7311 1241.0000 301.6145 1.5478 0.6046 0.7589 7.6647 1.5860 9.1908 0.0146 -0.1959
Car -1 -1 -1.4516 705.8114 176.8241 732.6351 197.3625 1.4698 1.5680 3.7443 8.2419 1.7807 54.4234 -1.3013 1.3582
Pedestrian -1 -1 0.2112 366.1402 180.6848 385.2042 213.6081 1.7113 0.6450 0.8402 -12.3866 2.1285 38.0399 -0.1036 -0.6406
Car -1 -1 -0.6506 1161.9882 162.0916 1241.0000 201.6924 1.5908 1.6803 4.1494 25.6212 1.1588 29.9397 0.0572 0.3159
