Car -1 -1 -3.4786 987.6947 170.6847 1100.0666 203.8969 1.4401 1.5715 4.0381 19.3871 1.3464 32.4564 -2.9402 9.1752
Cyclist -1 -1 -1.1169 256.6241 177.6517 293.3333 222.5807 1.7541 0.6542 1.7397 -13.5934 1.9547 29.2304 -1.5522 2.7760
Pedestrian -1 -1 0.4281 280.3304 171.2598 341.5460 273.3339 1.7340 0.6868 0.7745 -5.2660 1.7073 12.6104 0.0325 5.2895
Car -1 -1 1.9048 277.1257 148.8161 317.8155 169.1733 1.4814 1.6406 4.0049 -23.9247 -0.2923 55.3060 1.4965 1.6138
Cyclist -1 -1 2.1851 123.7416 191.2005 146.6537 214.6414 1.6819 0.5703 1.6758 -35.5092 3.0753 53.9383 1.6029 -0.0414
Pedestrian -1 -1 0.4142 262.0305 181.5383 287.8838 223.4338 1.6636 0.6832 0.7351 -13.5694 2.0190 29.1429 -0.0216 1.5972
Car -1 -1 1.8566 557.5960 179.9219 591.5362 200.1847 1.4806 1.5651 4.0769 -2.7528 2.0546 56.3959 1.8078 0.1671
Cyclist -1 -1 1.9448 332.4382 163.7254 346.1223 181.1615 1.6787 0.6631 1.7322 -26.4001 0.8002 70.3371 1.5858 -0.8249
Pedestrian -1 -1 1.8815 347.2516 176.4830 385.6203 254.0398 1.6112 0.6127 0.6240 -5.2191 1.6903 15.3338 1.5534 0.7721
Pedestrian -1 -1 0.3158 347.1402 180.2801 367.9056 212.9651 1.6128 0.6778 0.8112 -12.6680 1.9884 36.1066 -0.0216 -0.7078
Pedestrian -1 -1 0.2651 390.9834 181.5001 405.3148 206.6833 1.7104 0.6277 0.8087 -14.5743 2.3083 49.5456 -0.0210 -0.7412
