Car -1 -1 -3.5207 1017.6805 170.0273 1137.7821 204.2047 1.4686 1.6427 4.1873 20.7401 1.3475 32.2086 -2.9486 7.4069
Cyclist -1 -1 2.0228 287.8022 165.4043 309.1288 192.0658 1.7165 0.5875 1.7338 -20.4550 1.2372 47.3300 1.6149 -0.7911
Pedestrian -1 -1 0.4131 283.7520 174.6968 336.2625 272.8875 1.6758 0.6898 0.6293 -5.3105 1.7094 12.6744 0.0163 4.3555
Car -1 -1 1.6757 560.1866 179.4340 585.6256 199.5374 1.4750 1.5756 3.9861 -2.8856 2.0073 56.2986 1.6244 1.5178
Pedestrian -1 -1 0.4042 298.8604 161.1513 356.5265 263.6812 1.8620 0.6711 0.8030 -5.3013 1.6498 13.4478 0.0287 1.1634
Car -1 -1 1.5704 587.9895 176.8793 605.2526 193.2437 1.5049 1.6113 3.9887 -1.3059 1.9034 69.3486 1.5515 1.2812
Pedestrian -1 -1 0.3735 322.5141 177.0077 358.7012 239.8705 1.6493 0.6569 0.7181 -7.2490 1.7628 19.3058 0.0143 0.9423
Car -1 -1 -1.5163 595.8820 176.9657 625.7764 203.3233 1.4787 1.5828 3.6887 0.0530 1.7345 42.9496 -1.5151 -0.6150
Pedestrian -1 -1 0.2913 340.0188 172.8839 388.3903 254.3951 1.6831 0.6243 0.8229 -5.2266 1.6841 15.2240 -0.0394 -0.2203
Car -1 -1 1.6334 535.3116 180.7380 555.8561 199.0503 1.5055 1.5476 3.8889 -5.6155 2.2154 62.9717 1.5445 -0.8167
Car -1 -1 1.0008 1097.0888 166.1558 1174.1752 193.8112 1.4891 1.5676 4.0903 29.6770 1.1288 40.9359 1.6281 -0.8350
