Car -1 -1 2.1163 207.0182 173.9424 323.3053 227.3165 1.7014 1.7083 4.2370 -11.7498 1.4939 24.7277 1.6727 12.5580
Cyclist -1 -1 -1.5789 676.7364 169.4739 690.1747 210.1439 1.7536 0.5748 1.7841 3.4562 1.2797 31.3980 -1.4693 1.0735
Pedestrian -1 -1 2.4993 1097.5498 152.4903 1131.1736 196.7673 1.7371 0.6500 0.8656 20.1915 0.6397 28.0667 3.1230 0.0071
Car -1 -1 -1.9396 781.4739 178.5564 1028.8228 317.6646 1.5364 1.6633 4.2179 3.7955 1.5166 9.9158 -1.5740 12.4354
Cyclist -1 -1 -0.6099 1156.6198 150.5839 1220.6977 199.8123 1.7058 0.5711 1.7197 20.4712 0.6707 24.8474 0.0792 -0.4096
Pedestrian -1 -1 -0.5380 1188.1627 138.8992 1223.0000 212.4453 1.8374 0.6459 0.8095 15.5151 0.7997 18.0465 0.1722 -0.6720
Car -1 -1 -1.5751 697.9782 175.6074 751.8634 228.4173 1.5151 1.5332 3.0720 3.6699 1.3763 21.9197 -1.4092 10.8462
Pedestrian -1 -1 -1.1892 671.7935 176.2145 691.6278 214.9058 1.6892 0.6345 0.7691 3.3851 1.5036 31.3528 -1.0817 -0.6897
Car -1 -1 -2.2618 915.3626 198.4195 1223.0000 369.0000 1.4415 1.5408 3.6339 3.3023 1.5920 4.0452 -1.5771 8.7499
Pedestrian -1 -1 -0.1409 800.8945 155.7262 827.4159 202.9526 1.8527 0.6778 0.9246 8.2927 0.8823 28.1349 0.1458 -0.7908
Car -1 -1 -1.7087 681.1527 174.6710 736.4671 218.4708 1.5581 1.5783 3.7123 3.8677 1.3522 27.0061 -1.5665 7.6809
Car -1 -1 -1.6352 665.4453 174.6028 700.5546 205.9363 1.6021 1.6303 3.7514 4.1404 1.3020 38.0560 -1.5268 5.2718
Car -1 -1 -1.6396 675.3359 176.1755 716.6228 211.4035 1.5336 1.6231 3.8378 4.1380 1.3468 32.7378 -1.5138 4.3516
Car -1 -1 1.8552 489.8733 176.2733 523.5799 195.4745 1.4666 1.6066 3.9458 -7.7377 1.1450 56.0689 1.7181 2.3688
Car -1 -1 -1.6193 655.5651 175.3967 680.6492 197.9086 1.5215 1.5771 3.5070 4.3968 1.1779 49.5669 -1.5308 1.9473
