Car -1 -1 1.5468 480.9477 164.1824 512.0357 192.4714 1.4673 1.5822 3.6613 -5.9730 0.6224 38.6105 1.3933 4.8977
Cyclist -1 -1 1.5137 278.5872 157.7735 291.3340 188.0566 1.6949 0.5663 1.7021 -18.3259 0.4243 40.4518 1.0884 0.5517
Pedestrian -1 -1 1.1489 947.5036 157.5808 984.4126 214.8541 1.7238 0.7205 0.8573 11.0477 1.0355 21.7214 1.6195 2.9960
Car -1 -1 -0.6182 1036.5474 165.9185 1175.3426 210.2745 1.6131 1.6616 4.0383 18.7059 1.0843 26.5476 -0.0044 4.1854
Pedestrian -1 -1 3.4483 350.3565 159.2007 371.0433 194.9748 1.7071 0.6044 0.7973 -11.7773 0.6922 34.0471 3.1153 0.0397
Car -1 -1 -1.9725 1170.5182 205.3013 1223.0000 369.0000 1.4950 1.5524 3.8530 3.5931 1.6677 2.8104 -1.0655 2.7516
Pedestrian -1 -1 -2.1277 923.1353 165.0142 959.2714 222.3380 1.7060 0.6257 0.8705 10.1853 1.2467 21.5049 -1.6853 -0.4523
Car -1 -1 1.6222 496.7593 164.1424 525.0280 189.7115 1.5447 1.5822 3.7089 -5.9040 0.5579 44.6223 1.4907 2.0730
Car -1 -1 1.8735 462.0503 165.6443 490.5212 181.9432 1.4860 1.5846 3.7595 -12.0310 0.1327 66.4210 1.6943 -0.7922
Car -1 -1 1.6719 402.9727 166.8870 432.9616 190.7746 1.5021 1.5558 3.5013 -12.2116 0.6474 46.3063 1.4140 -0.8152
