Car -1 -1 -1.8916 818.7471 186.7001 1054.0858 331.2104 1.4613 1.5884 3.7201 3.9607 1.5608 9.2301 -1.4862 13.2112
Pedestrian -1 -1 1.9447 288.1935 174.1915 348.8766 287.2169 1.6125 0.6329 0.6621 -4.2554 1.5242 10.4179 1.5569 2.2824
Car -1 -1 -1.8189 777.2637 180.4817 911.4558 266.7806 1.5822 1.6654 4.2712 4.8798 1.5835 15.1422 -1.5071 11.7732
Pedestrian -1 -1 -3.2858 708.5097 176.0029 723.6949 203.5351 1.6110 0.6347 0.8008 6.5419 1.3493 41.6894 -3.1301 -0.6859
Car -1 -1 1.9882 415.2459 173.2543 476.3521 208.7520 1.7527 1.6653 3.9408 -8.2683 1.3964 37.0011 1.7683 10.0369
Car -1 -1 -1.6193 731.7467 177.2552 777.2413 218.5574 1.4800 1.5337 3.2778 5.6433 1.3653 27.0699 -1.4138 8.7099
Car -1 -1 -1.7185 722.5622 175.5310 773.3074 213.8133 1.6143 1.6580 3.9746 6.3452 1.4063 31.8364 -1.5217 3.0924
Car -1 -1 -1.6535 712.5439 177.2124 744.4964 203.6021 1.5296 1.5904 3.8585 7.4577 1.3404 42.9682 -1.4817 2.1630
Car -1 -1 -1.5992 719.6740 177.1862 752.5038 207.7669 1.5530 1.6120 3.8967 6.9783 1.3861 37.9503 -1.4173 2.1322
Car -1 -1 1.6635 577.5154 176.0764 598.1278 192.2407 1.5413 1.6653 3.9765 -1.6297 1.1206 69.4538 1.6400 0.8930
Car -1 -1 -1.7065 700.3384 177.5746 727.4397 197.1029 1.4582 1.5753 3.7250 8.3942 1.2410 54.6657 -1.5541 -0.1297
