Car -1 -1 -1.6692 715.4232 176.5964 802.5990 254.1384 1.5361 1.5461 3.3013 3.2801 1.4604 15.7254 -1.4636 10.8629
Cyclist -1 -1 -3.6179 1034.7254 144.9693 1103.0878 200.5016 1.7035 0.5792 1.7079 14.4273 0.6151 22.0602 -3.0387 -0.0445
Pedestrian -1 -1 -0.3765 842.3548 152.2834 880.1764 211.7030 1.8172 0.6319 0.9362 7.9169 0.9558 21.9484 -0.0303 2.6880
Car -1 -1 -1.7374 690.6565 174.6324 766.9198 234.6226 1.6012 1.5881 3.6703 3.4928 1.4461 20.7020 -1.5702 9.0331
Cyclist -1 -1 -1.4977 665.7676 172.8047 681.8672 215.2017 1.7733 0.5635 1.8133 2.9587 1.4529 30.5087 -1.4011 -0.5452
Pedestrian -1 -1 -1.0501 867.3530 155.0881 905.4832 217.2217 1.7360 0.6636 0.8877 8.0425 1.0276 20.2858 -0.6726 -0.3447
Car -1 -1 -2.3596 958.2099 167.5939 1223.0000 369.0000 1.5619 1.6568 4.0495 3.6357 1.5336 3.6701 -1.5789 8.2282
Pedestrian -1 -1 -1.9883 934.4096 147.9859 971.1885 219.1096 1.7303 0.6227 0.6094 8.5709 0.9409 17.5124 -1.5331 -0.6661
Car -1 -1 1.9298 420.7424 179.1521 469.0783 204.1426 1.4357 1.5811 3.8830 -9.6001 1.3596 42.6465 1.7084 7.6424
Pedestrian -1 -1 -1.3305 1058.4204 142.1352 1090.7269 199.3695 1.7318 0.6431 0.8862 14.5348 0.5725 21.9263 -0.7451 -0.7604
Car -1 -1 2.3667 0.0000 175.7047 61.6182 293.1643 1.7644 1.6664 4.3808 -12.4570 1.6941 12.8267 1.5959 7.3380
Car -1 -1 -1.6955 673.3351 174.7700 728.5624 218.7037 1.5359 1.5896 3.7220 3.5088 1.3371 26.5793 -1.5642 6.0409
Car -1 -1 -1.6495 664.9905 174.1161 708.7070 212.2941 1.6092 1.6372 3.8753 3.5974 1.3416 31.7616 -1.5367 5.2870
Car -1 -1 -1.6135 649.1159 176.0070 677.6864 201.3351 1.4844 1.5794 3.7129 3.5362 1.2224 43.3186 -1.5320 3.3677
Car -1 -1 1.9440 386.8143 181.1454 429.5445 202.7696 1.4661 1.6087 3.8911 -13.8789 1.5150 50.0704 1.6736 1.0196
