Car -1 -1 -1.7074 755.6901 176.1299 892.6819 291.0829 1.5498 1.5831 3.4740 3.3002 1.4925 11.3611 -1.4247 12.2269
Pedestrian -1 -1 -1.3282 1159.2716 111.3496 1223.0000 243.0060 1.8043 0.6709 0.9543 8.5566 0.8583 10.2376 -0.6320 1.0257
Car -1 -1 -1.7881 712.2447 174.2339 812.1523 249.4629 1.5500 1.5310 3.3048 3.4517 1.4225 16.2207 -1.5785 10.4543
Pedestrian -1 -1 -1.9993 957.6394 152.4805 1004.2580 239.5701 1.6870 0.5935 0.6641 7.4140 1.1459 14.0395 -1.5134 -0.0241
Car -1 -1 1.9749 362.2317 180.0464 426.9076 212.5299 1.4854 1.5923 3.9406 -10.1631 1.4661 34.3765 1.6875 10.3221
Car -1 -1 -1.7048 685.7786 177.0612 751.6741 228.4349 1.4804 1.5451 3.6809 3.4577 1.3829 22.2256 -1.5505 8.7981
Car -1 -1 -1.6890 669.6650 174.1135 723.5886 218.4651 1.6071 1.6230 3.8571 3.4724 1.3772 27.5500 -1.5636 7.9807
Car -1 -1 -1.6283 655.8551 175.4987 688.5504 204.4440 1.5210 1.5795 3.6342 3.6542 1.2596 38.9930 -1.5349 4.7644
Car -1 -1 -1.6681 666.4738 174.7483 708.2340 209.0454 1.5549 1.6225 3.7488 3.8814 1.2956 33.9381 -1.5542 2.4433
Car -1 -1 1.9199 410.3305 181.2361 450.0506 201.8756 1.4908 1.6191 4.0573 -13.1208 1.5498 53.3195 1.6787 -0.5607
Car -1 -1 1.4727 657.4045 157.5744 680.5733 176.3919 1.4635 1.5095 3.8500 5.2110 -0.3456 57.7603 1.5627 -0.6338
