Car -1 -1 -2.0057 795.9682 181.4270 1120.2510 352.7844 1.5245 1.6707 4.2570 3.6923 1.5400 8.4556 -1.5939 12.4291
Cyclist -1 -1 -1.5981 672.0920 168.4898 689.8869 211.8689 1.7877 0.6975 1.8880 3.2022 1.2942 30.1018 -1.4922 0.4714
Car -1 -1 2.1712 139.4289 171.8925 275.3728 234.8154 1.7478 1.6870 3.9563 -12.0463 1.5103 21.6827 1.6640 11.5744
Car -1 -1 -1.7183 679.8936 175.4914 739.3734 221.4406 1.5371 1.5848 3.6356 3.6660 1.3711 25.4684 -1.5753 8.8145
Car -1 -1 -1.6252 697.0292 175.0871 757.3135 232.7837 1.5273 1.5198 3.2920 3.4241 1.3856 20.4324 -1.4591 8.4412
Car -1 -1 -1.6514 672.2957 175.2886 715.8742 212.8499 1.5604 1.5955 3.8693 3.8683 1.3454 31.3347 -1.5286 5.4559
Car -1 -1 1.8603 470.7929 176.4223 506.8448 196.7687 1.4571 1.6034 3.9057 -8.6007 1.1664 52.6699 1.6985 5.2573
Car -1 -1 -2.4744 1002.6534 197.8746 1223.0000 369.0000 1.5036 1.5687 3.8645 3.3027 1.6175 2.6255 -1.5753 3.9636
Car -1 -1 -1.6449 660.8613 174.5973 698.6308 207.6656 1.6234 1.6551 3.8550 3.8109 1.3351 36.6575 -1.5414 3.2247
Car -1 -1 -1.6059 652.0326 174.8654 677.5007 197.2043 1.4591 1.5865 3.8423 4.0361 1.0924 48.1352 -1.5222 2.6033
Car -1 -1 -1.7308 691.1178 160.4729 726.5939 185.0516 1.4637 1.5866 3.8334 6.4169 0.2724 44.0288 -1.5861 -0.3242
