Car -1 -1 2.2589 0.0000 177.1472 193.0269 256.7286 1.7095 1.6775 4.1629 -12.2887 1.6391 17.3188 1.6418 12.4766
Cyclist -1 -1 -1.6438 661.5902 174.7189 675.3091 212.3155 1.7034 0.5065 1.7455 2.9272 1.4429 32.9059 -1.5550 0.0541
Pedestrian -1 -1 -1.9179 892.3262 145.6690 924.8099 207.5117 1.7205 0.6421 0.7072 8.5618 0.7530 20.0366 -1.5141 0.8481
Car -1 -1 -2.1207 852.3791 180.3863 1223.0000 369.0000 1.5222 1.6009 4.0835 3.6340 1.5232 6.1233 -1.5850 12.1191
Pedestrian -1 -1 -0.5306 835.8149 156.3676 870.7491 211.8158 1.7599 0.6147 0.8724 7.9796 0.9955 22.8220 -0.1942 -0.2976
Car -1 -1 -1.6465 702.3502 174.0324 774.9512 240.3699 1.5353 1.5521 3.3588 3.2974 1.3872 18.1100 -1.4664 10.6791
Car -1 -1 -1.7268 682.7304 174.7529 749.5484 226.6399 1.5647 1.5832 3.7270 3.5269 1.3930 23.1843 -1.5759 9.8379
Car -1 -1 1.8620 446.8738 176.3768 487.1900 198.8880 1.4504 1.6066 3.9192 -9.2307 1.1861 47.5802 1.6704 8.3329
Car -1 -1 -1.6306 661.4300 173.5883 699.8379 208.5605 1.6012 1.6201 3.7068 3.5977 1.2862 34.2560 -1.5260 5.7262
Car -1 -1 -1.6652 668.6982 175.9304 715.6985 214.6437 1.4883 1.5601 3.6986 3.4980 1.3142 29.0462 -1.5453 4.8997
Car -1 -1 -2.0676 1165.3994 35.1137 1223.0000 196.5806 1.6033 1.6735 4.1990 9.2895 0.1614 9.2670 -1.2810 1.8965
Car -1 -1 -1.5895 650.3280 174.2029 676.6032 198.8361 1.5254 1.6143 3.9493 3.7491 1.1368 45.8008 -1.5078 1.3384
Car -1 -1 1.8385 470.6839 179.3222 496.6519 195.5258 1.5392 1.6016 3.6157 -11.7871 1.4285 69.0373 1.6694 -0.7354
