Car -1 -1 -2.1881 883.1295 175.8972 1223.0000 369.0000 1.6322 1.6589 3.8536 3.6488 1.6120 5.3051 -1.5857 11.4121
Cyclist -1 -1 -1.7164 661.5441 173.4643 678.2018 210.5678 1.6420 0.5153 1.6575 2.9199 1.3321 32.1275 -1.6258 -0.6088
Pedestrian -1 -1 0.0390 828.1917 155.7580 857.3873 209.9385 1.7764 0.6252 0.9022 7.9213 0.9667 23.6288 0.3625 2.4518
Car -1 -1 2.3128 0.0000 175.7486 153.1226 268.9126 1.8197 1.6571 3.9673 -12.3738 1.7285 15.8482 1.6499 11.3243
Pedestrian -1 -1 1.3547 856.1195 155.9630 882.7167 213.6586 1.7556 0.6021 0.8594 8.1802 1.0106 21.9776 1.7111 -0.0686
Car -1 -1 -1.6331 708.1919 174.7535 782.7546 244.9775 1.5464 1.5578 3.4063 3.3163 1.4215 17.3526 -1.4442 10.5851
Pedestrian -1 -1 0.0582 925.4941 149.9522 946.9800 188.6514 1.6774 0.6450 0.8208 14.5628 0.3548 31.1202 0.4959 -0.3092
Car -1 -1 -1.7297 683.9019 172.5538 753.9331 227.3329 1.5880 1.6011 3.6695 3.4764 1.3592 22.3297 -1.5752 9.4192
Pedestrian -1 -1 2.6955 869.3990 151.8422 907.2239 217.6406 1.7870 0.6406 0.7684 7.7896 1.0102 19.5423 3.0748 -0.6272
Car -1 -1 1.8896 436.7267 176.7720 480.5685 200.6814 1.4845 1.6146 4.0209 -9.4612 1.2544 45.9854 1.6866 8.3056
Pedestrian -1 -1 -0.0874 650.1984 179.3841 664.2701 205.3840 1.5842 0.6232 0.8092 3.1991 1.5176 43.3944 -0.0138 -0.8449
Car -1 -1 -1.6568 672.8744 175.2685 720.4292 216.4494 1.5356 1.5600 3.6382 3.5714 1.3421 28.2099 -1.5309 6.8172
Car -1 -1 -1.6582 662.2535 172.8199 704.4789 209.1537 1.6202 1.6458 3.8205 3.6336 1.2792 33.4514 -1.5500 4.1554
Car -1 -1 -1.6682 645.1058 176.0939 674.6834 200.1820 1.4638 1.5313 3.4228 3.4320 1.1974 44.6878 -1.5916 1.4097
