Car -1 -1 -1.7098 1164.1171 193.0349 1223.0000 301.8105 1.5024 1.5398 3.6398 10.7433 1.7540 12.1508 -0.9858 8.3991
Pedestrian -1 -1 -2.4017 0.0000 151.3737 63.6619 257.6475 1.7933 0.6621 0.9372 -10.1691 1.3035 12.2792 -3.0934 4.3515
Car -1 -1 2.3239 459.2772 169.1654 625.3171 244.0716 1.7496 1.7269 4.5912 -1.5594 1.4864 18.8444 2.2413 7.8024
Pedestrian -1 -1 -0.9570 764.5966 177.8164 807.5779 247.5677 1.6840 0.6532 0.8739 4.4717 1.6208 17.5970 -0.7082 1.6871
Car -1 -1 -1.3856 1143.3663 191.7511 1217.1883 234.2199 1.4374 1.5443 3.4266 21.5829 1.8880 26.5204 -0.7025 2.7911
Pedestrian -1 -1 -2.4197 0.0000 161.8352 40.7056 266.4078 1.6886 0.6290 0.7559 -10.0413 1.3889 11.7322 -3.1276 0.9877
Car -1 -1 0.5383 864.3174 182.4524 930.0646 204.6660 1.5191 1.6383 4.1090 20.9710 1.6667 50.8576 0.9295 -0.1925
Pedestrian -1 -1 2.5965 217.2087 179.9178 329.9469 350.3457 1.5759 0.6724 0.7820 -3.3444 1.5722 7.0444 2.1533 0.3644
Car -1 -1 1.0527 949.4119 188.6829 998.4733 209.8775 1.4702 1.5527 3.7772 27.3066 2.1005 52.4348 1.5328 -0.7390
Pedestrian -1 -1 -0.1795 1158.2943 188.1848 1223.0000 296.9641 1.6998 0.6331 0.8272 9.6085 1.8327 11.5900 0.5127 -0.2380
Car -1 -1 1.0117 996.0301 190.0441 1046.8054 211.0157 1.4682 1.5398 3.7217 31.2124 2.2116 53.0892 1.5432 -0.7784
Pedestrian -1 -1 1.4035 1153.4048 197.7000 1206.1529 282.2166 1.4703 0.6276 0.7856 10.5045 1.8002 12.9932 2.0833 -0.7395
