Car -1 -1 1.5907 493.3298 166.6665 526.4753 196.6601 1.4501 1.5929 3.7927 -4.8376 0.7827 36.1522 1.4577 3.2708
Pedestrian -1 -1 -2.2683 953.1851 161.0741 993.4309 218.3763 1.7197 0.6690 0.9080 11.2791 1.1383 21.7298 -1.7895 1.9335
Car -1 -1 -3.7345 1079.5299 166.6506 1223.0000 218.7490 1.7560 1.6983 3.9924 19.2173 1.2907 24.8055 -3.0754 2.1412
Pedestrian -1 -1 0.5344 157.1894 161.7072 181.5080 197.2063 1.6790 0.6248 0.7798 -20.8126 0.7916 33.7553 -0.0181 1.6582
Car -1 -1 -1.2035 544.9525 168.1707 575.0023 183.6898 1.4620 1.6177 3.9167 -4.3126 0.3016 68.7166 -1.2662 2.0154
Pedestrian -1 -1 -2.2689 943.1141 159.1687 983.2285 219.5831 1.7794 0.6357 0.9211 10.7700 1.1527 21.3413 -1.8016 1.5008
Car -1 -1 1.6099 510.3198 166.9410 539.2493 192.7972 1.5035 1.6064 3.7666 -4.8490 0.7164 43.0451 1.4977 0.9300
Pedestrian -1 -1 3.4785 323.0123 161.4114 344.5986 196.5379 1.6641 0.6268 0.8030 -12.9843 0.7613 33.8172 3.1119 1.1949
Car -1 -1 -0.8639 605.7075 169.1993 644.7685 185.8075 1.4567 1.5763 3.5868 1.8729 0.4667 63.8691 -0.8346 0.2700
Pedestrian -1 -1 0.4718 225.8807 163.1382 244.6550 192.3057 1.7569 0.6214 0.8171 -22.4358 0.7125 42.8985 -0.0101 -0.7629
