Car -1 -1 -1.8225 746.0623 181.4050 902.2282 289.3885 1.4900 1.5664 3.4337 3.3344 1.5086 11.5196 -1.5408 13.3500
Pedestrian -1 -1 1.2904 827.1673 154.4668 859.5416 217.3523 1.6790 0.6520 0.7493 6.4504 0.9855 19.2609 1.6136 1.6798
Car -1 -1 2.2764 18.4006 185.0841 214.9310 262.0193 1.5410 1.6045 3.8887 -11.1257 1.6622 16.4182 1.6809 12.7354
Pedestrian -1 -1 1.2649 803.7971 161.7000 835.2655 226.8803 1.7293 0.6319 0.6959 5.7554 1.2321 19.1062 1.5575 1.4252
Car -1 -1 -2.1095 854.9048 185.6044 1223.0000 369.0000 1.5774 1.6054 3.7133 3.3811 1.6329 5.5980 -1.5661 11.4467
Pedestrian -1 -1 -2.1962 1037.5653 154.8086 1174.1336 369.0000 1.6408 0.5963 0.6037 3.6878 1.4603 5.3171 -1.5898 0.0971
Car -1 -1 -1.7429 702.7240 177.6214 799.9432 249.9814 1.5363 1.6182 3.7681 3.3312 1.4768 16.9082 -1.5484 11.3516
Pedestrian -1 -1 -0.3488 1018.1359 149.2401 1052.1447 205.5926 1.7187 0.6146 0.7344 13.3051 0.7669 21.9327 0.1965 -0.1973
Car -1 -1 -1.6907 686.1624 178.5611 750.7653 229.8586 1.5555 1.6388 3.8471 3.6344 1.4983 23.3855 -1.5365 8.2959
Pedestrian -1 -1 -0.9168 755.5436 156.0179 775.5290 189.7448 1.6789 0.6121 0.8190 8.0907 0.4616 35.6894 -0.6939 -0.4228
Car -1 -1 -1.6672 665.3771 177.5603 715.0416 217.6406 1.5056 1.6074 3.8595 3.3436 1.3967 28.5012 -1.5504 7.8458
Pedestrian -1 -1 -0.0821 669.5193 179.4804 693.1211 222.5669 1.6161 0.6306 0.8406 2.8668 1.5794 26.8407 0.0243 -0.8144
Car -1 -1 1.7164 547.8854 176.3578 575.3542 195.5390 1.4677 1.6314 3.8805 -3.3935 1.1520 56.0977 1.6560 5.4564
Car -1 -1 -1.6304 664.3112 170.4762 705.2558 209.8565 1.7733 1.6965 4.1092 3.7520 1.3234 33.9285 -1.5203 1.1450
Car -1 -1 -0.5923 876.1029 171.1924 984.2912 206.0141 1.4847 1.6381 4.1411 14.3359 1.0894 31.2861 -0.1627 0.8657
Car -1 -1 1.6400 291.1030 162.1323 318.7517 184.1766 1.5364 1.5990 3.6530 -21.7123 0.2575 51.2609 1.2393 0.1737
Car -1 -1 -1.6561 660.5506 179.6953 694.2467 206.6928 1.4704 1.5968 3.6740 4.0805 1.4280 40.3544 -1.5554 -0.5372
