Car -1 -1 -1.8926 760.0389 175.5741 942.6992 299.8355 1.5720 1.5738 3.2501 3.4294 1.5113 10.5710 -1.5789 12.9320
Cyclist -1 -1 -3.6189 886.6707 152.8589 931.4661 191.5861 1.7068 0.5875 1.7609 13.5271 0.4900 31.5118 -3.2134 0.7909
Pedestrian -1 -1 1.3171 779.4702 158.4318 802.6329 210.3815 1.8106 0.6280 0.7284 6.5466 1.0430 25.0029 1.5732 0.0560
Car -1 -1 2.0808 239.8674 180.4890 342.7785 227.9738 1.5113 1.6017 3.7963 -10.7527 1.5125 24.4650 1.6667 11.7174
Cyclist -1 -1 1.2907 798.4414 167.8238 811.3808 187.2759 1.6995 0.6435 1.7469 17.7266 0.5932 62.6449 1.5664 -0.4662
Pedestrian -1 -1 1.3517 763.0053 161.7033 784.7931 214.4638 1.8302 0.6037 0.7133 5.9113 1.1797 24.8821 1.5849 -0.6326
Car -1 -1 -1.7426 710.1459 178.5952 805.1639 251.1052 1.5078 1.5431 3.5996 3.4064 1.4698 16.5205 -1.5392 11.1876
Car -1 -1 -1.9563 868.3118 164.1234 1223.0000 369.0000 1.6116 1.5594 3.4785 3.2885 1.5236 5.6992 -1.4330 11.1803
Car -1 -1 -1.7118 682.6966 175.1183 753.7212 230.6567 1.5714 1.6220 3.8876 3.3858 1.4207 21.9532 -1.5588 10.3270
Car -1 -1 -1.6624 676.5509 177.2584 725.5430 217.3732 1.4986 1.5981 3.6539 3.7523 1.3790 28.2659 -1.5304 7.8272
Car -1 -1 -1.6358 660.0871 176.1341 700.2467 210.2538 1.5141 1.6228 3.8468 3.4706 1.3218 33.3238 -1.5321 5.2870
Car -1 -1 -1.2611 570.6722 176.8544 596.9115 192.1089 1.4525 1.5641 3.5446 -2.0200 1.1065 69.2404 -1.2902 1.8112
Car -1 -1 -1.2330 337.4781 156.8285 380.7638 179.2970 1.4972 1.6140 4.0185 -17.0947 -0.0861 49.3397 -1.5665 -0.2482
