Car -1 -1 2.1951 128.5364 183.0350 275.0555 242.7007 1.4675 1.5722 3.8224 -10.9935 1.5463 19.5407 1.6827 13.4804
Cyclist -1 -1 -1.7226 682.7962 167.3878 705.4461 221.1084 1.7724 0.4890 1.8685 3.0152 1.3414 24.2640 -1.5989 -0.0287
Pedestrian -1 -1 1.3086 805.4081 156.1779 833.4300 214.7440 1.7562 0.6506 0.7257 6.5029 1.0284 21.5697 1.6014 -0.0012
Car -1 -1 -1.9738 805.7928 174.7810 1122.1531 363.8741 1.5580 1.6229 3.6501 3.4296 1.5126 7.6601 -1.5529 13.1278
Cyclist -1 -1 1.4915 718.3575 166.6680 727.0933 188.3256 1.6723 0.5428 1.6762 9.2396 0.6055 55.4499 1.6567 -0.5407
Car -1 -1 -1.7759 729.6017 180.6507 850.4271 267.6932 1.4550 1.5499 3.3091 3.3478 1.4599 13.5025 -1.5329 12.8955
Cyclist -1 -1 1.4780 667.6128 166.5578 675.6971 184.0145 1.6893 0.6283 1.7448 6.5572 0.3412 69.2903 1.5724 -0.5471
Car -1 -1 -1.7207 694.1114 174.6108 776.8713 238.0641 1.5253 1.6026 3.7416 3.3390 1.3853 18.8810 -1.5456 11.3266
Car -1 -1 -1.6932 681.0901 174.0511 740.5046 221.6879 1.5742 1.6217 3.8863 3.6795 1.3626 25.3201 -1.5489 7.8079
Car -1 -1 -1.6574 660.7726 176.3856 706.3710 212.5714 1.4593 1.6085 3.8759 3.3019 1.2948 30.4629 -1.5494 6.8227
Car -1 -1 1.6378 560.0422 173.3232 581.6685 191.7788 1.5526 1.6202 3.9272 -2.9189 0.9500 61.4553 1.5904 4.9731
Car -1 -1 -2.3374 1022.2354 126.1294 1223.0000 369.0000 1.5828 1.5704 3.7642 3.2698 1.5267 2.7065 -1.4580 4.5221
Car -1 -1 -1.6301 662.9263 168.1521 700.1035 202.7777 1.6635 1.6402 3.8744 3.8240 1.0717 35.9377 -1.5241 1.4419
Car -1 -1 1.3963 699.3753 162.0306 729.5361 181.5091 1.5208 1.6656 4.4562 8.8605 0.0800 57.4442 1.5494 1.3507
Car -1 -1 -1.6577 656.2738 176.1870 688.5860 202.1626 1.4880 1.5949 3.8262 3.9965 1.2423 42.4171 -1.5637 -0.6761
