Car -1 -1 -1.9741 772.3359 181.8862 1109.9966 374.0000 1.5200 1.6374 4.0029 2.9877 1.6413 7.6342 -1.6011 14.1582
Cyclist -1 -1 -3.1140 632.4542 174.0445 656.0065 196.9208 1.7386 0.6188 1.7856 2.5990 1.8308 55.2493 -3.0670 0.6997
Car -1 -1 2.1481 0.0000 203.3995 291.3072 350.6069 1.4200 1.5902 3.9128 -6.0535 1.9167 9.7492 1.5924 14.0150
Car -1 -1 1.8854 304.9588 185.2700 421.2405 255.3020 1.4869 1.6013 3.8808 -6.0371 1.8298 17.9560 1.5610 12.5608
Car -1 -1 1.6213 538.5303 178.9428 568.9289 204.5523 1.4949 1.6888 4.3642 -3.5239 1.8967 45.3668 1.5438 7.9650
Car -1 -1 1.6831 508.3326 178.8167 537.9909 202.3964 1.5453 1.6245 3.9015 -6.0344 1.9769 50.2285 1.5636 7.6935
Car -1 -1 1.8037 390.9771 179.0993 462.4835 229.2377 1.5513 1.5501 3.7110 -6.2149 1.7812 24.6532 1.5567 6.9090
Car -1 -1 1.7589 455.9293 182.2763 503.5693 214.7274 1.4483 1.5923 3.8986 -6.3460 1.9352 35.2945 1.5810 4.5176
Car -1 -1 -0.0802 957.3406 152.5851 1097.5970 197.7808 1.4801 1.6524 4.1200 14.4080 0.8167 25.2489 0.4383 3.0966
Car -1 -1 -1.2531 343.6564 168.0113 387.0096 189.8491 1.4640 1.6338 4.2298 -17.0868 1.1397 50.4896 -1.5794 2.7077
Car -1 -1 -1.5587 638.0200 174.7084 659.8116 196.4830 1.6469 1.6581 4.0465 3.0715 1.7991 56.9966 -1.5049 2.0654
Car -1 -1 -3.2300 700.5364 166.2460 756.7383 190.1315 1.7228 1.6414 3.9419 8.6504 1.2465 53.0030 -3.0682 1.3400
Car -1 -1 1.0850 1066.8169 168.7679 1144.1372 199.0105 1.4754 1.5802 4.0430 25.4635 1.2764 37.2961 1.6840 1.2951
Car -1 -1 -2.4678 1033.9171 217.8175 1241.0000 374.0000 1.4731 1.5541 3.9232 3.3670 1.7580 2.5887 -1.5524 0.5809
