Car -1 -1 1.8545 377.8660 193.9538 455.7037 246.7825 1.4877 1.5401 3.4320 -6.2304 2.2242 23.4355 1.5947 11.3053
Cyclist -1 -1 0.8576 1195.6706 154.2428 1234.3722 187.4861 1.7012 0.5624 1.7213 31.6266 0.7491 37.7858 1.5545 -0.3934
Car -1 -1 -1.7191 660.1153 175.8256 718.8719 222.3275 1.6068 1.6404 3.7377 2.8652 1.7265 27.0740 -1.6136 10.1608
Car -1 -1 1.7943 425.2550 190.6074 486.0818 231.9795 1.4532 1.5646 3.8826 -6.1576 2.2144 28.9686 1.5848 9.1119
Car -1 -1 -0.9905 63.0498 202.9030 160.3761 245.8487 1.5368 1.6046 3.6771 -20.8223 2.8752 30.2700 -1.5931 8.1593
Car -1 -1 -0.9654 9.3827 209.4371 104.9607 249.0566 1.4168 1.5509 3.4496 -23.5307 3.0685 30.8074 -1.6176 5.9412
Car -1 -1 0.9112 1044.9916 138.3402 1153.9127 179.4367 1.9332 1.8424 5.0462 24.5510 0.3100 36.5181 1.5031 5.0856
Car -1 -1 1.6927 470.9261 182.3571 511.9463 216.9503 1.6431 1.6312 3.9277 -6.1198 2.1618 37.3602 1.5303 1.9929
Car -1 -1 -0.9339 0.0000 208.3270 51.7920 249.2843 1.4591 1.5787 3.5739 -25.8944 3.0596 30.7115 -1.6344 0.4954
Car -1 -1 -1.0188 125.2161 205.7314 217.3752 247.4252 1.4621 1.5794 3.6901 -18.2088 2.9171 30.0702 -1.5633 0.0337
Car -1 -1 1.6386 534.9923 182.2403 554.5402 198.5361 1.4707 1.6085 4.0040 -6.2702 2.4009 69.4605 1.5486 -0.0124
Car -1 -1 -0.6863 1137.1405 144.2424 1241.0000 174.6409 1.5071 1.6457 4.1042 29.3596 0.0889 36.6128 -0.0104 -0.1603
