Car -1 -1 1.7336 437.9813 184.7806 515.7429 240.1140 1.4556 1.6522 4.3319 -4.0067 1.8573 22.0968 1.5542 13.2132
Cyclist -1 -1 -0.0855 632.1979 174.9556 664.6329 206.2013 1.6876 0.5392 1.7241 2.0516 1.8033 39.3056 -0.0334 -0.1038
Pedestrian -1 -1 -1.7948 981.2970 182.5425 1016.4557 251.4196 1.6825 0.6417 0.6815 9.7261 1.9322 18.1527 -1.3029 -0.1025
Car -1 -1 1.8974 295.9047 190.9003 405.0637 255.8029 1.4784 1.5928 3.9092 -6.9107 2.0154 19.4912 1.5567 10.6725
Car -1 -1 2.1995 0.0000 192.9780 220.0374 374.0000 1.6151 1.6447 4.0130 -6.6047 1.9135 8.6581 1.5479 10.1136
Car -1 -1 2.8923 722.2211 168.9995 822.1928 202.9104 1.5649 1.6821 4.3404 7.5966 1.3873 34.2008 3.1108 7.5726
Car -1 -1 1.7086 490.8930 184.2024 535.7507 219.4917 1.4253 1.5134 3.4324 -4.2704 1.9555 31.9647 1.5758 7.1267
Car -1 -1 -1.5819 629.7356 178.0351 659.3474 204.9165 1.4290 1.6034 3.7158 1.9015 1.7371 40.9664 -1.5355 7.1167
Car -1 -1 2.9016 716.7389 159.7627 806.0834 195.3349 1.7899 1.6936 4.2278 7.7272 1.1316 37.2250 3.1063 5.9657
Car -1 -1 2.5094 935.0518 160.3645 1028.1324 189.8674 1.4687 1.6327 4.0717 19.0095 0.8473 37.0420 2.9835 1.2112
Car -1 -1 -1.7837 859.8898 160.2342 891.7740 181.1540 1.5143 1.5451 3.4305 19.8405 0.6011 54.0307 -1.4318 0.7704
Car -1 -1 -1.4067 476.8801 166.5486 510.7360 190.3573 1.4624 1.5618 3.6649 -7.4212 1.0754 46.1516 -1.5661 -0.4753
Car -1 -1 -1.9907 891.7388 165.3186 951.6429 192.6199 1.4878 1.6068 4.1153 17.7603 1.0775 41.3875 -1.5853 -0.4953
Car -1 -1 1.7982 433.7842 182.0134 487.6152 219.0318 1.6100 1.6420 4.0611 -7.0911 2.0736 34.4420 1.5952 -0.6302
Car -1 -1 -0.5904 876.9428 158.0437 937.7277 180.0082 1.4953 1.5861 3.6498 20.6656 0.4874 50.2592 -0.2003 -0.7613
