Car -1 -1 1.9087 283.9556 189.0546 418.4727 268.8469 1.4960 1.6124 3.9946 -5.7233 1.9080 16.3345 1.5717 12.6355
Pedestrian -1 -1 -0.6700 1067.3846 125.1766 1184.0097 278.4444 1.6607 0.6184 0.8778 5.7481 1.1445 8.1486 -0.0557 4.4587
Car -1 -1 1.8451 372.5658 188.6256 461.0963 244.3237 1.4394 1.5753 3.8640 -5.7360 1.9563 21.6886 1.5866 11.7723
Pedestrian -1 -1 3.3357 0.0000 191.3894 51.7156 306.3233 1.7510 0.7050 0.7777 -9.6215 2.0633 11.6444 2.6452 0.4618
Car -1 -1 1.7962 423.3339 184.6986 486.7174 228.2057 1.4332 1.5258 3.5251 -5.6603 1.8978 26.5058 1.5858 8.6726
Car -1 -1 -3.4421 797.9366 155.9581 916.8533 196.1355 1.5273 1.6492 4.1065 9.5904 0.8854 28.3032 -3.1154 7.7297
Car -1 -1 -0.6211 1043.3805 145.4900 1150.9251 176.2563 1.4795 1.6526 4.2241 23.9295 0.1640 35.5808 -0.0290 6.9538
Car -1 -1 1.7545 458.9875 182.3859 509.4707 218.3891 1.4810 1.5762 3.8223 -5.6589 1.9376 32.6144 1.5827 6.7204
Car -1 -1 1.7656 492.6869 182.0463 534.0501 210.2908 1.4420 1.5840 3.7096 -5.3374 1.9759 39.9724 1.6329 6.6077
Car -1 -1 2.4197 0.0000 226.4168 105.0856 374.0000 1.4537 1.5914 3.8685 -5.9047 1.9896 5.2713 1.5777 6.0165
Car -1 -1 -3.3941 787.1367 153.0935 890.7810 191.5474 1.5916 1.5898 3.9365 9.6555 0.7741 30.7575 -3.0900 5.6566
Car -1 -1 1.6591 452.9182 170.3633 480.2369 192.3264 1.4523 1.5344 3.5601 -9.8466 1.2880 49.5619 1.4630 5.1578
Car -1 -1 1.7142 510.6309 182.2767 543.2018 206.8086 1.4523 1.5639 3.5930 -5.2805 2.0762 45.9269 1.5997 2.5210
Car -1 -1 -0.7813 1140.7868 131.3836 1241.0000 174.5833 1.5896 1.7050 4.5239 23.0650 0.0640 27.5896 -0.0850 2.2524
Car -1 -1 -0.5148 984.1308 148.4749 1070.3270 174.1670 1.4883 1.6558 4.1298 24.5733 0.0764 42.6390 0.0080 1.1406
Car -1 -1 0.9676 459.3685 167.1966 501.2360 184.3689 1.4898 1.6525 4.1034 -11.6642 0.9993 64.6334 0.7891 0.9663
Car -1 -1 1.0040 401.2607 169.8902 457.3955 194.4414 1.4881 1.6057 3.8863 -11.4924 1.3088 45.6492 0.7574 0.2779
