Car -1 -1 1.9385 264.0180 197.7383 402.4614 279.4622 1.4544 1.5803 3.7567 -5.9592 2.0672 15.8708 1.5793 12.9288
Pedestrian -1 -1 -1.4771 926.6385 149.5531 949.8089 203.2641 1.6777 0.6081 0.7293 10.4218 0.9502 23.0025 -1.0517 0.3198
Car -1 -1 2.0874 57.2967 203.3586 319.4208 343.7324 1.5245 1.6142 3.7544 -5.8720 2.0501 10.5359 1.5789 12.3934
Pedestrian -1 -1 -2.0734 1038.4641 152.6438 1060.5331 190.2241 1.6763 0.6189 0.6361 19.7611 0.7752 32.5136 -1.5272 0.0017
Car -1 -1 2.7586 831.3600 158.9569 982.5449 206.2274 1.4311 1.5790 4.0925 9.1878 1.0107 22.6361 3.1441 10.7642
Car -1 -1 1.8494 350.0134 192.1408 447.5114 254.6321 1.5100 1.6317 4.0066 -5.9655 2.1167 20.6753 1.5685 10.0350
Car -1 -1 1.7829 414.2945 190.4473 479.8431 235.0493 1.4324 1.5691 3.9397 -5.9845 2.1321 26.7045 1.5624 9.7408
Car -1 -1 1.7940 460.5028 186.5707 513.9976 222.2436 1.5109 1.6287 4.1439 -5.7992 2.2035 34.2979 1.6265 8.1024
Car -1 -1 -1.7252 663.6859 176.1580 721.2494 219.6369 1.5826 1.6554 3.9916 3.1488 1.7233 28.6010 -1.6155 7.1491
Car -1 -1 -0.6733 1108.0479 145.5561 1230.4916 180.7666 1.4302 1.6127 3.8879 23.2589 0.3218 30.1428 -0.0161 5.9949
Car -1 -1 -0.7642 1150.2758 141.2732 1241.0000 180.5950 1.4528 1.6448 4.1233 23.2572 0.2864 27.6074 -0.0641 5.9260
Car -1 -1 -1.6583 659.1114 176.5460 701.7047 215.2143 1.6999 1.6612 3.7609 3.2196 1.8837 33.9632 -1.5638 5.4440
Car -1 -1 2.7414 822.9674 153.5370 959.5470 202.1679 1.6320 1.6312 4.1152 9.6669 0.9841 25.0927 3.1092 5.3996
Car -1 -1 1.7149 486.9732 187.5087 523.9727 215.8625 1.4405 1.5506 3.5576 -5.8244 2.2951 40.2738 1.5713 3.6424
Car -1 -1 1.7623 419.3516 174.2656 460.0996 200.7355 1.5290 1.6441 4.2467 -10.3705 1.6198 44.0605 1.5311 3.2282
Car -1 -1 2.7817 789.8919 160.2241 906.3476 203.2785 1.5887 1.5753 3.9092 8.9753 1.1230 27.4955 3.0972 2.4374
Car -1 -1 -1.8070 278.2976 188.9054 341.2574 230.6001 1.4171 1.5028 3.2289 -11.5703 2.0706 27.6115 -2.2038 1.1979
Car -1 -1 -0.8967 651.6056 179.8726 715.8019 206.8068 1.5010 1.5728 4.1744 4.4328 1.9425 43.3115 -0.7947 -0.0161
Car -1 -1 1.7575 450.6351 171.8630 480.4839 190.8159 1.4973 1.6513 4.1821 -11.8118 1.4194 59.1003 1.5602 -0.0867
Car -1 -1 1.7524 496.2776 174.6707 519.3569 190.0530 1.4851 1.5881 4.0191 -10.2067 1.6723 72.1808 1.6119 -0.3413
Car -1 -1 1.6632 521.4305 186.3836 548.2388 208.3751 1.4641 1.5916 3.7787 -5.4378 2.4801 52.2673 1.5595 -0.5316
