Car -1 -1 1.9476 216.2478 180.9129 378.3978 282.3741 1.7341 1.6682 3.8993 -6.1621 1.9197 14.6098 1.5485 13.2683
Pedestrian -1 -1 1.2516 667.5707 167.9167 687.5247 208.9624 1.7125 0.6468 0.7182 2.8127 1.5068 30.5230 1.3435 0.3768
Car -1 -1 2.3438 0.0000 212.9682 167.3045 374.0000 1.4856 1.6051 4.0760 -6.0798 1.9577 6.4321 1.5865 9.4635
Pedestrian -1 -1 -1.8993 885.5127 163.9389 904.5700 204.9923 1.8403 0.5997 0.7291 12.8821 1.4410 32.7199 -1.5242 -0.3733
Car -1 -1 1.6233 522.2822 178.0676 557.5111 207.9052 1.5285 1.7114 4.5616 -3.8737 1.8353 40.0851 1.5270 9.2885
Car -1 -1 1.8582 337.7642 181.2569 439.2075 243.8567 1.6113 1.7019 4.2951 -6.4355 1.8848 21.2999 1.5647 9.1288
Car -1 -1 -2.2011 855.4602 182.3823 1241.0000 374.0000 1.5551 1.5841 3.7668 2.8996 1.6375 4.3007 -1.6079 9.1094
Car -1 -1 -0.0389 1059.0285 145.6768 1241.0000 199.9998 1.4402 1.6179 4.2733 15.5786 0.7200 20.9998 0.5993 6.4292
Car -1 -1 1.7319 494.2707 180.6126 528.5046 204.7903 1.4625 1.6159 3.7717 -6.3796 1.9863 46.7710 1.5964 6.1648
Car -1 -1 1.7728 432.9688 183.5013 488.1579 219.8469 1.4499 1.6221 4.0040 -6.5829 1.9514 31.9571 1.5696 5.5397
Car -1 -1 -1.6112 633.1703 175.4932 657.4002 197.2884 1.5448 1.6360 3.8080 2.5577 1.7478 53.5093 -1.5634 5.2608
Car -1 -1 -3.2613 697.8810 163.1548 759.9698 189.7983 1.8013 1.6955 4.0446 8.1243 1.1459 49.7111 -3.0993 1.5528
Car -1 -1 1.8195 303.5636 166.3984 348.0855 191.6804 1.4687 1.6260 3.8451 -17.2710 1.0940 43.9230 1.4448 1.3959
Car -1 -1 1.9755 0.0000 228.9199 180.2963 336.8684 1.4597 1.5413 3.6191 -9.7272 2.6743 13.6920 1.3578 0.6966
