Car -1 -1 2.0981 0.0000 207.4303 357.9619 374.0000 1.3844 1.5251 3.3599 -3.8120 1.7929 6.8204 1.5884 12.5143
Pedestrian -1 -1 -2.0155 1217.8458 137.5357 1241.0000 186.1595 1.5889 0.6412 0.6441 20.7080 0.4351 23.9706 -1.3030 1.0144
Car -1 -1 -1.6701 668.8449 181.2487 734.3837 234.6244 1.4850 1.6316 4.0538 2.7511 1.7739 22.7576 -1.5498 11.7510
Pedestrian -1 -1 1.2287 671.1446 145.8955 692.5088 188.5442 1.7108 0.6360 0.7930 2.8808 0.6298 29.4026 1.3264 -0.0666
Car -1 -1 -3.6076 877.4781 161.7272 1115.7530 241.0647 1.6241 1.6977 4.2498 8.1913 1.3967 15.6506 -3.1254 9.9963
Pedestrian -1 -1 1.1405 296.3411 175.6147 315.0207 208.6471 1.7651 0.6238 0.8796 -16.5572 1.9173 39.1670 0.7406 -0.2588
Car -1 -1 1.9402 256.4998 197.4733 388.6444 275.0768 1.4205 1.5626 3.5002 -6.2923 2.0291 16.0703 1.5670 9.7083
Car -1 -1 -1.3203 405.6681 184.7661 477.7273 232.0978 1.5797 1.6585 4.1934 -6.2986 2.0651 27.2598 -1.5473 9.0092
Car -1 -1 -3.5602 829.3360 152.7642 1034.8110 223.8142 1.7622 1.7508 4.5691 8.2145 1.2643 18.7831 -3.1479 8.2859
Car -1 -1 2.7676 772.7428 162.5568 921.0657 213.8858 1.7045 1.7472 4.5528 8.0788 1.3629 24.9682 3.0806 7.9475
Car -1 -1 -0.6284 1069.8950 148.1416 1194.9515 187.1242 1.6394 1.6791 4.1950 22.4713 0.6005 31.1890 -0.0040 6.4658
Car -1 -1 -0.6983 1124.3777 150.9515 1241.0000 189.6443 1.4549 1.6691 4.3145 22.6601 0.6317 28.0005 -0.0180 5.8754
Car -1 -1 -0.4963 1026.3786 152.9888 1134.5021 184.3171 1.4492 1.6075 4.0316 22.2781 0.5306 34.3363 0.0792 5.2355
Car -1 -1 1.7590 470.1727 184.3942 513.6842 214.9122 1.4837 1.5985 3.8577 -6.2794 2.1311 38.5003 1.5973 4.9054
Car -1 -1 1.7263 486.8791 184.0399 524.0156 211.4225 1.5265 1.6347 4.0111 -6.3408 2.2384 43.8826 1.5828 2.5542
Car -1 -1 1.7450 525.1009 182.2624 550.2426 200.4059 1.4625 1.5362 3.6876 -6.2083 2.2963 62.0210 1.6452 2.5208
Car -1 -1 1.8004 438.7741 168.3579 476.9333 191.1992 1.4843 1.6277 4.1793 -10.3063 1.1925 48.9915 1.5930 2.1447
Car -1 -1 1.8250 447.4694 166.5190 480.1512 185.9409 1.5970 1.6983 4.3308 -12.4426 1.0765 61.5357 1.6255 0.1202
