Car -1 -1 -1.7668 716.5206 177.3242 851.5476 275.6004 1.5295 1.6284 4.0332 3.0020 1.6258 13.4472 -1.5472 13.1321
Pedestrian -1 -1 -0.2683 787.7386 144.5041 822.2898 205.7486 1.7664 0.6309 0.8382 5.6561 0.9491 21.1258 -0.0067 2.2991
Car -1 -1 2.6408 887.7192 150.1977 1142.4345 228.4569 1.5884 1.6967 4.5158 8.4988 1.1289 15.4927 3.1425 12.5631
Pedestrian -1 -1 -0.5967 1059.4469 147.8873 1139.4637 270.1385 1.5614 0.6096 0.6412 6.3885 1.2429 9.5194 -0.0057 -0.1534
Car -1 -1 -1.2218 302.4735 183.5310 429.6331 258.6485 1.5955 1.6555 4.2085 -5.9710 1.8946 18.0554 -1.5412 11.9910
Car -1 -1 1.7709 433.6734 182.8009 493.8799 222.9364 1.4589 1.6323 3.9466 -5.8733 1.8887 29.1776 1.5722 9.6605
Car -1 -1 -3.8451 1049.1175 125.0668 1241.0000 274.0976 1.7323 1.6808 4.2184 8.2197 1.1772 9.2706 -3.1197 8.1555
Car -1 -1 2.2962 0.0000 208.8760 174.2656 374.0000 1.5021 1.5374 3.5827 -6.1116 1.9394 6.9534 1.5752 8.1317
Car -1 -1 1.7385 484.2262 179.7115 524.1343 208.8691 1.4870 1.5655 3.7290 -5.7871 1.8813 39.5621 1.5933 6.4379
Car -1 -1 1.7587 463.6797 181.8515 512.1898 215.1191 1.4595 1.5995 3.8927 -5.8405 1.9167 34.6757 1.5919 6.2422
Car -1 -1 1.2031 455.7640 167.7727 489.2970 186.1616 1.4401 1.5372 3.4120 -11.1675 1.0425 58.3583 1.0140 3.9179
Car -1 -1 1.7648 518.6994 179.1834 551.5477 200.3959 1.4564 1.6346 4.1190 -5.4757 1.9398 52.9314 1.6618 1.7124
Car -1 -1 -0.5086 936.6804 156.0061 1014.2561 179.6180 1.4807 1.6375 4.1550 23.3052 0.4245 46.1487 -0.0410 0.4314
Car -1 -1 1.6713 480.8036 168.2106 503.5474 185.7363 1.4721 1.5804 3.7318 -10.2006 1.0825 62.5161 1.5095 -0.2558
Car -1 -1 1.8546 437.3161 159.9074 481.2954 186.5493 1.8430 1.7951 5.0281 -10.9165 0.9478 52.4887 1.6495 -0.6078
