Car -1 -1 1.7383 407.5076 188.6152 500.3125 254.4664 1.4388 1.6675 4.4306 -4.0331 1.9053 19.0860 1.5300 12.9004
Pedestrian -1 -1 -0.4779 970.7826 130.5435 1019.6328 214.3537 1.7434 0.6256 0.7056 8.1205 0.8636 15.3225 0.0094 -0.2520
Car -1 -1 1.9348 247.8927 194.7339 381.5416 269.1080 1.4393 1.5927 4.0445 -6.8986 2.0229 17.1944 1.5533 12.8494
Pedestrian -1 -1 -0.8372 631.8580 158.1651 647.3271 185.3785 1.6985 0.6273 0.7609 1.8357 0.7821 45.5232 -0.7969 -0.8395
Car -1 -1 -1.6297 631.0830 178.7403 666.4619 209.1560 1.5238 1.6615 4.0403 2.0080 1.8585 38.9551 -1.5782 9.9954
Car -1 -1 1.7153 475.1958 185.0606 526.8219 227.3855 1.5075 1.5295 3.4577 -4.2752 2.0182 28.4286 1.5660 6.6769
Car -1 -1 2.3404 0.0000 202.7104 125.6495 374.0000 1.6882 1.6603 4.2165 -6.5078 2.0390 6.3345 1.5415 5.7284
Car -1 -1 -3.3749 731.6222 168.0627 834.1183 202.6440 1.4839 1.6585 4.1172 7.5180 1.2787 31.7905 -3.1427 5.4066
Car -1 -1 2.9198 722.4195 158.9162 813.8753 192.6709 1.5961 1.6528 4.0619 7.5731 0.9374 34.9588 3.1331 4.0626
Car -1 -1 2.4125 0.0000 164.0844 47.8911 237.5162 1.5243 1.6140 3.8918 -15.7231 1.3427 16.9891 1.6658 2.3509
Car -1 -1 -0.5264 956.3292 156.6431 1066.0273 188.4429 1.4888 1.6650 4.3599 19.1723 0.7302 34.6566 -0.0211 2.1652
Car -1 -1 -0.4980 894.6206 156.1708 962.2995 179.0058 1.4827 1.5990 3.7996 21.0386 0.3998 47.8018 -0.0834 1.5590
Car -1 -1 -2.1775 346.4831 181.3930 406.2510 207.3014 1.4682 1.5810 3.7745 -14.2459 2.0082 43.8256 -2.4917 0.7191
Car -1 -1 -1.4124 467.7220 175.3841 492.1253 192.4973 1.4749 1.5680 3.8458 -11.6508 1.7089 64.6938 -1.5905 -0.4799
Car -1 -1 3.7272 66.1874 184.6983 199.4576 228.1692 1.6149 1.6646 4.0918 -18.5472 2.0902 28.0935 3.1437 -0.6241
Car -1 -1 -1.9205 849.5182 164.0414 886.6646 183.8841 1.4463 1.5484 3.4236 19.3554 0.8043 54.3059 -1.5781 -0.7732
