Car -1 -1 1.8998 325.9418 190.1716 445.9018 257.2236 1.4308 1.6502 4.2916 -5.6772 1.9319 18.6884 1.6049 11.8172
Pedestrian -1 -1 -0.5703 970.9836 136.6671 1059.7745 258.6751 1.7193 0.5984 0.9538 5.8273 1.2097 10.4938 -0.0634 2.9925
Car -1 -1 1.8214 400.9112 186.1301 476.5906 234.9510 1.4306 1.5796 3.6969 -5.6501 1.9072 24.0179 1.5904 10.6909
Pedestrian -1 -1 -1.6163 845.9119 146.1677 900.5885 286.7309 1.7670 0.6378 0.8248 3.4148 1.4319 9.5555 -1.2731 -0.0513
Car -1 -1 -0.8872 0.0000 194.2504 235.8775 374.0000 1.6804 1.6452 3.9081 -5.8253 1.9623 7.5169 -1.5465 9.3679
Car -1 -1 1.7497 472.9737 182.1360 520.6028 214.7494 1.4382 1.6096 3.8886 -5.4509 1.9128 34.8968 1.5947 8.9932
Car -1 -1 -2.3170 964.3461 187.6847 1241.0000 374.0000 1.4934 1.5721 3.8195 3.0213 1.5941 2.9295 -1.5162 8.5987
Car -1 -1 1.7797 441.6737 184.2353 499.3433 225.4832 1.4906 1.5607 3.5525 -5.5500 1.9743 28.8507 1.5896 7.4304
Car -1 -1 1.7614 502.5168 180.3121 542.3952 207.9028 1.5053 1.6125 3.9529 -5.1364 1.9658 42.4879 1.6411 6.1534
Car -1 -1 -2.0254 924.9985 152.4880 986.0142 179.1629 1.4737 1.6384 3.8921 19.9076 0.3489 41.8140 -1.5810 5.5567
Car -1 -1 1.7604 462.1413 170.2036 492.5617 190.9671 1.4436 1.5322 3.4416 -9.5318 1.2597 51.8886 1.5787 4.6742
Car -1 -1 -0.6004 1019.4305 147.1634 1116.9830 175.6424 1.4616 1.6405 4.1237 23.9975 0.1435 37.9233 -0.0362 4.4740
Car -1 -1 -0.6217 1105.4327 137.2698 1241.0000 174.3101 1.4743 1.6465 4.3965 23.0932 0.0583 29.6279 0.0404 3.5627
Car -1 -1 -0.6530 1045.8242 143.4211 1151.8135 174.9599 1.5005 1.6246 4.1583 23.8003 0.1005 35.2596 -0.0593 3.0361
Car -1 -1 -1.7900 724.9610 168.6290 769.0170 196.8626 1.4615 1.5761 3.7021 7.3558 1.2431 39.2233 -1.6046 2.4770
Car -1 -1 -0.2149 789.1425 159.5481 899.9623 195.1411 1.4512 1.6428 4.1881 9.7748 0.9091 30.4342 0.0959 2.1760
Car -1 -1 0.3174 332.9585 172.8795 405.3109 196.2564 1.4769 1.6328 4.1114 -15.4842 1.4790 46.4115 -0.0046 1.9216
Car -1 -1 2.8603 760.4277 164.5538 847.8623 195.4165 1.4782 1.5784 3.8523 9.4382 1.0810 35.3851 3.1209 1.4514
Car -1 -1 1.2324 474.9786 167.1504 506.3664 184.3900 1.5550 1.6445 4.0078 -11.1675 1.0409 67.2314 1.0678 0.2721
Car -1 -1 1.6407 375.9732 165.8878 413.6023 196.6158 1.4589 1.5665 3.5023 -10.7671 1.1285 36.1334 1.3511 0.0326
