Car -1 -1 -1.8678 734.8321 178.6636 923.6736 302.3437 1.5181 1.6244 3.7897 3.0299 1.6220 10.9496 -1.5979 15.0001
Cyclist -1 -1 1.9124 348.8343 170.5517 370.1151 202.3464 1.7279 0.5630 1.7566 -13.9431 1.6032 40.0903 1.5777 1.8969
Car -1 -1 2.0315 160.7028 197.1479 364.1507 303.6911 1.4737 1.6070 4.0937 -6.0240 1.9810 12.9875 1.5972 13.8311
Car -1 -1 1.8396 355.3996 179.3407 452.8094 242.6236 1.6490 1.6969 4.2324 -5.9979 1.8604 21.3537 1.5658 11.4059
Car -1 -1 2.2864 0.0000 205.2305 199.5651 374.0000 1.5128 1.5754 3.3613 -6.0773 1.9242 7.4533 1.6023 8.9630
Car -1 -1 1.8076 421.1497 182.2281 485.5850 225.7138 1.5176 1.5928 3.7713 -6.0175 1.9053 27.9037 1.5952 6.0465
Car -1 -1 1.6310 550.2698 178.1552 577.3620 201.1290 1.5284 1.6657 4.2026 -3.2586 1.9195 51.0755 1.5673 5.7577
Car -1 -1 1.7435 515.5365 179.6819 547.7111 202.4258 1.5831 1.6939 4.1240 -5.8050 2.1106 53.5999 1.6356 5.3446
Car -1 -1 -1.5625 640.7729 174.8508 660.3885 193.4559 1.4878 1.5780 3.5341 3.3584 1.6589 59.8993 -1.5064 3.1778
Car -1 -1 1.7647 472.5458 182.8447 517.6847 213.5939 1.4827 1.6305 3.9006 -6.0361 2.0374 38.0541 1.6074 1.9643
Car -1 -1 -1.3159 363.6682 163.3242 401.4718 185.5883 1.6014 1.6854 4.2486 -17.0107 0.9163 54.0597 -1.6208 0.5403
Car -1 -1 1.1178 944.6763 148.6382 1015.6735 179.8538 1.4829 1.6101 3.9198 18.4630 0.3329 36.2477 1.5889 0.4136
Car -1 -1 -3.2259 691.6195 168.4849 747.5856 191.9950 1.7982 1.7035 4.1764 8.4690 1.4644 56.1706 -3.0762 -0.7446
Car -1 -1 -3.3033 884.8370 159.0796 1005.0523 197.9179 1.4922 1.5807 4.1833 13.3283 0.9633 29.0362 -2.8730 -0.8443
