Car -1 -1 2.1043 39.3430 202.5050 304.6228 342.9402 1.5246 1.5923 3.6804 -6.0658 2.0307 10.4566 1.5786 12.9219
Cyclist -1 -1 1.4345 701.7918 167.4548 711.9885 187.5169 1.7137 0.6402 1.7629 8.3668 1.2528 62.5120 1.5675 1.5500
Pedestrian -1 -1 0.2140 422.5842 174.6844 436.8870 201.8538 1.6573 0.6324 0.7368 -11.1180 1.7710 44.3806 -0.0315 0.1229
Car -1 -1 -1.9391 829.7207 176.6303 1239.8091 374.0000 1.5179 1.6032 3.6091 3.0136 1.5600 6.1140 -1.4811 11.5042
Pedestrian -1 -1 -1.8317 798.9470 152.3606 859.2929 272.3692 1.7522 0.6682 0.8881 3.2648 1.4533 10.9852 -1.5428 0.0316
Car -1 -1 1.7689 447.8328 185.9457 498.2775 222.7552 1.5367 1.5792 3.7786 -6.3073 2.1770 33.3678 1.5820 9.7305
Pedestrian -1 -1 -1.8250 836.3537 211.4225 877.5289 286.4764 1.4774 0.6436 0.7313 5.0682 2.2997 14.9865 -1.4989 -0.4198
Car -1 -1 -1.6839 645.6157 175.4748 687.2457 209.3803 1.6256 1.6720 4.0015 2.7948 1.7675 36.9356 -1.6083 9.1880
Car -1 -1 1.7641 471.9034 185.6133 514.6542 216.1891 1.4892 1.5709 3.7362 -6.2287 2.2059 38.6140 1.6042 6.1890
Car -1 -1 -1.1855 249.4980 194.4712 309.2132 224.3215 1.4483 1.6344 3.9643 -18.2563 2.7058 39.9411 -1.6142 5.4694
Car -1 -1 -1.0119 113.4617 201.9223 184.0751 232.4900 1.4891 1.6180 3.7215 -25.8779 3.1992 40.5681 -1.5797 4.6001
Car -1 -1 -1.0461 157.7718 199.0926 227.0170 228.7079 1.4466 1.6214 3.9489 -23.5079 2.9996 40.7173 -1.5697 4.4028
Car -1 -1 -1.1164 198.5069 195.8244 260.9619 226.2584 1.4792 1.5881 3.6831 -20.9031 2.8043 39.7455 -1.6006 4.3482
Car -1 -1 0.1669 463.7136 185.3060 525.2059 209.3821 1.4697 1.5583 3.6349 -7.3108 2.2717 45.6565 0.0081 0.4355
Car -1 -1 -1.3971 407.2277 175.4885 442.9793 201.2867 1.5614 1.6036 3.6221 -11.7526 1.7363 45.9170 -1.6477 -0.3804
