Car -1 -1 2.0216 152.0959 200.3861 339.3113 304.7337 1.4334 1.5114 3.5199 -6.1883 1.9821 12.6041 1.5652 15.1558
Car -1 -1 -1.7039 681.6787 180.3812 765.0854 245.5153 1.5122 1.6425 4.0470 2.8604 1.7347 19.2549 -1.5564 13.3231
Car -1 -1 -3.7051 944.1805 157.8678 1241.0000 258.2331 1.5610 1.6669 4.2812 8.0865 1.3283 12.1069 -3.1163 11.8354
Car -1 -1 -1.2971 376.5335 183.5734 461.6929 239.9206 1.6331 1.6699 4.0366 -6.2019 2.0160 23.7153 -1.5529 10.0224
Car -1 -1 2.7407 810.3753 157.5602 978.6251 218.4409 1.7312 1.7000 4.3294 8.3134 1.2967 21.4315 3.1107 9.6426
Car -1 -1 -3.6191 881.5956 146.9280 1134.4968 237.1136 1.8013 1.7493 4.3939 8.2424 1.2838 15.3188 -3.1255 9.3198
Car -1 -1 1.7350 479.4053 183.3514 518.9581 211.8977 1.4682 1.5902 3.8098 -6.1932 2.0847 40.4305 1.5830 6.2305
Car -1 -1 1.7226 458.4850 185.5772 503.8587 218.9879 1.4566 1.5949 3.8586 -6.2067 2.1066 34.8866 1.5465 4.9743
Car -1 -1 2.5233 0.0000 219.2571 145.7686 374.0000 1.4714 1.5155 3.5337 -3.7999 1.7685 2.8280 1.5923 3.9029
Car -1 -1 1.8517 335.2617 187.0240 433.3210 251.1879 1.5577 1.6423 3.7440 -6.2497 1.9925 20.2341 1.5521 2.3006
Car -1 -1 1.7272 494.0373 184.7779 527.6845 209.7841 1.4473 1.5563 3.5684 -6.2119 2.2256 45.2737 1.5909 1.9000
Car -1 -1 1.6458 521.9878 182.1839 544.8609 201.7356 1.4889 1.5732 3.7804 -6.2219 2.2728 58.6832 1.5401 1.8629
Car -1 -1 1.1103 174.7504 168.7163 276.9333 215.5539 1.4966 1.5890 3.7551 -13.2754 1.3648 24.7889 0.6186 1.5658
Car -1 -1 1.7448 419.8321 176.8409 456.7978 202.9329 1.4730 1.5467 3.6343 -10.2560 1.7221 43.1594 1.5115 0.6352
Car -1 -1 1.6382 714.7641 168.4694 741.5322 191.5675 1.4642 1.5127 3.5034 7.7944 1.1866 47.6125 1.8005 0.5416
Car -1 -1 1.4582 669.6284 172.4121 691.7656 189.0403 1.5007 1.6073 3.9816 6.5274 1.4612 67.1185 1.5552 0.3498
Car -1 -1 1.4048 691.6430 161.4824 717.9223 179.9803 1.5121 1.5447 4.0849 7.9603 0.5829 61.0466 1.5344 -0.7357
