Car -1 -1 -1.8426 755.1639 184.4048 971.3873 329.7420 1.5004 1.6322 4.0724 3.0907 1.6913 9.8356 -1.5381 13.8170
Cyclist -1 -1 1.4546 652.5362 161.0450 660.4298 178.9050 1.6811 0.5571 1.6905 4.4081 0.5699 68.7704 1.5186 0.0732
Pedestrian -1 -1 -1.7689 741.2011 155.3979 779.1855 240.6920 1.8969 0.6680 0.9859 3.3804 1.5091 16.5383 -1.5672 0.2348
Car -1 -1 1.8152 410.3009 182.6853 484.7592 231.4986 1.5433 1.6548 4.0182 -5.7192 1.9209 25.6557 1.5959 11.3134
Pedestrian -1 -1 2.1413 223.7012 197.7257 287.2258 303.7553 1.5760 0.6017 0.7173 -5.5897 1.9792 11.2943 1.6818 -0.6208
Car -1 -1 -1.1559 219.0200 180.5538 394.9682 284.4807 1.7459 1.6936 4.1861 -5.9099 1.9242 14.5491 -1.5418 11.3041
Car -1 -1 -3.7482 984.3232 138.1081 1241.0000 245.4739 1.6372 1.6879 4.1631 8.6414 1.1077 11.8894 -3.1197 11.1288
Car -1 -1 1.7499 453.4189 182.7330 505.0135 219.6215 1.4519 1.5749 3.6115 -5.6267 1.9038 31.1707 1.5713 7.6082
Car -1 -1 1.7225 475.8698 181.6630 519.1143 213.9517 1.4828 1.5928 3.6891 -5.5944 1.9451 35.9874 1.5682 5.5441
Car -1 -1 1.7101 497.2202 181.7208 533.0145 208.8492 1.4561 1.5571 3.7153 -5.4865 1.9931 41.8074 1.5796 4.6954
Car -1 -1 1.7332 518.9796 179.9018 551.0350 203.2074 1.4975 1.5774 3.9325 -5.1407 2.0018 49.5837 1.6299 3.9724
Car -1 -1 -3.3661 754.2426 163.5211 836.1970 193.0929 1.5062 1.6160 3.8721 9.5679 1.0312 37.6026 -3.1169 3.3131
Car -1 -1 -3.6266 971.4024 154.2534 1058.1817 183.4279 1.4510 1.5746 3.5230 20.5111 0.5263 36.7139 -3.1171 1.4701
Car -1 -1 -1.6294 655.4050 174.3812 686.9254 201.7302 1.5661 1.6528 4.0745 3.6183 1.6631 43.6026 -1.5466 1.3911
Car -1 -1 1.4992 480.1823 169.8702 502.7236 188.2975 1.4576 1.5540 3.7157 -9.7531 1.2220 59.0601 1.3355 0.9217
Car -1 -1 1.3278 454.6417 169.6958 486.1443 189.4999 1.4555 1.5430 3.5490 -10.6891 1.2238 54.9615 1.1357 -0.4318
