Car -1 -1 2.6795 881.4724 169.1429 1034.8663 224.0180 1.4487 1.5043 3.4931 9.4449 1.3511 19.8285 3.1240 10.0618
Pedestrian -1 -1 -3.7033 910.5024 148.1282 944.4807 200.0554 1.8129 0.6404 0.8989 11.2028 0.9500 25.5710 -3.2904 0.2183
Car -1 -1 2.4306 1044.3290 159.4871 1241.0000 217.3164 1.5226 1.7224 4.5341 14.7483 1.1710 20.0263 3.0654 8.9835
Pedestrian -1 -1 -1.2052 321.0416 171.1067 346.3334 219.7384 1.8222 0.6604 0.7895 -10.5406 1.7571 27.4275 -1.5721 0.0060
Car -1 -1 -2.5036 0.0000 182.4482 201.1705 269.8179 2.1161 1.8278 4.5564 -13.3943 2.3767 18.6278 -3.1270 8.7374
Pedestrian -1 -1 1.4838 635.8774 162.3388 647.4150 192.2286 1.7276 0.6271 0.5194 1.8049 1.1202 41.9743 1.5268 -0.6775
Car -1 -1 1.2431 185.0624 188.7891 264.7946 231.6895 1.4627 1.5825 3.7525 -14.9390 2.1189 27.8367 0.7505 4.7798
Car -1 -1 1.1802 658.5526 167.7557 712.9572 196.4496 1.4505 1.5876 3.6988 3.9448 1.1932 38.4715 1.2823 2.1860
Car -1 -1 -1.2574 415.8119 147.5185 463.6210 173.8119 1.4912 1.6220 3.9845 -10.1118 0.0547 42.9709 -1.4885 0.7868
Car -1 -1 -1.0883 159.5617 163.7649 209.4974 184.3064 1.4669 1.5870 3.8436 -31.4984 0.8182 53.4830 -1.6206 -0.6632
