Car -1 -1 1.3758 226.2436 181.6503 305.2391 233.8735 1.4471 1.5203 3.7632 -10.8937 1.7471 22.6128 0.9268 7.8066
Pedestrian -1 -1 1.6646 549.4060 168.9035 572.2621 217.5621 1.5097 0.6535 0.7551 -1.5918 1.3875 22.7696 1.5948 0.0107
Car -1 -1 -2.2759 0.0000 172.1242 156.5020 290.3006 1.9540 1.7888 4.5162 -11.0348 1.9423 13.1894 -2.9726 7.2321
Pedestrian -1 -1 0.5574 120.1457 147.8068 148.2930 185.7929 1.6588 0.6144 0.8389 -21.0203 0.5654 31.8234 -0.0263 -0.2471
Car -1 -1 2.1153 193.2319 180.6686 277.0574 216.3546 1.4738 1.6153 3.8209 -16.8784 1.8487 32.6157 1.6377 1.7900
Pedestrian -1 -1 0.0672 530.5909 163.0116 555.8875 215.2877 1.7276 0.6199 0.8051 -2.2754 1.4027 24.1625 -0.0267 -0.4162
Car -1 -1 1.3981 133.6268 178.9430 217.0772 231.9597 1.4764 1.5858 3.8094 -13.6520 1.6831 22.4960 0.8527 1.2452
Pedestrian -1 -1 -0.1950 730.0358 163.8582 748.6359 198.5755 1.5843 0.6320 0.7341 5.9166 1.1742 33.2473 -0.0189 -0.5213
Car -1 -1 1.6800 581.2492 148.2994 606.5585 168.0519 1.4763 1.5707 4.0373 -1.2629 -0.3930 57.0161 1.6578 1.1897
Car -1 -1 1.1887 803.0128 166.1097 881.9146 207.1015 1.5944 1.6695 4.2402 9.5898 1.3325 30.2393 1.4958 0.2387
Car -1 -1 -1.1585 305.7909 146.1988 373.6737 179.2301 1.5778 1.6743 4.2175 -13.6566 0.3049 36.6149 -1.5155 -0.5629
Car -1 -1 -2.7406 284.4085 149.4915 390.6219 185.1639 1.5435 1.6368 4.1115 -12.1163 0.5330 32.1179 -3.1013 -0.7465
