Car -1 -1 1.9035 270.0959 195.1080 407.6936 275.2957 1.4625 1.6289 4.1998 -6.0284 2.0354 16.4458 1.5521 13.8940
Cyclist -1 -1 1.4861 658.9797 154.4298 670.8701 182.7984 1.6769 0.5728 1.6701 3.2703 0.5882 43.4853 1.5611 0.6560
Pedestrian -1 -1 1.4679 660.9216 156.4389 672.4106 184.7568 1.6861 0.6171 0.7102 3.3663 0.7091 43.3212 1.5454 -0.2072
Car -1 -1 -1.7723 693.9910 176.4979 790.3257 242.5822 1.4752 1.6206 3.8986 3.1741 1.5779 18.2938 -1.6005 12.8912
Cyclist -1 -1 -1.7701 787.4098 148.9268 809.0744 192.8101 1.6829 0.4975 1.7047 7.3892 0.7657 28.5325 -1.5167 0.4188
Pedestrian -1 -1 -0.1097 683.6507 170.8002 712.6007 227.5044 1.7151 0.6040 0.8186 2.6503 1.6533 22.1267 0.0095 -0.7263
Car -1 -1 2.0858 56.2409 208.0173 306.4707 337.8192 1.3857 1.5122 3.5808 -5.9605 1.9835 10.4638 1.5680 12.3681
Cyclist -1 -1 1.4576 644.5268 178.4072 656.5693 205.7338 1.7087 0.5803 1.7108 2.5657 2.0724 46.3383 1.5129 -0.3166
Car -1 -1 1.8626 388.5331 190.2296 474.4806 240.4880 1.4205 1.6282 4.2034 -5.8637 2.0508 24.0131 1.6231 12.1300
Car -1 -1 -3.7769 1005.8340 132.4871 1241.0000 234.1055 1.6175 1.6495 4.1094 9.2185 0.9753 12.3215 -3.1346 10.5182
Car -1 -1 -1.7072 676.7028 176.1299 744.5616 227.7872 1.5415 1.6544 4.0949 3.1837 1.6594 23.8386 -1.5745 9.8443
Car -1 -1 2.3376 0.0000 217.6708 125.2613 374.0000 1.4867 1.5245 3.5466 -5.9451 1.9649 5.8994 1.5483 7.8786
Car -1 -1 -3.5587 824.8820 155.7373 1002.6435 212.5824 1.5118 1.6346 4.2581 8.3028 1.0569 20.0560 -3.1662 7.7640
Car -1 -1 2.6754 895.2555 150.4480 1098.6464 221.1485 1.5961 1.6023 3.9586 9.0172 1.0906 17.1236 3.1601 5.4411
Car -1 -1 1.7958 440.5347 188.6633 498.2132 227.7677 1.4435 1.5631 3.7354 -5.8261 2.1439 30.0550 1.6044 5.2577
Car -1 -1 -3.7041 962.7412 137.9245 1204.6163 224.9813 1.6865 1.6211 3.8897 9.5307 1.0102 14.8041 -3.1321 5.1273
Car -1 -1 1.7264 519.5700 181.5358 549.4857 202.8150 1.4897 1.6275 4.0791 -5.6640 2.1684 54.2872 1.6225 4.0155
Car -1 -1 1.8805 670.5652 162.9577 705.2933 181.6014 1.4770 1.6363 4.2197 6.4327 0.6933 59.4193 1.9884 2.2538
Car -1 -1 1.7010 419.4316 168.9390 452.9147 193.6721 1.5919 1.6585 4.2441 -11.6968 1.3403 48.6360 1.4649 1.6990
Car -1 -1 -1.7042 640.7644 177.2711 672.0695 200.9463 1.4844 1.5832 3.7326 3.0099 1.7896 47.8695 -1.6414 1.1118
