Car -1 -1 -1.9329 756.7431 179.8280 1018.7676 340.8853 1.5105 1.6216 3.9044 3.0292 1.6162 8.9147 -1.6053 14.1193
Pedestrian -1 -1 -1.6936 754.2982 154.4601 779.5961 211.2518 1.8010 0.7072 0.7700 5.0145 1.2180 23.2939 -1.4816 2.8577
Car -1 -1 1.9321 256.2248 190.5721 395.5185 277.0401 1.5009 1.5389 3.5042 -5.7885 1.9128 14.9991 1.5637 12.0472
Pedestrian -1 -1 -1.7100 771.0625 153.2242 796.3722 206.3430 1.6601 0.6856 0.7332 5.4721 1.0470 22.9452 -1.4759 1.9338
Car -1 -1 -1.8924 711.3226 176.6235 846.2177 267.3765 1.5446 1.5721 3.3181 3.1135 1.6279 14.1536 -1.6758 11.1281
Pedestrian -1 -1 -1.9415 832.7997 141.1123 859.8141 192.5038 1.7107 0.6425 0.7406 7.9415 0.6545 24.4032 -1.6269 0.5434
Car -1 -1 1.8165 359.3448 187.9405 445.9705 247.2948 1.4433 1.5306 3.4459 -5.7415 1.9021 20.1766 1.5393 10.2076
Pedestrian -1 -1 -1.7463 799.1077 158.9932 823.0796 213.3086 1.7306 0.6317 0.7123 6.4625 1.2893 23.3716 -1.4765 0.0333
Car -1 -1 -1.7583 696.0039 178.1098 779.9116 237.7472 1.4590 1.5718 3.7848 3.3714 1.6181 19.8924 -1.5904 8.2610
Pedestrian -1 -1 -1.7961 813.8640 142.2655 837.7713 192.4394 1.6067 0.6148 0.6429 6.9618 0.6275 23.4434 -1.5075 -0.1447
Car -1 -1 -2.8015 375.9936 179.2846 459.6139 207.4675 1.6798 1.7523 4.6728 -11.8594 2.0866 44.5463 -3.0617 0.7349
Car -1 -1 -1.3329 418.9775 165.9915 445.8010 182.2063 1.4733 1.5745 3.8511 -16.5957 0.8501 67.4868 -1.5740 0.6387
Car -1 -1 0.7496 0.0000 185.1486 80.6812 252.8795 1.4609 1.5728 3.7482 -14.7368 1.7602 16.7000 0.0265 0.5970
Car -1 -1 1.7309 521.3254 158.4186 546.2848 175.0218 1.5288 1.6734 4.4758 -7.2369 0.2000 68.7170 1.6260 -0.2632
