Car -1 -1 1.8736 318.8738 188.4867 430.5780 262.1397 1.5714 1.6048 3.7373 -5.7942 2.0038 18.0622 1.5632 12.7819
Pedestrian -1 -1 -1.9185 909.7248 138.6656 1013.0231 330.0314 1.7885 0.6319 0.9763 3.4429 1.4693 7.2568 -1.4755 3.8621
Car -1 -1 -1.8574 729.9462 175.8098 892.5835 289.7080 1.5812 1.6009 3.4884 3.0676 1.6375 11.8764 -1.6047 12.6271
Pedestrian -1 -1 -2.0755 806.6848 142.7245 832.0150 187.7377 1.6865 0.6455 0.7450 7.9219 0.5580 27.4665 -1.7947 -0.0006
Car -1 -1 -1.8464 696.3671 179.0440 801.7326 249.6561 1.4793 1.5638 3.4332 3.1482 1.6426 17.2088 -1.6654 10.4614
Pedestrian -1 -1 1.4242 686.2215 164.4917 704.5123 210.4222 1.8400 0.6357 0.7315 3.4178 1.5054 29.2777 1.5404 -0.1026
Car -1 -1 1.7747 396.3846 189.3761 467.1664 240.8494 1.4472 1.5209 3.5676 -5.7020 2.0216 23.2562 1.5342 8.1744
Pedestrian -1 -1 -1.7259 757.9016 156.8970 781.1036 206.5977 1.7346 0.6982 0.7197 5.6005 1.1780 25.5599 -1.5102 -0.2374
Car -1 -1 -2.3573 931.5177 181.3013 1241.0000 374.0000 1.5447 1.5681 3.8308 3.1680 1.6079 3.4223 -1.6105 8.0749
Car -1 -1 0.5994 0.0000 185.5151 152.7833 242.3336 1.4416 1.5976 3.9914 -14.9999 1.8021 19.6121 -0.0535 5.6256
Car -1 -1 -1.7421 686.1272 178.0867 756.6147 231.7262 1.5298 1.5793 3.6489 3.3821 1.7087 22.7776 -1.5947 5.4418
Car -1 -1 1.8373 195.2630 175.2398 260.2984 211.4088 1.4455 1.5877 3.5530 -16.3742 1.5547 30.9928 1.3513 2.7586
Car -1 -1 0.9713 0.0000 192.5076 98.3797 261.1312 1.4731 1.6405 4.3496 -15.0214 1.9909 17.6291 0.2656 1.2134
