Car -1 -1 -3.4821 811.0644 167.9504 911.6547 206.1889 1.5199 1.5719 3.5587 10.1742 1.3253 29.4773 -3.1497 9.9979
Pedestrian -1 -1 -1.6279 910.7971 135.0819 974.8482 268.2010 1.7873 0.7694 0.9152 4.6508 1.2805 10.2505 -1.2020 6.0892
Car -1 -1 -2.1881 869.0875 193.9525 1241.0000 374.0000 1.4671 1.5825 3.7168 3.0361 1.6528 4.4608 -1.5905 9.8473
Pedestrian -1 -1 -1.9170 958.5224 142.6192 1041.5788 272.6651 1.6894 0.7499 0.8479 5.2418 1.2970 9.8438 -1.4277 5.0445
Car -1 -1 -2.6902 221.2210 176.6112 360.1484 229.5270 2.0413 1.8464 4.7782 -12.7894 2.1979 28.9834 -3.1057 7.4622
Pedestrian -1 -1 -2.1483 1149.7603 119.4429 1241.0000 277.7950 1.6978 0.6893 0.7832 6.6711 1.1255 8.1599 -1.4629 1.0301
Car -1 -1 0.7196 0.0000 202.3774 116.9501 258.7731 1.4611 1.6215 4.2546 -16.7170 2.3368 20.5047 0.0356 6.6654
Pedestrian -1 -1 -1.8030 1103.6968 113.2975 1199.5810 249.5473 1.4552 0.7133 0.7479 6.0614 0.8195 8.1879 -1.1658 -0.5417
Car -1 -1 -2.4995 37.0438 200.6980 159.5768 239.3545 1.4408 1.6067 3.8116 -20.5248 2.5921 28.9703 -3.1159 5.0070
Car -1 -1 1.3146 199.9198 186.6174 253.0041 217.0302 1.4577 1.5752 3.7690 -20.3941 2.2241 38.2366 0.8247 4.0207
Car -1 -1 1.2558 327.9187 180.8848 382.4010 211.3292 1.4979 1.6181 3.8836 -13.7109 1.9506 38.6030 0.9145 2.4894
Car -1 -1 1.6499 152.5200 189.3604 194.2953 221.0129 1.4668 1.5722 3.7129 -22.6978 2.3721 37.5441 1.1061 2.2879
Car -1 -1 0.7813 0.0000 162.0186 34.0059 249.9916 1.6549 1.6764 4.3804 -14.4255 1.4514 14.4178 -0.0044 1.9297
Car -1 -1 -1.6932 748.7715 168.2881 794.2225 201.4074 1.4640 1.6048 3.9272 7.4900 1.2625 33.9218 -1.4759 1.8127
Car -1 -1 -1.0622 328.0863 158.3957 376.5860 179.7979 1.4723 1.5970 3.8537 -18.4196 0.4780 51.6651 -1.4047 1.7287
Car -1 -1 1.7078 498.5750 155.7260 527.4623 176.6828 1.5618 1.6508 4.2817 -7.4986 0.2857 55.9138 1.5745 1.3014
Car -1 -1 2.5265 995.4732 145.5552 1175.6617 199.0704 1.4874 1.6329 4.1998 13.6679 0.7290 20.9457 3.1046 -0.0054
Car -1 -1 -0.9619 34.7780 171.5795 96.6755 193.0903 1.4643 1.5988 3.8211 -38.4570 1.3779 51.0516 -1.6075 -0.2142
Car -1 -1 3.7383 71.9628 170.3409 133.1526 189.6746 1.4619 1.5491 3.5914 -38.9269 1.2722 55.3593 3.1255 -0.8254
