Car -1 -1 2.0651 190.9746 191.8583 396.2066 289.7246 1.4104 1.6231 4.2977 -5.6681 1.8241 13.4734 1.6669 13.2169
Cyclist -1 -1 1.4921 660.7984 142.7462 675.4222 177.1110 1.7095 0.6077 1.6973 2.9131 0.2121 36.7396 1.5712 1.6014
Pedestrian -1 -1 -1.6808 722.9766 155.0625 737.9505 193.2590 1.8156 0.6283 0.7689 5.7502 0.9703 34.6957 -1.5166 1.0144
Car -1 -1 1.1153 803.2494 178.2007 1097.1075 354.1688 1.4924 1.5183 3.3257 3.3519 1.5641 7.9225 1.5155 12.8467
Pedestrian -1 -1 2.8259 820.9771 151.6787 839.6025 184.5576 1.7156 0.6174 0.7837 11.5507 0.6110 37.9633 3.1213 0.8618
Car -1 -1 -1.7421 678.0412 174.1284 748.8628 226.0179 1.4742 1.5716 3.5566 3.0786 1.5173 22.3901 -1.6055 12.4439
Pedestrian -1 -1 -0.3835 708.6814 154.1814 728.4048 189.4778 1.6975 0.6250 0.7701 5.2381 0.7999 35.0925 -0.2353 -0.6240
Car -1 -1 -1.8464 721.8182 179.2164 861.7484 268.1608 1.4243 1.5709 3.7448 3.2303 1.5626 13.7299 -1.6153 12.0884
Car -1 -1 1.7672 435.4941 176.0157 493.2323 218.0973 1.5427 1.5780 3.5094 -5.7188 1.6755 28.4679 1.5689 9.4457
Car -1 -1 -1.7537 665.6230 173.2051 722.6571 215.6979 1.5253 1.5442 3.5521 3.1259 1.5400 27.7534 -1.6415 6.2132
Car -1 -1 1.7272 468.0455 179.1257 511.7478 212.5916 1.4458 1.4942 3.3828 -5.5651 1.7521 33.5025 1.5626 3.3065
Car -1 -1 -1.7117 767.5979 160.0738 790.8516 175.9585 1.4630 1.6162 3.8657 16.0042 0.2863 68.4499 -1.4820 2.3270
Car -1 -1 -1.2573 353.0777 182.4802 420.3426 219.3361 1.4588 1.6361 4.0977 -9.7546 1.9095 31.6942 -1.5559 1.7681
Car -1 -1 -2.8614 630.3156 174.8037 679.8028 192.4447 1.4853 1.6250 3.9848 3.8849 1.6585 62.5006 -2.7994 -0.4016
