Car -1 -1 2.7177 845.1140 167.9220 1002.3535 215.9038 1.5376 1.6861 4.5034 10.3060 1.3799 24.0041 3.1232 8.7855
Cyclist -1 -1 -2.8863 487.3844 170.3129 526.5387 206.0757 1.6716 0.6250 1.7324 -4.9077 1.5532 34.1313 -3.0292 1.4967
Pedestrian -1 -1 -1.8536 1137.8405 109.9039 1241.0000 361.5342 1.7772 0.6899 0.9453 4.6378 1.3329 5.6633 -1.1675 4.6799
Car -1 -1 -2.6131 120.8407 177.6465 298.2457 244.8507 2.0686 1.8487 4.7310 -12.8867 2.2304 23.3264 -3.1179 8.2816
Pedestrian -1 -1 -1.9221 918.7881 132.3517 1049.1167 374.0000 1.7535 0.6006 0.9085 2.7638 1.4709 5.5235 -1.4582 3.2072
Car -1 -1 2.5271 989.9788 162.5932 1148.5790 208.7699 1.4737 1.6554 4.2743 15.1292 1.1466 23.9605 3.0903 8.2026
Pedestrian -1 -1 -1.1674 301.9948 154.4030 319.7321 183.8841 1.6387 0.6371 0.8544 -16.8357 0.6135 40.5340 -1.5610 0.1288
Car -1 -1 1.2083 264.0249 183.1669 334.0558 218.7445 1.4595 1.5888 4.0212 -14.1979 1.9565 32.7492 0.7993 5.3744
Pedestrian -1 -1 -2.9958 500.1523 171.1394 518.5929 204.6612 1.5677 0.6125 0.7821 -4.7841 1.4878 34.0491 -3.1354 -0.2096
Car -1 -1 -1.7591 763.8857 171.7324 825.6985 211.5446 1.4575 1.6213 4.0160 7.1602 1.4168 28.4639 -1.5127 3.8353
Pedestrian -1 -1 0.4079 252.0704 156.3051 271.3474 186.7054 1.6875 0.6194 0.7912 -19.5212 0.7692 40.3746 -0.0425 -0.8345
Car -1 -1 -2.4158 0.0000 205.3353 47.4730 256.3624 1.5068 1.6307 4.0406 -20.7794 2.5880 23.1808 -3.1466 3.3154
Car -1 -1 1.5302 683.2158 165.3997 712.1635 191.0211 1.4531 1.5493 3.6695 5.1313 1.0307 42.8082 1.6495 2.5880
Car -1 -1 -1.1823 284.4214 159.9561 335.6318 185.1158 1.5337 1.6304 3.9707 -19.0739 0.7478 45.9698 -1.5756 2.4394
Car -1 -1 0.3445 270.3100 156.9359 337.5447 177.5190 1.4875 1.6442 4.2491 -22.5013 0.3375 53.0807 -0.0564 2.3158
Car -1 -1 -1.2539 450.0532 147.9782 493.5741 172.6125 1.5539 1.6440 4.0516 -9.1030 -0.0163 47.6680 -1.4426 2.2258
Car -1 -1 1.3098 119.6949 189.7152 182.9118 226.2733 1.4642 1.5358 3.4684 -20.5624 2.2586 32.2373 0.7420 -0.3132
