Car -1 -1 1.2976 724.2610 180.9126 851.3674 264.8203 1.4377 1.5528 3.4897 3.3674 1.6196 14.4793 1.5261 14.2596
Cyclist -1 -1 1.8403 453.0588 168.1169 478.6203 211.3886 1.7495 0.5964 1.7743 -6.0358 1.5584 30.0762 1.6423 0.5401
Pedestrian -1 -1 -1.3505 434.3479 170.0588 448.9003 199.7091 1.6752 0.6550 0.7787 -9.6354 1.5176 41.1557 -1.5805 0.7653
Car -1 -1 2.0858 92.0476 197.7718 329.7210 322.7358 1.4525 1.5655 3.5305 -5.7862 1.8903 10.8809 1.5971 13.4981
Pedestrian -1 -1 -1.0360 90.2004 166.0650 133.5531 228.0648 1.6678 0.6814 0.7741 -13.7178 1.4855 19.8164 -1.6415 0.6260
Car -1 -1 1.9419 345.7176 183.9858 458.6053 245.5878 1.4574 1.6113 4.0931 -5.6406 1.7982 19.9462 1.6663 12.0740
Pedestrian -1 -1 -1.8672 723.2728 158.5575 738.5795 186.8367 1.6810 0.7068 0.7864 7.2243 0.8315 43.3240 -1.7020 -0.2760
Car -1 -1 -2.1944 888.2467 179.9838 1241.0000 374.0000 1.6264 1.6436 3.8855 3.2707 1.6909 4.5488 -1.5710 10.6004
Car -1 -1 -1.7817 688.3308 179.6788 776.1061 238.9615 1.4606 1.6116 3.9250 3.2639 1.6713 20.2359 -1.6218 9.4259
Car -1 -1 -1.7035 663.5976 173.7868 715.8419 215.3276 1.5577 1.5968 3.7070 3.0973 1.5980 29.0122 -1.5971 8.7524
Car -1 -1 2.4434 0.0000 212.0266 131.5070 374.0000 1.4797 1.6104 4.3337 -5.7665 1.8789 5.1532 1.6019 8.4011
Car -1 -1 1.7542 468.3577 176.4157 514.2289 209.2310 1.4871 1.5820 3.4505 -5.7123 1.6679 34.8142 1.5916 8.2925
Car -1 -1 0.5031 91.5334 182.9060 232.0794 228.9623 1.4462 1.5854 3.6485 -14.8231 1.7923 23.9267 -0.0515 4.9015
Car -1 -1 -1.7623 656.0222 174.3150 705.3576 209.5009 1.5586 1.6283 3.7110 3.2360 1.6318 34.0432 -1.6676 2.9441
Car -1 -1 2.0265 237.8209 172.5945 286.7093 193.7326 1.4934 1.6267 4.0323 -25.5014 1.4754 52.9960 1.5780 2.2028
Car -1 -1 1.6991 490.8282 179.3704 527.8182 207.4433 1.4662 1.5934 3.6873 -5.6241 1.8481 40.3924 1.5608 1.8836
Car -1 -1 1.7227 418.4250 162.2359 456.6220 190.6006 1.5987 1.6239 3.9225 -10.1844 1.0006 42.6852 1.4885 1.6024
Car -1 -1 1.5731 643.1598 177.4462 660.0327 193.5311 1.4836 1.5818 3.9781 4.0060 1.9408 69.7420 1.6305 0.0490
