Car -1 -1 1.9779 167.1427 196.9318 365.9602 302.6798 1.4599 1.6513 4.2847 -5.9919 1.9696 13.1017 1.5490 14.4209
Cyclist -1 -1 -2.3592 45.2367 187.9116 107.0210 242.0601 1.7376 0.5523 1.7573 -17.6303 2.2424 23.7722 -2.9974 -0.2059
Pedestrian -1 -1 -1.9225 906.1009 148.6062 938.7591 209.1712 1.7375 0.6799 0.6826 9.0637 1.0423 21.0567 -1.5160 -0.0602
Car -1 -1 -1.8289 712.0093 178.7027 844.2476 262.1863 1.4445 1.6303 3.9540 3.2148 1.5809 14.7744 -1.6146 14.3573
Cyclist -1 -1 -2.4128 0.0000 159.2130 42.2956 195.6521 1.7361 0.5563 1.7869 -28.4279 1.0865 34.6898 -3.0993 -0.8085
Pedestrian -1 -1 -1.4726 362.4503 181.6800 380.6997 224.2213 1.6696 0.6265 0.7387 -9.5950 2.0291 28.9230 -1.7929 -0.3916
Car -1 -1 1.8872 351.8924 188.5352 454.0638 251.3750 1.5269 1.6185 4.0307 -5.8176 2.0194 20.5974 1.6120 13.9574
Pedestrian -1 -1 0.6479 56.5355 185.5181 95.1381 236.5840 1.6445 0.6069 0.8189 -17.5796 2.0661 23.6929 0.0096 -0.8366
Car -1 -1 -3.6909 960.2497 141.0056 1217.2623 233.6173 1.6530 1.6037 3.8030 8.9070 1.0849 13.7272 -3.1153 11.4038
Car -1 -1 -1.7197 688.7825 175.1070 770.9874 238.9341 1.6093 1.6680 4.1211 3.2252 1.6798 20.4025 -1.5629 11.0150
Car -1 -1 2.2539 0.0000 210.7373 200.8035 374.0000 1.4704 1.5770 3.5405 -5.9224 1.9419 7.1965 1.5653 9.2935
Car -1 -1 1.8121 417.5956 185.5671 486.3805 232.7701 1.5486 1.6064 3.8500 -5.7925 2.0530 26.6629 1.5982 7.8407
Car -1 -1 1.4084 665.4664 177.9445 719.5183 217.2757 1.5142 1.6219 3.9609 3.3528 1.7428 30.3189 1.5186 7.2845
Car -1 -1 2.6535 882.1685 152.9688 1080.4771 224.7275 1.5629 1.5716 3.7439 8.3587 1.1302 16.5359 3.1215 6.8153
Car -1 -1 -3.7937 1062.5363 124.5059 1241.0000 241.1148 1.6863 1.6171 3.7340 9.4361 0.9875 11.3193 -3.0988 6.6108
Car -1 -1 1.8374 469.0034 182.4965 521.9236 217.2688 1.5630 1.6157 3.8577 -5.6145 2.0653 35.5490 1.6807 5.2257
Car -1 -1 -3.9509 1148.9480 133.1362 1241.0000 271.2558 1.5535 1.6174 3.8755 9.1630 1.1071 8.9442 -3.1534 3.5986
Car -1 -1 1.6726 517.6267 181.2265 546.7450 203.8168 1.4802 1.6371 4.0494 -5.4676 2.0937 50.8080 1.5654 3.5565
Car -1 -1 -1.6344 646.9069 176.9561 676.3270 202.5932 1.4930 1.5693 3.6810 3.1099 1.7566 44.4528 -1.5646 3.0680
Car -1 -1 1.5716 731.1504 169.3590 749.9712 186.1376 1.4801 1.6373 4.0759 11.8847 1.1722 65.7982 1.7503 1.7442
Car -1 -1 -1.6103 633.8966 158.0309 654.4655 177.2706 1.5713 1.5788 3.7752 2.8316 0.3611 60.8194 -1.5638 -0.1731
