Car -1 -1 2.1084 45.9595 194.7451 333.1627 334.1398 1.4910 1.6270 4.1988 -5.7676 1.8749 10.5104 1.6065 13.7886
Pedestrian -1 -1 0.3820 684.8232 146.3169 709.2229 188.2136 1.6992 0.6237 0.8258 3.5459 0.6233 29.7328 0.5007 -0.0396
Car -1 -1 1.3569 695.8224 182.3810 778.9016 240.8621 1.4230 1.5187 3.5517 3.3746 1.7107 19.9524 1.5244 13.2018
Pedestrian -1 -1 0.2784 659.0060 181.3094 680.2950 218.9454 1.6804 0.6581 0.8178 2.6801 2.0712 32.8679 0.3598 -0.5201
Car -1 -1 -1.8694 760.1603 177.8475 975.0153 317.6657 1.5492 1.6326 4.0220 3.2728 1.6339 10.1580 -1.5577 12.9876
Pedestrian -1 -1 1.3336 760.2658 157.8088 799.7688 247.6255 1.8866 0.6978 0.6127 3.5854 1.5709 15.4626 1.5614 -0.5985
Car -1 -1 1.9040 291.2787 189.7676 414.4748 268.4229 1.5044 1.5370 3.5560 -5.7232 1.9297 16.3443 1.5672 10.8037
Car -1 -1 1.8975 408.6026 186.5671 491.5816 233.0969 1.4198 1.6055 4.1376 -5.5663 1.9442 25.4239 1.6820 10.1635
Car -1 -1 -2.2354 880.8798 195.9178 1241.0000 374.0000 1.5038 1.6099 4.0302 3.2347 1.7116 4.4443 -1.6062 10.1590
Car -1 -1 -1.7214 655.1964 178.7326 700.9395 213.4931 1.5305 1.6029 3.8201 3.1459 1.8269 34.3812 -1.6302 7.8735
Car -1 -1 1.6913 441.8397 169.0124 474.2734 191.8468 1.4565 1.6456 4.0210 -10.1122 1.2118 48.0942 1.4840 5.6446
Car -1 -1 -1.7640 673.1913 182.2318 740.2222 228.9752 1.4878 1.6262 3.9585 3.3256 1.8500 25.8050 -1.6358 5.4379
Car -1 -1 1.7295 490.9723 181.6618 529.8381 210.8409 1.5108 1.5900 3.6954 -5.5553 2.0264 40.3460 1.5927 4.6525
Car -1 -1 1.6599 511.2437 183.1977 540.7467 207.8503 1.4495 1.5473 3.5845 -5.3220 2.1317 45.7535 1.5441 3.3301
Car -1 -1 -1.7352 651.4742 179.2962 691.4384 208.5441 1.4979 1.6005 3.6803 3.2959 1.8696 39.6863 -1.6523 2.6251
Car -1 -1 0.9184 969.0205 93.0882 1241.0000 215.8118 1.8124 1.7467 4.5183 8.5251 0.6348 12.9682 1.4999 2.3155
Car -1 -1 -1.1535 547.0660 177.4328 580.1138 194.4576 1.4743 1.6021 3.7926 -4.2076 1.9042 65.6411 -1.2176 0.7134
Car -1 -1 -0.9966 559.4227 176.1298 598.4211 193.6488 1.5094 1.6062 3.9901 -2.7882 1.8150 65.0876 -1.0394 -0.7815
