Car -1 -1 -3.7539 1008.6373 174.4642 1241.0000 253.3470 1.4522 1.5396 3.5885 9.9538 1.4857 14.0871 -3.1388 13.0582
Pedestrian -1 -1 3.3172 461.5225 169.1302 488.2843 221.4689 1.6695 0.6219 0.7547 -4.4082 1.5511 23.3286 3.1304 -0.2423
Car -1 -1 1.2957 115.4003 184.4141 210.5194 235.2040 1.4201 1.5727 3.8361 -14.2797 1.8173 22.8957 0.7380 7.9936
Pedestrian -1 -1 0.1759 461.1027 166.6163 486.1912 218.8076 1.7315 0.6092 0.7342 -4.6216 1.5249 24.2436 -0.0124 -0.5995
Car -1 -1 2.3436 0.0000 183.2926 78.2429 318.5438 1.8711 1.7179 4.1904 -11.6358 2.0817 12.4171 1.5907 7.9307
Car -1 -1 1.8838 372.6943 137.7722 437.2176 171.9634 1.4742 1.6439 4.2343 -9.4289 -0.0435 33.3663 1.6083 5.1829
Car -1 -1 2.1440 128.1680 151.5467 188.8645 174.0790 1.4749 1.5803 4.0287 -30.7658 0.0805 49.2526 1.5856 2.1740
Car -1 -1 1.3510 705.5756 162.6307 760.2999 198.8532 1.5487 1.6249 3.9293 5.4855 1.1120 32.8526 1.5164 2.0166
Car -1 -1 -1.4289 481.3217 152.7509 509.3219 172.6450 1.5486 1.6585 4.2066 -9.2533 -0.0171 58.3232 -1.5862 1.5240
Car -1 -1 1.1489 191.5310 191.9545 289.9436 241.4785 1.4470 1.5610 3.6756 -12.4625 2.1342 24.1895 0.6731 0.9811
Car -1 -1 1.4667 40.7898 181.4677 117.1807 235.1748 1.4707 1.5201 3.5463 -16.3995 1.7574 22.1606 0.8297 -0.8092
