Car -1 -1 -2.0139 796.7878 181.8624 1162.6598 374.0000 1.4322 1.5569 3.6320 3.0296 1.5418 6.9050 -1.6005 13.6757
Pedestrian -1 -1 -1.5173 764.3362 154.5654 788.9056 216.3996 1.8128 0.6795 0.7472 4.9473 1.2770 21.6035 -1.2922 2.2111
Car -1 -1 1.9750 187.6265 189.3260 364.8274 293.6671 1.5338 1.5795 3.6045 -5.8408 1.8723 12.9935 1.5526 12.7656
Pedestrian -1 -1 -1.7190 782.6052 154.1142 811.8665 213.9716 1.7245 0.7274 0.7492 5.4456 1.1850 21.1954 -1.4675 2.0222
Car -1 -1 -1.9195 724.5183 177.3025 888.4149 284.7726 1.5285 1.5656 3.3469 3.0758 1.6145 12.1475 -1.6715 12.2762
Pedestrian -1 -1 -1.9774 848.1690 146.1758 876.9684 202.0629 1.7144 0.6360 0.6623 7.8192 0.8964 22.4844 -1.6427 -0.0048
Car -1 -1 1.8345 326.4274 186.1799 425.8342 254.9927 1.4979 1.5260 3.4346 -5.8063 1.8656 18.1326 1.5246 11.0678
Pedestrian -1 -1 -1.8230 831.9641 148.2528 857.9831 203.7979 1.6255 0.5988 0.6170 6.9301 0.9059 21.4391 -1.5104 -0.0230
Car -1 -1 -1.7722 702.9659 181.0990 798.9029 246.7480 1.4146 1.5763 3.8205 3.3322 1.6421 17.9525 -1.5887 9.3275
Pedestrian -1 -1 -2.0273 869.5884 174.1875 895.3693 223.9571 1.7755 0.6133 0.7321 9.8273 1.8249 26.1524 -1.6678 -0.1679
Car -1 -1 1.1645 325.1217 183.1411 365.8432 204.6759 1.4439 1.5350 3.3703 -19.0389 2.2078 51.8001 0.8122 3.0985
Pedestrian -1 -1 -1.7626 813.7095 145.9220 842.4672 200.6564 1.5927 0.6872 0.7334 6.4118 0.8094 21.3917 -1.4713 -0.6114
Car -1 -1 -2.8042 373.9196 178.0119 452.2457 206.1301 1.6086 1.6829 4.1413 -11.6298 1.9208 42.6244 -3.0705 1.5182
Car -1 -1 -3.2635 721.4407 172.2358 790.1544 196.7066 1.5206 1.6380 4.1042 9.1779 1.4825 45.8046 -3.0658 1.3410
Car -1 -1 2.6202 159.2820 164.9171 308.8903 216.6434 1.4620 1.5924 3.8442 -11.6149 1.2381 22.4386 2.1426 0.9591
Car -1 -1 -3.5103 855.7651 163.0437 950.0805 195.2189 1.4681 1.5710 3.7720 13.6031 1.0208 33.7326 -3.1270 -0.6419
