Car -1 -1 -2.4298 946.3966 195.9622 1241.0000 374.0000 1.4610 1.5296 3.8752 3.0058 1.6155 2.8393 -1.6159 9.3446
Cyclist -1 -1 -0.9382 890.4538 155.4130 963.4354 236.5036 1.6977 0.5614 1.7097 6.8901 1.3329 15.7756 -0.5264 0.0210
Pedestrian -1 -1 -1.6583 956.5369 134.5716 1026.0677 287.0377 1.7757 0.6814 0.8760 4.6432 1.3302 8.9353 -1.1791 5.4849
Car -1 -1 -3.5005 820.5544 168.8791 927.1788 210.0935 1.5525 1.5597 3.5608 10.1336 1.4032 27.9776 -3.1530 9.0693
Pedestrian -1 -1 -1.7449 1017.6804 126.5201 1100.9854 287.0328 1.7894 0.6855 0.9340 5.2712 1.2732 8.6013 -1.1951 5.3645
Car -1 -1 -2.6822 201.6137 177.8403 345.6504 236.1321 2.1251 1.8645 4.6228 -12.7581 2.3221 27.4594 -3.1171 7.3974
Pedestrian -1 -1 -0.7840 1052.6406 160.3935 1130.4902 265.9225 1.6311 0.6500 0.8161 7.6441 1.4388 11.5488 -0.1993 -0.5189
Car -1 -1 -2.4700 10.8018 201.3586 139.1742 243.9524 1.4911 1.6122 3.7022 -20.2124 2.6038 27.2873 -3.1075 5.7842
Pedestrian -1 -1 -1.8035 1096.8199 133.9105 1185.3024 295.1714 1.6907 0.6279 0.7758 5.8358 1.2827 8.0407 -1.1757 -0.7550
Car -1 -1 0.7263 0.0000 200.8189 79.4294 263.4062 1.4998 1.6832 4.3110 -16.7124 2.2651 18.8890 0.0020 5.6637
Car -1 -1 -1.7147 747.8914 170.4500 796.8998 204.9039 1.4467 1.5932 3.8157 7.1535 1.3461 32.2552 -1.4965 5.3027
Car -1 -1 -1.2138 319.8783 159.2153 364.9539 181.9007 1.5142 1.6292 4.0443 -18.5769 0.6042 50.1811 -1.5683 2.8428
Car -1 -1 -1.6705 646.8133 170.9406 676.3246 193.8804 1.4565 1.5694 3.8021 3.3427 1.3354 47.7340 -1.6006 2.1333
Car -1 -1 0.3731 331.2680 165.5987 397.1518 188.9510 1.4581 1.5917 3.6409 -15.6448 1.0054 45.9262 0.0447 1.4750
Car -1 -1 2.2224 1012.6021 154.8639 1169.0306 213.4775 1.4730 1.5648 3.7523 12.9237 1.0213 19.4835 2.8081 1.3208
Car -1 -1 -1.8180 672.7917 169.6349 709.0308 192.6507 1.4370 1.5379 3.4383 5.1831 1.2364 46.8544 -1.7078 0.8423
Car -1 -1 1.6925 328.0357 180.7982 372.7554 213.0081 1.5149 1.6690 4.2809 -13.3970 1.9513 37.3253 1.3479 -0.6784
Car -1 -1 1.2502 179.9852 189.3951 243.6681 222.7263 1.5071 1.6081 4.1064 -20.2565 2.3914 36.5725 0.7444 -0.7529
