Car -1 -1 1.9478 206.9705 194.9372 380.7861 293.3451 1.5069 1.6291 4.2732 -6.0004 2.0070 14.1686 1.5472 14.4262
Pedestrian -1 -1 -1.7920 800.6641 177.3668 824.2144 225.2575 1.7666 0.7034 0.7444 7.5477 1.9387 27.0758 -1.5201 -0.2128
Car -1 -1 1.8742 365.1482 190.8347 463.5181 249.1038 1.4751 1.6422 4.3185 -5.8166 2.0736 21.8082 1.6135 13.3715
Car -1 -1 -1.7949 708.3691 179.0009 821.1633 256.4506 1.4722 1.5976 3.7497 3.2175 1.6242 15.9073 -1.5954 12.7880
Car -1 -1 2.1786 0.0000 210.8880 239.1328 374.0000 1.4554 1.5178 3.4647 -5.9255 1.9828 8.2515 1.5559 11.8794
Car -1 -1 -1.7120 684.8679 175.2516 760.1736 235.1787 1.6071 1.6437 4.0046 3.2042 1.6857 21.5158 -1.5642 9.5883
Car -1 -1 -3.5766 855.4393 155.1915 1050.2768 219.3250 1.4988 1.5891 4.0122 8.2348 1.0864 17.6570 -3.1402 8.2699
Car -1 -1 2.5854 939.9843 143.8696 1159.9751 227.2500 1.6257 1.5471 3.6012 8.9042 1.0609 14.8687 3.1250 8.0383
Car -1 -1 1.8266 473.0171 182.4369 525.4896 215.7530 1.5480 1.6492 4.1834 -5.6342 2.0677 36.9348 1.6753 7.9984
Car -1 -1 -3.8700 1093.2869 132.2774 1241.0000 257.0494 1.5571 1.6420 4.1105 9.1722 1.0511 9.8650 -3.1210 7.5652
Car -1 -1 1.8055 425.3566 187.5144 488.7366 231.8790 1.5115 1.5633 3.6784 -5.8290 2.1119 27.6685 1.5979 7.4039
Car -1 -1 1.4249 664.5658 179.3595 713.3251 216.8292 1.4991 1.5664 3.7786 3.3380 1.8003 31.4500 1.5306 7.3783
Car -1 -1 -3.8074 1025.6807 133.4545 1241.0000 232.4763 1.6056 1.6250 3.8789 9.5746 0.9671 12.5352 -3.1552 5.2361
Car -1 -1 1.4821 0.4517 181.1502 113.9184 267.6347 1.5318 1.5480 3.4122 -11.5228 1.7240 14.8961 0.8237 4.2284
Car -1 -1 -1.6330 646.6436 176.6002 676.2919 202.4585 1.5542 1.6327 3.9149 3.2020 1.8031 45.8979 -1.5634 3.2043
Car -1 -1 1.7181 519.6987 181.9484 548.5343 203.7257 1.4659 1.5500 3.6359 -5.4575 2.1446 51.9614 1.6135 2.1961
Car -1 -1 1.5038 708.6364 170.3408 729.0798 186.9426 1.4816 1.5988 3.8810 9.9686 1.2576 66.3870 1.6529 -0.0056
