Car -1 -1 2.6949 863.9438 169.7642 997.6325 220.1292 1.5023 1.5338 3.4597 9.8224 1.4105 22.3424 3.1091 9.8455
Car -1 -1 -2.5897 68.3711 184.1383 260.2108 257.1926 2.0472 1.8402 4.5623 -13.1606 2.3971 21.4242 -3.1406 9.0656
Car -1 -1 1.1045 229.2419 188.6671 308.4364 226.5294 1.4429 1.5377 3.7081 -14.5863 2.1544 30.6979 0.6609 4.6626
Car -1 -1 2.5003 1015.7407 163.7321 1182.2801 213.5860 1.4723 1.6449 4.0775 14.9378 1.2033 22.2290 3.0920 4.0419
Car -1 -1 -0.7553 1174.9220 159.9951 1241.0000 241.5788 1.4663 1.6224 4.1239 13.4769 1.2355 13.8129 0.0178 2.3101
Car -1 -1 -1.9754 661.6264 169.6774 714.4006 196.8140 1.4730 1.5919 3.8820 4.3666 1.3009 41.2518 -1.8699 1.5564
Car -1 -1 -1.7993 636.8839 172.9702 678.9917 200.3146 1.5035 1.5980 3.8091 2.6851 1.5109 41.6979 -1.7350 -0.0648
Car -1 -1 -1.3292 274.0202 163.5636 319.1661 188.9341 1.4847 1.6319 4.0139 -19.2264 0.9414 44.3379 -1.7383 -0.0933
Car -1 -1 2.1211 96.5928 171.8689 165.1148 199.0883 1.5566 1.5996 3.9359 -28.6648 1.5006 43.2553 1.5359 -0.2024
Car -1 -1 2.2101 2.3311 201.6430 107.4010 243.2190 1.4530 1.5671 3.6036 -22.6381 2.7044 29.5385 1.5561 -0.6704
