Car -1 -1 -2.6298 151.5508 179.3189 311.4132 246.2879 2.1762 1.8742 4.4954 -12.8774 2.4064 24.6425 -3.1114 9.9130
Pedestrian -1 -1 -1.8705 1148.5182 108.9491 1241.0000 334.3531 1.8161 0.6707 0.9479 5.2581 1.3016 6.3767 -1.1810 6.0649
Car -1 -1 -2.4372 0.0000 208.1213 79.5398 254.1890 1.4303 1.6128 3.9533 -20.5984 2.6664 24.4640 -3.1370 7.5214
Pedestrian -1 -1 -1.7891 1071.3029 132.1113 1194.7143 338.5348 1.7457 0.7387 0.8909 4.7213 1.4015 6.6530 -1.1719 5.1003
Car -1 -1 2.4005 975.0864 164.0076 1113.7936 208.4293 1.4811 1.6469 4.1405 15.1379 1.1865 25.2754 2.9401 6.0689
Car -1 -1 -3.5154 833.2047 168.7260 961.3356 214.6010 1.5544 1.6262 3.8380 9.9416 1.4149 25.2609 -3.1405 5.9296
Car -1 -1 -1.7306 761.4750 171.5959 816.9984 209.3106 1.4407 1.6016 3.8267 7.2190 1.3930 29.5319 -1.4909 5.6287
Car -1 -1 1.3296 289.4863 184.2828 345.4811 218.4985 1.4554 1.5859 3.7583 -13.8659 2.0259 34.0023 0.9424 2.4622
Car -1 -1 0.9836 0.0000 216.3018 57.8544 374.0000 1.4861 1.6628 4.3669 -7.8433 1.9514 6.6404 0.1154 1.6903
Car -1 -1 -1.4293 508.5059 164.4306 531.5580 183.4296 1.7271 1.6336 3.7088 -8.4010 0.9618 67.4588 -1.5532 1.2809
Car -1 -1 1.4366 680.5154 168.3664 714.7617 193.5881 1.4699 1.5763 3.7332 5.2584 1.2087 43.9248 1.5558 0.7771
Car -1 -1 1.7727 481.1241 156.4403 514.7574 178.8168 1.5174 1.6072 3.8428 -7.8881 0.4047 50.8847 1.6189 0.2599
