Car -1 -1 1.9635 266.2701 191.3545 418.8205 273.5373 1.4724 1.6335 4.3298 -5.8004 1.9425 16.1163 1.6180 14.5457
Car -1 -1 -1.8930 758.9259 180.0545 974.7374 316.7256 1.5183 1.6258 3.8723 3.2763 1.6395 10.1622 -1.5811 13.8938
Car -1 -1 -1.7717 712.1812 177.5516 824.3852 260.1468 1.5623 1.6252 3.8089 3.2613 1.6777 15.7688 -1.5678 12.6750
Car -1 -1 2.1688 0.0000 204.0980 264.3448 374.0000 1.4474 1.6338 4.1716 -5.9465 1.9085 8.5435 1.5608 12.6704
Car -1 -1 -3.7280 967.8095 157.0432 1241.0000 253.2365 1.4823 1.5970 4.0456 8.3006 1.2390 11.9557 -3.1211 11.1170
Car -1 -1 1.3925 676.7741 181.7133 738.7793 225.9590 1.4156 1.5493 3.6342 3.3592 1.7539 25.6756 1.5226 9.6018
Car -1 -1 1.8533 376.2278 188.6387 460.2943 245.2513 1.5041 1.5534 3.4837 -5.7690 2.0223 21.9095 1.5958 9.5696
Car -1 -1 1.8427 448.5952 186.0838 510.0423 223.1464 1.4167 1.5979 3.9632 -5.5910 2.0247 31.0877 1.6647 7.6120
Car -1 -1 -1.6845 649.4722 178.0227 686.0281 208.3334 1.5738 1.5932 3.7851 3.1220 1.8747 40.0358 -1.6067 6.9302
Car -1 -1 -1.7297 661.1547 180.2043 712.8310 218.0676 1.5050 1.6187 3.9802 3.2512 1.8469 31.4981 -1.6269 6.3895
Car -1 -1 1.6882 460.4161 170.2320 488.8999 190.6067 1.4638 1.6247 4.1048 -10.1030 1.2757 53.9366 1.5030 5.2075
Car -1 -1 -1.7233 736.7433 171.0861 762.7647 188.9331 1.4570 1.5838 3.8420 11.7289 1.3130 60.8513 -1.5329 2.9007
Car -1 -1 1.7726 505.3889 181.3487 540.4334 205.7785 1.4551 1.5472 3.5263 -5.5505 2.0193 46.0618 1.6527 2.8174
