Car -1 -1 -2.6270 138.2714 177.9580 305.3336 244.8026 2.1169 1.8471 4.5736 -12.8429 2.2937 23.9716 -3.1189 9.4520
Pedestrian -1 -1 -2.0919 1103.9206 112.0840 1241.0000 342.5622 1.7831 0.6979 0.9295 4.7427 1.3133 6.0885 -1.4301 3.9210
Car -1 -1 -3.5291 835.3445 169.4552 973.4090 212.9014 1.4339 1.6235 4.0504 9.9286 1.3221 24.6310 -3.1459 8.5719
Car -1 -1 -2.4340 0.0000 207.0545 65.5816 254.6647 1.4366 1.6263 4.0032 -20.6110 2.6036 23.7825 -3.1481 7.9204
Car -1 -1 -3.7258 981.2281 162.5296 1139.6627 207.2976 1.4657 1.6675 4.3768 15.1797 1.1281 24.5196 -3.1714 7.1349
Car -1 -1 -1.7271 763.9772 170.5035 820.4660 209.3693 1.4466 1.6051 3.7546 7.1540 1.3594 28.7927 -1.4836 5.9041
Car -1 -1 1.3534 279.2107 183.3538 337.0941 218.4921 1.4631 1.6224 4.0911 -14.0849 1.9814 33.4565 0.9549 4.8897
Car -1 -1 1.3616 674.6397 163.9734 713.3676 190.6528 1.5451 1.5880 3.7007 5.0076 1.0312 43.7015 1.4757 3.2901
Car -1 -1 -1.6306 644.4945 169.7263 674.2538 194.5254 1.4585 1.5882 3.8859 2.9643 1.2749 44.3817 -1.5640 2.4439
Car -1 -1 1.2937 130.3627 191.2707 194.8541 227.2347 1.4538 1.5580 3.6071 -20.3984 2.3367 32.7851 0.7371 2.4389
