Car -1 -1 2.7099 857.8906 171.1852 989.6434 219.8839 1.4899 1.5369 3.5112 9.8411 1.4392 22.8851 3.1160 10.1566
Pedestrian -1 -1 -1.1377 411.9191 173.5746 430.5043 213.0265 1.6954 0.6400 0.4757 -8.2299 1.7273 31.3046 -1.3948 0.1788
Car -1 -1 2.5101 1016.8322 162.9935 1178.6754 213.9654 1.5492 1.6633 4.0466 15.3119 1.2498 22.8403 3.1007 7.6746
Car -1 -1 -2.5964 89.5754 182.8944 277.0576 252.8302 2.0227 1.8480 4.6628 -12.9980 2.3438 22.0951 -3.1282 7.5863
Car -1 -1 -0.8180 1163.6685 159.9061 1241.0000 240.7836 1.4919 1.6490 4.1073 13.5242 1.2534 14.2507 -0.0587 7.0919
Car -1 -1 -1.7398 767.5628 172.8876 831.1467 214.7270 1.4595 1.6333 4.1436 7.0286 1.4612 27.3023 -1.4879 3.2252
Car -1 -1 1.3543 673.0622 170.1795 713.2443 196.8791 1.4747 1.5599 3.6177 4.7272 1.3273 41.7295 1.4671 1.3770
Car -1 -1 -1.3740 375.4753 152.1262 441.0815 205.4735 2.2784 1.9461 5.1936 -9.2778 1.3935 33.4747 -1.6444 0.7228
Car -1 -1 2.0023 26.7283 190.2827 112.3946 229.3169 1.4660 1.5828 3.5281 -22.9066 2.2531 30.6747 1.3609 0.0419
Car -1 -1 -1.2869 1137.8341 144.1814 1193.4967 170.0086 1.4683 1.6047 3.9365 33.2756 -0.1772 43.2238 -0.6308 -0.1628
Car -1 -1 -1.2315 436.1132 145.0298 484.8546 171.2587 1.5955 1.7005 4.4179 -9.5921 -0.1075 46.4731 -1.4351 -0.6642
