Car -1 -1 -1.7708 730.0582 181.8127 847.9207 262.8268 1.4296 1.6126 3.8752 3.5417 1.6421 15.1242 -1.5408 14.8583
Pedestrian -1 -1 -1.8588 919.5919 160.0347 935.9721 189.3090 1.6961 0.7005 0.7194 18.5494 0.9537 42.2021 -1.4447 -0.0422
Car -1 -1 -1.7213 703.7844 177.7749 784.9330 238.3470 1.5516 1.6683 4.2466 3.7383 1.7097 20.9731 -1.5449 11.1091
Pedestrian -1 -1 3.7909 0.0000 195.3529 19.8058 233.3760 1.7778 0.6215 0.7643 -28.8560 2.8627 34.4507 3.0937 -0.7545
Car -1 -1 1.7712 480.0689 178.7915 536.2073 221.5390 1.6831 1.6469 3.8587 -4.3350 1.9543 30.9311 1.6319 10.6432
Car -1 -1 -3.0772 1027.8066 166.8189 1240.6895 236.4897 1.4349 1.5474 3.8428 11.9421 1.3110 16.6737 -2.4556 7.4284
Car -1 -1 1.6885 510.9406 179.5733 553.4467 213.8247 1.5893 1.6522 4.1884 -3.9023 1.9483 36.4063 1.5817 5.8802
Car -1 -1 -3.0127 938.3793 163.0606 1114.6029 220.3375 1.4501 1.6162 4.0918 11.5094 1.2025 20.1437 -2.4936 5.5831
Car -1 -1 -3.1017 1103.7035 154.5719 1241.0000 249.4167 1.5290 1.5982 4.1093 11.8812 1.2346 13.6209 -2.3844 4.9181
Car -1 -1 -1.6201 677.7506 173.4150 706.9381 200.2741 1.7493 1.7535 4.5819 5.5644 1.7899 49.4301 -1.5080 4.2843
Car -1 -1 1.3940 432.7614 168.4882 469.6448 196.5471 1.7036 1.6384 3.8156 -10.1668 1.4389 45.8806 1.1759 2.9219
Car -1 -1 2.2957 0.0000 191.2541 60.0614 304.2929 1.4692 1.6169 4.0166 -11.5424 1.8296 12.0765 1.5329 2.4990
Car -1 -1 2.0367 219.3969 185.3684 266.4856 206.1862 1.4849 1.6269 4.0008 -28.3860 2.4891 55.8744 1.5667 2.0558
Car -1 -1 1.6733 528.6782 183.4066 563.5062 211.4079 1.4735 1.5966 3.9832 -3.6608 2.1098 41.4791 1.5852 1.1832
