Car -1 -1 2.0084 82.6462 185.5560 375.9604 353.5272 1.6110 1.6655 4.1236 -4.5442 1.8118 9.3067 1.5542 14.2073
Cyclist -1 -1 1.2970 775.6784 160.4376 786.6898 178.3163 1.6996 0.5918 1.7019 16.4543 0.5196 69.4522 1.5297 1.0282
Pedestrian -1 -1 -0.2923 817.4994 166.9911 839.7473 201.8503 1.6981 0.6615 0.8935 10.7070 1.4129 35.4772 0.0008 1.0789
Car -1 -1 1.8192 395.6388 183.6000 494.9332 249.2508 1.4688 1.5940 3.9053 -4.1990 1.7780 18.7606 1.5990 11.7027
Car -1 -1 -1.7134 719.6270 169.5363 798.4906 232.7515 1.8079 1.7873 4.6284 4.5754 1.7133 22.9910 -1.5170 10.4167
Car -1 -1 1.8935 307.5847 191.9370 453.7691 281.8279 1.4282 1.5860 3.8344 -4.3789 1.8559 14.2189 1.5948 10.3361
Car -1 -1 2.4173 0.0000 194.0087 179.9517 374.0000 1.5577 1.6638 4.1086 -4.6086 1.7406 4.1596 1.5807 9.7289
Car -1 -1 -1.7069 701.1792 176.6499 743.9411 209.6268 1.4961 1.5661 3.5679 5.3597 1.6898 34.9421 -1.5547 5.5419
Car -1 -1 1.6949 558.5886 177.2951 590.9110 201.9540 1.4679 1.5917 3.7187 -2.2175 1.7605 45.5537 1.6463 4.5799
Car -1 -1 -1.6714 710.8727 178.5241 760.0111 218.9601 1.5126 1.5956 3.7044 5.0093 1.7592 29.4237 -1.5028 3.6257
Car -1 -1 -1.2944 400.7453 159.0144 448.7574 185.4353 1.5283 1.6831 4.4529 -11.2526 0.7281 43.9828 -1.5449 2.9224
Car -1 -1 0.5048 15.1505 170.8353 168.0198 221.1736 1.5414 1.5894 3.6639 -16.5338 1.4799 23.0934 -0.1166 2.4250
Car -1 -1 1.6698 545.2259 168.6406 567.8613 186.1075 1.4897 1.6105 3.9061 -4.6959 1.1307 63.5064 1.5960 1.3661
Car -1 -1 1.9408 323.3700 178.4595 384.7926 209.1162 1.4707 1.6104 4.1612 -13.2458 1.7786 37.4849 1.6011 0.1038
Car -1 -1 -2.9302 501.7376 170.5229 553.9728 191.3047 1.5846 1.6095 3.7753 -6.3789 1.4072 55.9983 -3.0437 -0.2001
