Car -1 -1 1.8810 290.5942 196.3527 445.4072 292.8499 1.4289 1.6030 3.9915 -4.4169 1.9390 13.6522 1.5681 13.1835
Pedestrian -1 -1 -3.4141 793.7780 183.2320 827.3853 254.4523 1.7092 0.6634 0.6396 4.8766 1.9696 17.7435 -3.1459 1.1487
Car -1 -1 2.0472 81.0391 205.3475 364.9515 360.8278 1.3891 1.5592 3.7047 -4.5642 1.8824 9.0820 1.5816 12.1359
Pedestrian -1 -1 1.9424 843.9578 175.7339 866.9619 215.8457 1.6611 0.6575 0.8498 10.3344 1.7853 30.4914 2.2692 0.1057
Car -1 -1 2.3478 0.0000 202.0819 188.7399 374.0000 1.5483 1.6432 4.1808 -4.5725 1.8101 4.3347 1.5357 10.0924
Pedestrian -1 -1 0.4896 721.1937 182.8716 753.9497 238.2853 1.7145 0.6375 0.8264 4.0228 2.0413 23.0092 0.6627 -0.6433
Car -1 -1 -1.7692 735.7825 177.6629 849.9693 262.7807 1.8001 1.7934 4.7557 4.3077 1.9361 17.9386 -1.5335 8.2051
Car -1 -1 -1.6959 718.7975 187.7267 780.9792 238.0329 1.4845 1.5812 3.7989 4.5993 2.0277 24.3840 -1.5095 7.9748
Car -1 -1 -1.7556 705.2800 184.9630 761.5437 226.6266 1.5549 1.6211 3.7660 5.0047 2.0894 29.9266 -1.5899 5.7101
Car -1 -1 -1.6548 701.5364 185.0895 741.0917 219.5110 1.5161 1.5851 3.6208 5.3042 2.1409 34.9590 -1.5042 4.9708
Car -1 -1 1.6856 539.1367 185.5970 576.8358 214.8072 1.4924 1.6607 4.1878 -2.9259 2.2518 40.8464 1.6141 4.2941
Car -1 -1 0.2450 474.4509 178.8102 533.8900 202.3628 1.6095 1.6366 3.8614 -7.4573 2.0377 50.8188 0.0993 3.3681
Car -1 -1 -1.4401 598.9066 184.5378 621.3794 201.4796 1.4734 1.6016 4.0172 0.0243 2.6046 67.7356 -1.4398 3.2141
Car -1 -1 1.9336 283.9772 167.3200 348.2869 199.6771 1.5283 1.6611 4.0180 -14.6536 1.2673 36.1055 1.5481 2.3655
Car -1 -1 1.4439 0.0000 151.3033 66.1428 253.8438 1.6301 1.5915 3.7636 -11.5242 1.2879 13.3162 0.7305 -0.4226
