Car -1 -1 -1.9468 393.1379 190.6351 521.3798 267.6051 1.4383 1.5679 3.7098 -3.6134 1.8908 16.3694 -2.1641 12.5098
Cyclist -1 -1 -1.7084 274.4936 182.4049 295.0520 222.1707 1.7143 0.6091 1.7223 -14.6629 2.1556 32.4212 -2.1331 1.4818
Pedestrian -1 -1 0.3661 559.5859 176.5878 632.1381 312.7987 1.7799 0.6324 0.8239 -0.2395 1.8337 9.8857 0.3419 -0.1637
Car -1 -1 1.3153 902.4300 167.9361 1034.7794 240.2957 1.4183 1.6278 4.2172 7.8813 1.3223 16.3660 1.7641 10.6492
Pedestrian -1 -1 0.4562 537.9724 180.4889 600.7599 303.3407 1.7266 0.6244 0.7229 -0.6450 1.8439 10.6186 0.3955 -0.3010
Car -1 -1 -2.1906 527.0846 140.9989 832.1906 334.9648 2.0224 1.7812 4.5244 0.5976 1.6906 9.9103 -2.1304 8.2192
Pedestrian -1 -1 0.8342 409.3786 194.3463 449.5279 260.6722 1.3945 0.5831 0.6311 -4.0163 1.8796 15.8552 0.5861 -0.6909
Car -1 -1 1.4858 808.6934 171.4375 888.4371 235.0148 1.4133 1.5571 3.5839 5.7834 1.3822 17.9579 1.7973 7.6135
Pedestrian -1 -1 -1.5697 604.3613 155.5193 615.1583 183.5280 1.6295 0.6281 0.7410 -0.0482 0.6213 42.3445 -1.5709 -0.7609
Car -1 -1 -1.7149 285.9010 184.7604 345.1396 227.0678 1.5204 1.6450 4.1108 -12.0756 2.0412 29.3464 -2.1053 7.3113
Car -1 -1 -2.8641 462.8247 173.6176 556.9907 209.2192 1.5601 1.5883 3.9469 -4.5460 1.5962 32.7220 -3.0021 6.2576
Car -1 -1 -2.8576 410.4422 177.5686 495.2470 206.1299 1.4502 1.6106 4.0638 -8.2508 1.7043 37.8888 -3.0720 4.9588
Car -1 -1 1.8278 66.0297 188.2448 125.5086 223.2916 1.6583 1.6293 3.8508 -27.0780 2.5151 38.0609 1.2094 4.5335
Car -1 -1 1.6863 0.0000 204.3470 33.3032 314.3600 1.4681 1.5654 3.8177 -11.4232 2.1145 12.7888 0.9573 3.7886
Car -1 -1 -1.6932 268.9643 182.1687 316.8495 219.0602 1.5788 1.6113 3.6980 -14.9711 2.0424 33.8858 -2.1093 3.7756
Car -1 -1 -1.2673 239.7262 195.1200 287.4069 222.2418 1.4728 1.5846 3.8013 -21.3085 2.9063 44.4469 -1.7143 -0.4200
