Car -1 -1 -1.9676 53.5930 202.9345 201.6633 274.4420 1.3926 1.5821 3.7802 -11.5734 2.1800 17.1772 -2.5605 13.2643
Pedestrian -1 -1 -0.4812 851.2192 161.7399 898.3463 237.6220 1.7175 0.6403 0.8201 6.0713 1.4663 16.7003 -0.1325 0.9254
Car -1 -1 1.3674 538.4131 181.4278 618.2287 236.2473 1.4461 1.6182 3.9693 -1.0997 1.7310 21.8197 1.3171 9.0049
Pedestrian -1 -1 -0.4275 909.0838 164.1597 951.4703 234.1087 1.6959 0.6106 0.7712 7.8449 1.4855 17.8009 -0.0124 0.5987
Car -1 -1 -2.1917 219.8315 173.5849 470.3973 300.8111 1.9580 1.8070 4.8296 -5.0068 1.9739 13.2167 -2.5538 8.9693
Pedestrian -1 -1 -0.3557 868.9109 157.9099 907.4010 221.9519 1.7036 0.6494 0.7941 7.4692 1.3064 19.5195 0.0098 0.3405
Car -1 -1 1.6015 466.4252 180.6988 519.5593 231.9467 1.4313 1.5150 3.6309 -3.6560 1.6983 22.6279 1.4413 6.4297
Car -1 -1 3.3843 113.6074 187.5140 221.0195 223.4935 1.4528 1.5311 3.7368 -19.2593 2.1190 31.4788 2.8352 5.2447
Car -1 -1 0.2370 26.5548 189.7390 138.7000 223.6145 1.4762 1.6256 4.0608 -25.1317 2.3195 34.4912 -0.3927 1.8147
Car -1 -1 -1.2056 725.3542 136.6490 785.3473 169.2011 1.4598 1.6016 3.7609 7.0254 -0.1862 34.8242 -1.0065 1.2829
Car -1 -1 -1.2557 404.1109 162.6526 454.6820 191.6223 1.5576 1.6363 3.9337 -10.1843 1.0095 40.8123 -1.5002 -0.2498
Car -1 -1 2.1509 602.4628 139.5638 664.4134 167.2459 1.4852 1.6288 4.0431 1.3709 -0.3402 41.6922 2.1838 -0.7090
