Car -1 -1 -2.2302 0.0000 177.4529 254.7227 294.9330 1.9088 1.7851 4.5799 -9.1738 2.0044 13.3921 -2.8308 9.5688
Pedestrian -1 -1 -0.9555 131.2516 148.7381 153.8959 185.4459 1.7391 0.6278 0.6888 -22.4104 0.5969 34.5390 -1.5311 -0.3667
Car -1 -1 1.3810 326.9866 183.2895 404.7313 235.6399 1.4358 1.5923 3.9051 -7.8009 1.7949 22.7097 1.0501 8.0502
Pedestrian -1 -1 -1.0458 187.3030 154.8107 209.3741 191.4339 1.7227 0.6104 0.7671 -19.6167 0.8743 34.3225 -1.5650 -0.7712
Car -1 -1 1.5362 252.8047 183.3389 311.1254 235.2956 1.4577 1.5550 3.7073 -10.5817 1.8223 23.0555 1.1060 2.0729
Car -1 -1 -1.4112 679.8338 153.3853 708.9367 173.3904 1.4747 1.6000 4.0208 6.4810 0.0399 55.3402 -1.2946 1.7786
Car -1 -1 1.1665 941.4705 169.7366 1035.3188 212.4561 1.4839 1.6241 4.1145 14.0708 1.3760 27.1723 1.6443 1.6828
Car -1 -1 -0.9031 94.7747 159.7983 162.6497 183.3542 1.4715 1.6080 3.9125 -31.3513 0.6563 47.0848 -1.4905 0.3123
Car -1 -1 -0.7546 22.0211 153.8875 104.8337 184.4704 1.7801 1.6881 3.9494 -33.3250 0.6765 44.0832 -1.4019 0.0512
Car -1 -1 2.0219 247.9848 180.9682 323.9807 216.3082 1.4841 1.6169 3.9829 -14.8640 1.8810 33.2397 1.6014 -0.2426
Car -1 -1 -1.2383 407.3729 149.3018 467.2800 183.2366 1.6393 1.6933 4.2594 -8.8215 0.5019 37.0567 -1.4720 -0.6971
