Car -1 -1 -2.0251 851.5157 188.4124 1241.0000 374.0000 1.5231 1.6358 4.0746 3.6839 1.7165 6.8831 -1.5337 13.1114
Cyclist -1 -1 -0.2478 776.4643 172.7960 803.3625 197.7974 1.6486 0.5533 1.6452 11.8973 1.6451 47.8544 -0.0041 -0.6627
Car -1 -1 1.8622 353.5635 185.6411 476.5322 268.1676 1.6211 1.6700 4.0032 -4.4290 1.9557 16.8280 1.6048 12.8234
Car -1 -1 1.7796 433.1282 184.6118 512.8650 242.3566 1.5407 1.6056 3.9357 -4.1250 1.9327 22.0447 1.5947 10.6220
Car -1 -1 1.7430 503.2383 184.6702 554.4792 221.7079 1.4585 1.5871 3.9264 -3.5378 2.0109 31.6998 1.6319 7.7984
Car -1 -1 1.7704 474.8928 186.8712 536.7912 231.1200 1.4651 1.5669 3.8471 -3.8751 2.0301 27.0984 1.6284 7.4319
Car -1 -1 0.5361 13.8164 190.7569 197.1821 245.4716 1.5038 1.6502 4.2173 -14.9155 2.0603 21.4396 -0.0717 7.3411
Car -1 -1 -1.6210 701.7264 175.5377 740.8814 212.0874 1.6652 1.6757 4.1404 5.3536 1.8049 35.3279 -1.4706 6.8357
Car -1 -1 1.6707 584.5654 179.4955 609.8965 198.9846 1.4832 1.6553 4.0663 -1.0239 2.0406 58.4296 1.6532 2.3122
Car -1 -1 1.3489 342.7918 166.0369 400.4077 205.7393 1.6280 1.6136 3.6853 -10.5217 1.3489 31.5791 1.0273 1.6303
Car -1 -1 1.9073 417.2373 170.6506 453.1638 190.8557 1.4552 1.5427 3.4742 -13.0123 1.2969 53.7678 1.6699 -0.6605
Car -1 -1 2.1272 174.2747 196.5958 236.6259 223.4134 1.4968 1.5817 4.0108 -25.6956 3.0754 45.9216 1.6171 -0.7354
