Car -1 -1 -1.9703 711.4290 196.5009 954.7472 347.0347 1.4110 1.5760 3.7573 2.5401 1.7822 9.3457 -1.7049 13.3185
Cyclist -1 -1 -1.7493 574.3880 184.0515 595.8222 228.9950 1.7053 0.5435 1.7738 -1.0467 2.1664 28.7596 -1.7857 1.4282
Pedestrian -1 -1 -0.4709 946.1735 157.7429 972.8516 196.8222 1.7850 0.6551 0.9091 16.0820 1.0951 33.2907 -0.0209 0.0017
Car -1 -1 -1.6850 586.5611 188.0955 647.2528 237.9858 1.4719 1.6176 3.7723 0.1140 2.0302 24.4475 -1.6803 12.2948
Car -1 -1 1.9648 0.0000 205.2739 257.0766 374.0000 1.6052 1.5904 3.7131 -5.9699 2.1080 9.2092 1.3897 10.1521
Car -1 -1 1.5501 1136.7879 171.6731 1241.0000 262.0459 1.4209 1.5406 3.6523 10.6396 1.4027 13.2588 2.2263 9.3408
Car -1 -1 1.7481 400.8820 190.9887 444.9424 224.1720 1.5974 1.6427 3.8746 -10.0637 2.6258 38.9055 1.4949 8.2045
Car -1 -1 -2.8919 796.2034 171.8533 923.0480 217.6783 1.4523 1.5931 3.8088 8.4246 1.4209 24.5737 -2.5617 8.1001
Car -1 -1 -1.6726 573.4275 186.3247 622.4040 227.5376 1.5287 1.6318 4.0928 -0.6142 2.1343 30.2847 -1.6929 7.9745
Car -1 -1 2.1900 0.0000 222.6874 119.6919 374.0000 1.4798 1.7059 4.5558 -5.0569 1.9561 4.4769 1.3438 6.1092
Car -1 -1 -2.8451 726.5819 176.7524 831.4506 213.0212 1.4465 1.6162 4.0739 7.1661 1.6230 30.8644 -2.6170 4.8190
Car -1 -1 -1.5207 562.2823 183.3351 584.4099 202.7358 1.4634 1.6002 3.8875 -2.9646 2.3413 58.4666 -1.5714 1.5900
Car -1 -1 2.0776 97.4394 193.4523 145.1763 213.6752 1.4575 1.5570 3.7258 -39.1405 3.1642 57.8447 1.4827 1.0369
Car -1 -1 2.0745 392.2109 175.4883 433.2484 193.6156 1.4975 1.6237 4.1553 -17.0464 1.7340 62.4571 1.8080 -0.3598
Car -1 -1 1.9558 364.3876 151.8667 403.4049 171.5202 1.4938 1.6087 3.8797 -17.8714 -0.1089 57.1095 1.6525 -0.4657
Car -1 -1 -1.9817 341.0631 186.4172 381.8190 208.1555 1.4696 1.5502 3.5010 -18.2568 2.4976 52.8521 -2.3143 -0.5252
