Car -1 -1 -1.9702 14.0987 204.0768 167.3591 276.6624 1.4014 1.5727 3.7894 -12.3221 2.2093 17.0048 -2.5973 13.1232
Pedestrian -1 -1 1.4353 643.2680 155.1135 661.2301 192.7139 1.5478 0.6576 0.6999 1.7156 0.8179 30.0744 1.4923 1.3946
Car -1 -1 -2.1697 191.2839 174.8016 430.6616 298.0173 1.9231 1.7956 4.5648 -5.6480 1.9647 13.3097 -2.5710 9.9648
Pedestrian -1 -1 0.5824 714.7090 147.8394 734.8550 186.8001 1.8052 0.5913 0.7298 5.3525 0.6465 33.8924 0.7391 0.6111
Car -1 -1 1.3546 506.6429 181.1167 586.9087 234.7356 1.4425 1.6038 4.0909 -2.0932 1.7231 22.2767 1.2609 8.6371
Pedestrian -1 -1 2.2407 864.4187 164.0778 904.1630 231.0419 1.6703 0.6131 0.7569 6.9650 1.4517 18.4519 2.6017 0.0350
Car -1 -1 1.5573 434.7899 182.4698 488.8384 234.0458 1.4330 1.5366 3.6174 -4.7335 1.7617 22.6980 1.3517 7.3213
Pedestrian -1 -1 2.3108 583.2969 154.1131 604.6548 188.8316 1.6540 0.6566 0.8129 -0.8122 0.7615 34.8941 2.2875 -0.0805
Car -1 -1 3.3893 71.1822 186.9168 187.4108 224.5548 1.4922 1.6119 3.8879 -20.6214 2.1253 31.0586 2.8032 4.5205
Car -1 -1 1.8870 694.5454 137.0773 748.1018 168.7401 1.4464 1.5395 3.6614 5.4801 -0.2131 35.4547 2.0404 3.6534
Car -1 -1 1.2543 1138.9717 162.5241 1241.0000 217.0064 1.5865 1.6451 4.0830 18.6355 1.2860 23.2081 1.9309 2.3356
