Car -1 -1 -1.8169 758.3700 187.6201 913.2870 290.4133 1.4310 1.6047 3.9475 3.6836 1.7307 12.6202 -1.5329 13.7563
Car -1 -1 1.7603 478.4664 182.1248 537.2322 228.6425 1.6652 1.6246 3.7154 -4.0006 2.0558 28.4774 1.6207 12.2127
Car -1 -1 -1.7258 722.7799 179.7812 817.7468 250.4787 1.5574 1.6866 4.3734 3.9272 1.7573 18.5571 -1.5172 10.7815
Car -1 -1 -3.0545 993.7118 168.2339 1195.5376 233.9891 1.4360 1.5928 3.9570 11.6859 1.3354 17.6101 -2.4686 6.9699
Car -1 -1 1.7264 506.5686 183.1473 554.5870 219.8914 1.5518 1.6282 3.9724 -3.6760 2.0607 33.6240 1.6175 5.5339
Car -1 -1 -1.7839 429.1770 175.5906 469.5444 201.6249 1.4788 1.6060 3.7683 -9.7477 1.6517 43.4587 -2.0045 5.0355
Car -1 -1 -1.6000 690.1951 175.6266 719.4552 204.1738 1.7480 1.7465 4.6233 6.1015 1.9383 47.0293 -1.4709 4.7676
Car -1 -1 -3.2163 1119.0745 164.5894 1241.0000 251.6970 1.4568 1.6059 4.0626 12.2977 1.3189 13.9308 -2.4931 4.1198
Car -1 -1 1.6582 549.2469 183.8411 580.7475 210.3588 1.4596 1.5596 3.7969 -2.6881 2.1472 43.2178 1.5960 3.5685
Car -1 -1 -1.4975 542.6034 168.9172 561.3809 184.7772 1.5352 1.6006 3.6072 -5.7529 1.1545 71.6485 -1.5776 1.9543
Car -1 -1 2.1157 489.1682 166.3805 536.0844 187.3706 1.4774 1.5933 3.9517 -7.1203 1.0221 52.9140 1.9819 0.9675
