Car -1 -1 -1.7379 706.8181 188.4168 800.7308 255.2891 1.3720 1.6050 3.7772 3.3329 1.7930 17.5919 -1.5507 13.3208
Pedestrian -1 -1 -0.1626 691.6741 178.3945 722.0369 235.0439 1.6681 0.6708 0.8038 2.8545 1.8375 21.6599 -0.0315 0.2575
Car -1 -1 -1.6922 686.2068 181.2710 754.5257 235.8489 1.5636 1.6706 4.2109 3.4411 1.8623 23.4491 -1.5465 10.0687
Car -1 -1 1.7480 482.3925 182.2230 533.2924 222.6320 1.7058 1.6626 3.9398 -4.6980 2.1657 33.3833 1.6082 9.5457
Car -1 -1 -3.0683 1012.4966 166.7354 1225.2679 236.4430 1.4208 1.5464 3.8429 11.4837 1.2965 16.5144 -2.4607 6.7142
Car -1 -1 1.6894 507.8822 183.6694 546.3832 214.9636 1.5287 1.5988 3.8404 -4.4068 2.1349 38.4964 1.5754 6.0198
Car -1 -1 -2.5655 1097.3453 209.2895 1241.0000 374.0000 1.5227 1.5663 3.8864 3.6706 1.7429 2.4054 -1.5748 5.9638
Car -1 -1 -2.9475 898.7834 171.5064 1046.0989 221.7190 1.4536 1.5705 3.9151 11.3002 1.4149 22.7010 -2.4857 4.8691
Car -1 -1 1.5529 440.5743 172.3131 466.7266 198.1104 1.6477 1.6304 3.7323 -10.4802 1.6135 48.0855 1.3383 1.7703
Car -1 -1 1.7936 533.5481 184.2597 572.3050 210.2313 1.5825 1.6790 4.2607 -3.7858 2.3792 48.1478 1.7151 1.5400
Car -1 -1 -3.0679 963.8399 172.1163 1141.6880 232.6557 1.4651 1.5968 3.9153 11.6876 1.4476 19.2455 -2.5222 1.2320
Car -1 -1 -1.5770 666.4751 176.4909 692.5270 203.7222 1.8508 1.7886 4.6983 4.9715 2.1260 52.1039 -1.4819 0.9038
Car -1 -1 1.8458 462.3227 173.7319 490.3960 190.5810 1.6025 1.6545 4.1420 -13.1252 1.6918 70.9809 1.6629 0.8499
Car -1 -1 1.9385 225.8127 189.9946 266.1421 210.3637 1.4799 1.6037 3.8613 -29.1234 2.9005 57.7855 1.4717 -0.5287
