Car -1 -1 2.1765 0.0000 199.9502 291.1600 374.0000 1.4506 1.5968 3.9146 -4.6094 1.7713 6.5641 1.5643 12.0610
Cyclist -1 -1 1.7429 461.6705 168.3019 474.5075 192.8375 1.6657 0.5861 1.7194 -9.8264 1.3570 49.8486 1.5483 -0.5279
Pedestrian -1 -1 1.7691 1043.7885 151.9428 1073.5519 212.8915 1.7386 0.6063 0.7315 13.0477 1.1425 21.0537 2.3239 -0.1837
Car -1 -1 -1.7674 742.2130 179.5053 845.4855 250.2101 1.4535 1.6036 3.9825 4.1980 1.6314 17.2345 -1.5284 11.6475
Pedestrian -1 -1 -0.1963 704.6288 170.9901 731.1285 217.1810 1.6769 0.6794 0.8470 3.9208 1.6096 26.5520 -0.0497 -0.7743
Car -1 -1 -1.8993 790.7729 161.4815 1019.0813 314.5251 1.8135 1.7319 4.3034 3.9864 1.6791 10.7220 -1.5433 11.2476
Pedestrian -1 -1 0.1201 934.6529 140.6052 962.0927 188.7771 1.7128 0.6254 0.8319 12.2161 0.5665 26.1382 0.5573 -0.8253
Car -1 -1 -1.7958 715.5357 172.6163 791.0490 227.3689 1.6081 1.5832 3.5780 4.4312 1.6015 23.0048 -1.6055 9.0623
Car -1 -1 1.7303 507.7925 179.3289 558.7130 213.7309 1.4540 1.6801 4.3755 -3.5342 1.7756 33.5633 1.6254 8.4086
Car -1 -1 -1.6865 705.5062 175.3617 758.9848 217.6217 1.5222 1.6059 3.8875 4.6625 1.6274 28.2016 -1.5227 6.9372
Car -1 -1 -1.6480 696.9516 177.0313 738.5965 210.6396 1.4540 1.6130 3.9563 4.9433 1.6615 33.7469 -1.5026 3.0296
Car -1 -1 1.6580 581.5074 172.3579 605.9895 191.2977 1.5351 1.6792 4.4802 -1.3545 1.4952 60.7688 1.6357 2.4578
Car -1 -1 1.8717 448.0628 173.4501 498.9130 202.8885 1.5128 1.6151 3.9583 -7.3905 1.5473 39.2193 1.6855 1.0307
Car -1 -1 1.9005 412.0531 153.1346 455.6250 176.9131 1.5025 1.6177 3.9001 -11.5972 0.2568 47.6031 1.6616 0.8234
Car -1 -1 1.6287 545.5538 176.7222 575.5090 202.2139 1.4708 1.6094 3.8796 -3.0208 1.7185 44.1685 1.5604 -0.1612
