Car -1 -1 -1.8001 753.0356 183.8702 890.4231 278.6761 1.4579 1.5916 3.7464 3.7115 1.6926 13.4391 -1.5306 13.1310
Cyclist -1 -1 -1.2032 309.4436 195.8846 336.1398 235.0608 1.7165 0.5724 1.7229 -13.3564 2.8136 33.4931 -1.5826 0.5782
Pedestrian -1 -1 1.3195 1203.0969 170.7893 1241.0000 277.9169 1.7741 0.5885 0.7041 10.6116 1.7402 12.3920 2.0276 -0.0844
Car -1 -1 1.7841 479.7764 180.0270 538.3125 223.5148 1.6102 1.5954 3.7393 -4.0648 1.9207 29.2720 1.6461 12.0517
Car -1 -1 -1.7205 717.3823 176.9444 806.0662 243.9635 1.5723 1.6780 4.2182 3.8862 1.6944 19.3343 -1.5222 11.1248
Car -1 -1 1.7131 509.4141 178.5601 555.2963 215.0282 1.6178 1.6530 3.8866 -3.7010 1.9074 34.5951 1.6065 7.2338
Car -1 -1 -1.6046 686.0958 172.6908 714.2173 198.2786 1.6129 1.6899 4.3674 5.8896 1.6030 47.7291 -1.4818 5.1497
Car -1 -1 -3.0359 976.2995 165.9794 1166.2858 230.1225 1.4752 1.6204 3.9507 11.6730 1.3175 18.4534 -2.4719 5.1391
Car -1 -1 1.7084 529.4290 181.8173 567.7224 210.9912 1.4712 1.5781 3.8685 -3.3543 1.9877 39.5698 1.6238 3.9942
Car -1 -1 -0.0679 1086.3716 165.9776 1241.0000 247.4619 1.4520 1.6426 4.3222 12.3457 1.3298 14.7887 0.6277 3.7416
Car -1 -1 1.4288 435.1199 168.7352 471.4177 196.1023 1.5993 1.6338 3.9001 -9.6898 1.3590 44.2762 1.2134 3.3740
Car -1 -1 2.0463 216.4020 186.0681 266.1187 208.2078 1.5378 1.6582 4.1014 -27.8712 2.5762 54.6209 1.5745 2.6888
Car -1 -1 -3.2688 1171.2392 148.7598 1241.0000 260.0349 1.5654 1.6627 4.2244 12.0401 1.2268 12.0950 -2.4856 1.7593
Car -1 -1 1.5032 543.5560 180.0056 575.0972 207.3287 1.5435 1.6384 4.0783 -3.1655 2.0012 44.0077 1.4314 0.7611
Car -1 -1 -1.1236 238.9607 185.2995 309.2133 219.3618 1.4958 1.5989 3.8069 -16.2393 2.1328 34.9944 -1.5581 -0.0462
Car -1 -1 2.1948 0.0000 187.4191 82.9654 221.2905 1.5853 1.6201 3.9010 -29.5714 2.3819 37.4589 1.5265 -0.1622
