Car -1 -1 1.9218 269.6421 193.0920 437.8517 300.0166 1.5454 1.6218 3.8469 -4.4834 1.9677 13.1008 1.5921 12.3434
Pedestrian -1 -1 -0.1660 707.9152 177.4792 726.5808 218.2621 1.6587 0.6267 0.6654 4.3745 1.8517 29.7351 -0.0199 0.0734
Car -1 -1 1.8123 385.5524 187.9073 488.4931 260.3988 1.5539 1.6270 3.9292 -4.2866 1.9764 18.2567 1.5817 11.7051
Car -1 -1 1.7452 481.8999 186.2945 540.4990 230.1583 1.4969 1.5881 3.8578 -3.7701 2.0512 27.7793 1.6103 9.7864
Car -1 -1 -1.6758 701.9135 175.3728 753.3318 218.2228 1.7298 1.7397 4.6127 5.0522 1.8493 31.7508 -1.5181 7.9345
Car -1 -1 1.7920 445.7583 188.8748 518.7365 241.6325 1.4826 1.5487 3.6618 -4.0760 2.0411 23.2723 1.6186 7.6564
Car -1 -1 -2.3470 1007.5110 190.9357 1241.0000 374.0000 1.5898 1.5835 4.0601 3.5602 1.7237 3.2557 -1.5170 6.8622
Car -1 -1 1.4599 306.9939 168.7823 364.9769 213.4081 1.5933 1.6444 4.0790 -10.7150 1.4483 27.9476 1.0938 4.7369
Car -1 -1 0.6896 0.0000 184.3080 89.1375 249.2956 1.4752 1.6174 4.0025 -15.3185 1.7679 17.5459 -0.0282 1.9436
Car -1 -1 1.6479 581.8939 182.3377 607.1376 203.3442 1.4792 1.6150 3.9224 -1.1652 2.2239 54.6185 1.6266 1.8300
Car -1 -1 -0.6926 1068.9939 171.2078 1241.0000 294.4201 1.5084 1.6710 4.4702 8.9586 1.4886 9.7748 0.0492 1.7237
Car -1 -1 1.4571 266.0856 176.7736 326.8972 221.4240 1.4542 1.5719 3.7504 -11.3362 1.6061 25.8673 1.0441 1.2495
Car -1 -1 0.1983 527.2404 176.8830 572.2232 193.6013 1.4707 1.5863 3.7986 -5.4285 1.8394 64.9594 0.1149 -0.2926
Car -1 -1 -0.7403 841.8807 164.5495 947.2331 206.9858 1.6290 1.6219 3.8836 11.4492 1.3106 29.1467 -0.3660 -0.6296
