Car -1 -1 2.0200 98.3720 189.4127 382.5177 339.6279 1.4774 1.6440 4.1829 -4.5879 1.7474 9.6518 1.5763 13.1517
Pedestrian -1 -1 1.8417 312.1976 146.6615 334.4901 190.9975 1.7762 0.6263 0.9028 -11.7102 0.7272 29.3861 1.4625 0.1565
Car -1 -1 -1.7434 729.3159 174.7778 812.0435 232.4211 1.4531 1.5884 3.9650 4.3657 1.5131 20.3325 -1.5319 9.8523
Pedestrian -1 -1 -1.4207 875.1563 151.9360 897.3272 199.8789 1.7271 0.6429 0.8463 10.1125 0.9739 26.5165 -1.0564 -0.2301
Car -1 -1 2.3275 0.0000 208.0736 213.4011 374.0000 1.4560 1.6149 3.8359 -4.6756 1.7944 5.0019 1.5759 8.8680
Car -1 -1 -1.8110 760.7102 157.6867 918.3004 271.7740 1.8226 1.7664 4.5541 4.0990 1.5807 13.8411 -1.5231 8.6196
Car -1 -1 -1.7859 708.9642 168.4189 774.8017 215.4828 1.5847 1.5925 3.6221 4.6520 1.4357 26.1328 -1.6098 8.3322
Car -1 -1 -1.6792 702.3736 169.5632 749.1869 208.1664 1.5624 1.5888 3.6804 4.8854 1.4296 31.0771 -1.5233 5.9238
Car -1 -1 1.7183 524.2247 171.0693 567.9568 204.3961 1.5885 1.6346 3.9617 -3.2048 1.5038 36.4151 1.6305 5.4749
Car -1 -1 -1.7183 691.5415 169.1763 734.6724 201.1200 1.5409 1.6196 3.8073 5.1525 1.3639 36.7131 -1.5789 5.3468
Car -1 -1 1.7649 513.2192 162.7984 547.1914 183.5784 1.4917 1.6998 4.4831 -5.9587 0.7702 54.0966 1.6552 4.8275
Car -1 -1 1.6822 590.3161 169.0798 613.0665 186.3773 1.4743 1.5902 3.7999 -0.7234 1.1529 63.4630 1.6708 4.1114
Car -1 -1 1.2109 884.4407 162.6705 928.6876 184.4674 1.4885 1.5758 4.0582 21.0041 0.7934 51.3222 1.5994 0.5680
Car -1 -1 1.9590 188.5092 179.7021 280.7119 222.8156 1.4863 1.6387 4.2979 -14.3603 1.7715 27.7886 1.4820 0.3906
Car -1 -1 -2.9024 456.8237 162.8108 524.2294 189.2785 1.6784 1.6795 4.0255 -7.7389 1.0419 46.7398 -3.0665 0.1023
