Car -1 -1 -1.8930 793.6919 193.3890 991.6320 312.6915 1.3869 1.5920 3.8496 3.9903 1.7558 10.9995 -1.5450 13.5200
Pedestrian -1 -1 -0.4613 975.7348 166.4621 1019.7866 234.6020 1.6321 0.6206 0.7477 9.4014 1.4794 17.6008 0.0293 1.7125
Car -1 -1 -1.8443 740.5215 182.8975 851.0439 260.5389 1.5694 1.5848 3.4575 4.1434 1.8279 16.7884 -1.6023 11.2453
Car -1 -1 -1.7235 718.7829 184.3208 792.3690 240.1775 1.4826 1.5902 3.9383 4.2846 1.8639 21.9693 -1.5308 10.9932
Car -1 -1 1.7822 466.7868 185.6623 534.0564 229.5395 1.4442 1.6596 4.1586 -4.0675 1.9638 27.1161 1.6333 10.2701
Car -1 -1 -1.7144 703.5758 182.6273 760.0150 226.0330 1.4905 1.5859 3.7465 4.5278 1.8892 27.5132 -1.5513 6.7527
Car -1 -1 1.6373 565.8679 181.2626 591.5740 202.7432 1.5041 1.6611 4.1394 -2.3418 2.1609 54.2425 1.5942 6.6495
Car -1 -1 1.7165 506.0538 184.8884 553.8064 220.8320 1.4756 1.6105 3.9616 -3.6343 2.0594 32.9712 1.6067 5.9386
Car -1 -1 -2.2134 922.5872 138.5514 1241.0000 374.0000 1.7348 1.6832 4.1511 3.8947 1.5903 5.1255 -1.5636 5.6902
Car -1 -1 1.2163 920.8638 176.7770 974.7318 203.3627 1.4763 1.6028 3.9636 19.8854 1.7200 42.7074 1.6521 2.7644
Car -1 -1 1.7179 525.3514 184.4398 566.2196 215.5565 1.4930 1.6019 3.8355 -3.3692 2.1356 38.0381 1.6296 2.2291
Car -1 -1 -1.6931 691.0945 179.8748 739.0408 218.4181 1.5900 1.6477 4.0001 4.6277 1.9264 32.5120 -1.5518 2.1687
Car -1 -1 1.8776 342.9054 183.7491 424.7677 230.1676 1.5135 1.6560 4.3241 -8.2931 1.9498 26.7065 1.5765 0.0261
Car -1 -1 -1.0646 461.8529 149.5803 506.7072 170.5170 1.5499 1.6444 4.1252 -9.7532 -0.1886 56.1262 -1.2367 -0.2380
Car -1 -1 -2.7124 458.4964 174.5551 526.5705 199.8030 1.4691 1.5790 3.7228 -7.0871 1.5747 43.4032 -2.8742 -0.4532
