Car -1 -1 1.8306 373.7299 186.2665 483.0391 264.8367 1.6473 1.6410 3.9411 -4.3791 2.0153 17.7885 1.5893 14.1119
Cyclist -1 -1 1.3028 780.9877 173.0677 795.8615 198.3718 1.6804 0.5477 1.6837 12.0236 1.6955 48.7764 1.5445 -0.3957
Pedestrian -1 -1 1.0872 945.3494 133.2329 986.6788 212.0843 1.8038 0.6302 0.6583 8.2520 0.8978 16.8408 1.5428 0.1659
Car -1 -1 -1.9687 833.3024 187.4500 1181.4590 374.0000 1.5249 1.6488 4.1262 3.7327 1.7255 7.7951 -1.5221 13.2939
Pedestrian -1 -1 -0.1678 708.5701 177.6668 724.4423 211.7607 1.6084 0.6241 0.6536 5.0426 1.8406 34.4447 -0.0224 -0.7910
Car -1 -1 1.7669 442.2078 184.6195 518.9402 240.2313 1.5535 1.6462 4.0757 -4.0783 1.9637 23.0770 1.5920 10.2509
Car -1 -1 -1.6333 697.7953 173.8254 739.3476 212.5997 1.8230 1.7698 4.7068 5.3797 1.8758 36.4623 -1.4869 8.4079
Car -1 -1 1.7193 507.6767 182.3311 555.8501 220.6658 1.5694 1.6066 3.8114 -3.4945 2.0213 32.4321 1.6120 6.3763
Car -1 -1 1.7776 479.9781 186.8614 540.6709 229.4340 1.4556 1.5763 3.8019 -3.8206 2.0357 27.9045 1.6416 6.0926
Car -1 -1 0.5216 37.7783 189.0004 208.9685 240.7294 1.4968 1.6619 4.1429 -15.0779 2.0216 22.4566 -0.0697 5.1826
Car -1 -1 1.2608 315.4967 175.2628 378.3217 211.6240 1.4416 1.5292 3.4257 -11.2621 1.5504 30.6661 0.9088 4.6663
Car -1 -1 1.4528 359.7160 166.9403 407.8225 203.5983 1.5527 1.6141 3.9629 -10.3416 1.3026 32.6969 1.1465 3.0118
Car -1 -1 -2.5020 1075.8139 200.5809 1241.0000 374.0000 1.5557 1.6440 4.1162 3.3664 1.7198 2.1473 -1.4990 2.2374
Car -1 -1 1.8501 586.9130 181.0353 619.0022 200.1976 1.4748 1.5958 4.0450 -0.5660 2.1748 59.5387 1.8406 2.0009
Car -1 -1 -2.4588 415.9932 167.8527 487.5012 195.5480 1.5362 1.6402 3.8579 -9.1700 1.2592 41.6198 -2.6757 0.5509
Car -1 -1 -1.7927 772.0490 168.9352 808.6692 192.5862 1.5917 1.6325 4.0499 12.5675 1.3283 50.5975 -1.5492 -0.5516
