Car -1 -1 1.8645 317.2625 190.7811 459.0315 281.0378 1.4888 1.6373 4.0457 -4.3825 1.9055 14.7304 1.5753 11.4592
Pedestrian -1 -1 2.4913 835.3581 175.5230 861.2436 213.1421 1.6174 0.6678 0.8416 10.3727 1.7361 31.5369 2.8091 0.0251
Car -1 -1 2.0311 143.6514 200.4057 390.1677 341.7716 1.4692 1.5736 3.7532 -4.5628 1.9297 10.1434 1.6084 10.6503
Pedestrian -1 -1 0.7073 30.5920 147.6898 57.2051 183.4829 1.7065 0.6287 0.7889 -27.2828 0.5071 34.7290 0.0414 -0.0970
Car -1 -1 2.2541 0.0000 196.7428 234.7118 374.0000 1.6287 1.6680 3.9808 -4.6060 1.8702 5.2617 1.5350 9.7375
Pedestrian -1 -1 2.0308 264.2975 163.5990 295.3673 213.9609 1.5503 0.6302 0.7217 -10.3714 1.2658 22.5786 1.6002 -0.4682
Car -1 -1 -1.7624 730.6133 169.6011 836.2683 252.5598 1.9041 1.7985 4.5957 4.3214 1.8298 18.8846 -1.5375 8.7184
Car -1 -1 -1.7371 704.3570 180.6684 756.2722 221.8002 1.6289 1.6052 3.7034 5.0842 1.9865 31.1311 -1.5752 6.8585
Car -1 -1 -1.6889 717.7521 186.5313 776.9742 234.6755 1.4892 1.5875 3.8416 4.7115 2.0085 25.4030 -1.5055 6.3546
Car -1 -1 1.6773 545.3969 181.8985 581.2173 209.5895 1.4727 1.6555 3.9623 -2.6849 2.0210 41.7005 1.6130 6.0962
Car -1 -1 -1.6637 700.0556 181.3054 739.0822 214.1674 1.5084 1.5769 3.7044 5.3756 1.9525 35.9836 -1.5154 4.6582
Car -1 -1 1.2508 0.0000 148.0760 114.8006 229.5401 1.4420 1.5327 3.4654 -11.5728 1.0038 14.3517 0.5722 2.4804
Car -1 -1 1.6651 601.7824 180.5452 622.4499 197.1069 1.4860 1.5905 4.1518 0.2127 2.2433 68.8708 1.6682 1.4796
Car -1 -1 -2.7633 370.2084 146.3413 449.6470 172.7426 1.6494 1.7153 4.5920 -12.8054 -0.0069 46.1847 -3.0338 0.4060
Car -1 -1 1.5927 532.5606 176.3406 554.0977 195.4677 1.4948 1.6739 4.1947 -5.4732 1.7923 59.3223 1.5007 0.1859
