Car -1 -1 -1.8099 763.5394 187.9017 896.8926 281.4578 1.5034 1.5978 3.7819 4.0855 1.8386 14.1333 -1.5285 12.0272
Pedestrian -1 -1 -1.4521 443.9818 178.2447 455.9480 205.3823 1.7368 0.6737 0.7499 -10.3961 2.0894 46.7434 -1.6710 -0.3061
Car -1 -1 -1.8218 725.6617 182.8757 817.5741 247.9147 1.5759 1.5852 3.6841 4.3012 1.8790 19.9275 -1.6093 10.4158
Car -1 -1 -1.6844 712.4250 185.9044 773.5867 234.8647 1.4852 1.6147 4.1225 4.4967 1.9781 25.1175 -1.5072 8.8264
Car -1 -1 -2.0228 833.0417 158.8064 1241.0000 374.0000 1.8803 1.8115 4.7182 3.9518 1.7753 7.7853 -1.5531 8.8059
Car -1 -1 1.7567 492.1020 186.3915 547.9392 225.6729 1.4609 1.6174 3.9644 -3.7407 2.0671 30.2596 1.6337 8.4239
Car -1 -1 2.4263 0.0000 219.5698 129.1590 374.0000 1.5095 1.6221 4.2229 -4.5739 1.8807 3.5746 1.5188 8.3680
Car -1 -1 1.7408 575.7235 182.8683 603.3492 203.2397 1.5020 1.5680 3.8030 -1.6119 2.3232 57.1496 1.7127 6.2770
Car -1 -1 -1.6562 701.2804 181.8848 746.0935 221.8691 1.5444 1.5603 3.5964 4.7150 1.9502 30.5475 -1.5030 6.1530
Car -1 -1 3.0543 485.4445 178.8072 549.7955 202.5501 1.4818 1.6319 4.0179 -6.0489 1.8790 46.8703 2.9260 3.0258
Car -1 -1 1.6691 523.2170 185.4346 563.5590 219.0021 1.5182 1.6241 4.0730 -3.3234 2.1854 36.2028 1.5776 2.4201
Car -1 -1 1.5107 667.5376 189.0331 695.8776 214.5430 1.4828 1.5731 4.0193 4.5560 2.5729 46.5598 1.6083 2.2527
Car -1 -1 1.8771 381.9188 186.4723 451.3544 226.6878 1.4704 1.6324 4.0176 -7.9358 2.0720 29.8079 1.6169 0.8082
Car -1 -1 1.2677 843.7023 179.8064 879.6942 199.6959 1.4718 1.5938 3.8301 19.7018 2.0371 56.6869 1.6022 -0.1902
