Car -1 -1 -1.9065 592.5090 192.0572 749.3530 292.7695 1.4029 1.5702 3.7887 0.8583 1.7998 12.8592 -1.8398 13.5400
Pedestrian -1 -1 -1.4170 882.3945 147.4385 899.3423 183.1328 1.6016 0.6179 0.7110 12.7449 0.4616 32.8358 -1.0468 0.7050
Car -1 -1 -1.6771 490.6303 183.0615 543.7243 226.2100 1.4748 1.6187 3.6466 -3.6457 1.8927 27.5496 -1.8087 10.9440
Pedestrian -1 -1 -1.5414 622.0695 189.1239 641.2602 240.6828 1.7706 0.6562 0.6519 0.7206 2.3501 25.3378 -1.5129 -0.3340
Car -1 -1 1.8215 30.6478 199.9548 217.3918 326.5754 1.5309 1.5865 3.6691 -7.5871 2.0406 11.5664 1.2409 10.2928
Car -1 -1 1.9556 0.0000 211.2882 137.3616 374.0000 1.4696 1.6391 4.1424 -6.0930 1.9545 6.8678 1.2300 9.3787
Car -1 -1 -2.3178 782.6802 89.4652 1241.0000 374.0000 2.0189 1.7818 4.4250 3.1123 1.6533 5.5232 -1.8047 8.3106
Car -1 -1 -2.8701 670.9063 168.1643 779.1478 208.1179 1.5071 1.6077 3.9781 4.5379 1.3306 28.7719 -2.7137 8.2731
Car -1 -1 1.6660 307.5458 186.8088 346.1667 217.8752 1.5678 1.6502 3.9108 -15.8374 2.3905 40.4098 1.2925 7.3721
Car -1 -1 -1.6833 474.8287 180.3015 521.1149 218.7056 1.6133 1.6649 3.9249 -5.2546 1.9786 33.2408 -1.8401 6.6521
Car -1 -1 1.8722 325.7386 185.2500 372.0049 211.6904 1.5290 1.6184 4.0871 -16.5226 2.3510 45.7477 1.5256 0.8841
Car -1 -1 -1.9930 237.5396 180.9697 280.6247 202.2622 1.4710 1.5568 3.4545 -25.7461 2.0849 52.8471 -2.4464 -0.4537
Car -1 -1 -2.5187 276.4513 175.6380 327.7785 193.3691 1.4764 1.5993 3.8181 -26.3166 1.7193 61.6494 -2.9222 -0.4919
Car -1 -1 -1.3151 131.7420 189.3074 181.7402 216.8587 1.4676 1.6017 3.8466 -26.9659 2.4955 42.9849 -1.8754 -0.6729
