Car -1 -1 -1.9488 681.9091 196.7673 908.0380 345.5857 1.5124 1.6176 3.9501 2.2445 1.9156 10.0758 -1.7296 13.0358
Cyclist -1 -1 -2.4957 77.7838 158.0597 107.0343 180.8737 1.7174 0.6583 1.7590 -39.2351 0.6041 54.6640 -3.1182 1.7165
Pedestrian -1 -1 -1.4634 555.3163 185.9650 573.4970 226.3154 1.5941 0.6535 0.7995 -1.8815 2.1324 29.1853 -1.5278 0.9713
Car -1 -1 -1.6865 567.2701 189.2618 626.6735 236.5895 1.4297 1.6203 3.8892 -0.5750 2.0505 25.2440 -1.7093 11.8143
Cyclist -1 -1 -2.4639 62.0650 158.4519 91.5741 181.0455 1.6698 0.6651 1.7319 -39.6984 0.6058 53.6916 -3.1006 0.0091
Pedestrian -1 -1 -2.2550 1215.6215 132.1509 1241.0000 191.1272 1.7005 0.6178 0.8066 18.4050 0.5273 21.2148 -1.5404 0.1562
Car -1 -1 1.9333 1.2808 207.5119 248.4691 367.9254 1.5619 1.5762 3.4837 -6.2562 2.1179 9.6979 1.3603 11.6866
Pedestrian -1 -1 -1.3978 851.5621 164.9388 874.1917 215.6951 1.6849 0.6321 0.5753 8.4931 1.4225 24.3546 -1.0622 0.1555
Car -1 -1 1.7232 384.6612 190.2390 427.8958 223.8439 1.6382 1.6799 4.0630 -11.1208 2.6410 39.4828 1.4486 8.5466
Car -1 -1 2.1227 0.0000 228.4882 119.2742 374.0000 1.4897 1.5764 3.9661 -5.2794 2.0504 5.1490 1.3248 8.0871
Car -1 -1 -2.9039 764.7930 172.1944 889.1092 218.1634 1.5205 1.5855 3.9540 7.6101 1.4990 25.5429 -2.6143 7.9670
Car -1 -1 -1.6640 553.1042 186.2059 600.5356 227.2133 1.5626 1.6530 4.0023 -1.5258 2.1747 30.9561 -1.7132 6.8256
Car -1 -1 1.5646 1083.3144 164.5545 1192.1463 247.9070 1.4226 1.5539 3.6152 10.3021 1.2813 14.2348 2.1911 3.9990
Car -1 -1 -1.5387 542.5673 182.6727 564.6386 202.8657 1.5400 1.6742 4.4908 -4.6413 2.3814 59.5238 -1.6166 2.3921
Car -1 -1 1.7679 402.9599 189.7173 443.1994 219.8723 1.6907 1.6707 3.9755 -11.5705 2.7845 44.7539 1.5149 2.3849
Car -1 -1 -1.8623 325.7341 186.9933 362.2473 208.7737 1.4706 1.5655 3.5339 -19.6075 2.5474 53.0428 -2.2164 2.1587
Car -1 -1 -2.8497 706.0790 176.9202 806.6633 212.6812 1.4653 1.6267 4.0205 6.3553 1.6531 31.6043 -2.6513 2.0932
Car -1 -1 -0.9614 372.0012 180.1666 415.7042 198.4332 1.4868 1.6127 4.0409 -18.7358 2.1440 62.6369 -1.2520 0.0917
Car -1 -1 1.7023 626.0640 152.9949 651.1469 171.7187 1.4734 1.5556 3.9050 2.3498 -0.0958 59.0823 1.7420 -0.5642
