Car -1 -1 -1.9673 211.9743 195.0272 337.5435 266.4424 1.4545 1.5544 3.3969 -8.2176 2.0446 17.4728 -2.4069 13.0384
Pedestrian -1 -1 1.9379 1122.2906 159.1721 1175.0132 241.7035 1.6313 0.6418 0.7368 10.9427 1.3612 14.7270 2.5769 0.6818
Car -1 -1 -2.1821 354.6515 167.1992 598.6103 305.6930 1.9435 1.7953 4.5047 -2.4837 1.8645 12.3257 -2.3810 10.7162
Pedestrian -1 -1 1.9660 1097.3945 165.9114 1147.2570 237.6494 1.4981 0.6427 0.7354 10.9776 1.3534 15.5324 2.5812 -0.0473
Car -1 -1 1.3875 674.3499 178.8796 761.8938 238.5784 1.4673 1.6481 4.3260 2.8768 1.6562 20.3718 1.5278 9.3720
Pedestrian -1 -1 -0.8369 1109.8701 164.5340 1162.6410 239.3644 1.7235 0.6166 0.8169 12.3454 1.5323 17.0024 -0.2089 -0.1367
Car -1 -1 -1.7961 63.0260 192.8544 140.2802 236.8060 1.4760 1.6080 3.8552 -19.6871 2.3000 27.8278 -2.4118 8.9617
Pedestrian -1 -1 -1.7640 673.6731 167.2161 692.9486 201.3443 1.4981 0.7105 0.8060 3.2170 1.2510 32.1039 -1.6641 -0.1792
Car -1 -1 3.4089 272.5973 181.6801 367.5829 215.8515 1.4932 1.5716 3.7546 -13.2484 1.9098 33.0346 3.0275 7.2018
Pedestrian -1 -1 -1.7127 577.8221 150.0979 593.6922 182.9429 1.6170 0.6842 0.7939 -1.2502 0.4971 35.9705 -1.7474 -0.7577
Car -1 -1 1.5402 600.1564 176.4827 656.9736 229.6023 1.4200 1.5397 3.6592 0.4368 1.5371 21.3734 1.5607 7.1422
Car -1 -1 -1.4817 538.3592 160.7558 572.4160 188.1051 1.4660 1.5839 3.7424 -3.0610 0.8179 40.5562 -1.5571 -0.4867
Car -1 -1 0.0269 961.8615 140.4646 1144.6192 209.3134 1.5023 1.5659 3.6083 10.5214 0.7959 17.3761 0.5713 -0.5061
Car -1 -1 -1.7680 112.9364 157.0270 160.2980 185.3397 1.6050 1.6357 3.7887 -28.1553 0.7081 42.8219 -2.3496 -0.6369
Car -1 -1 -2.4197 636.7608 152.7697 706.7843 180.4012 1.4714 1.5904 3.7923 3.3788 0.4022 40.3374 -2.3361 -0.6559
