Car -1 -1 1.7775 468.6450 189.5964 533.3247 238.2742 1.5856 1.6299 3.7726 -4.0044 2.2517 26.7580 1.6289 13.4309
Cyclist -1 -1 0.8896 1117.3058 166.2005 1167.3398 211.9306 1.7000 0.5907 1.7217 20.3607 1.4530 27.6932 1.5236 -0.6830
Car -1 -1 -1.8585 778.5821 194.0021 973.2275 314.6307 1.3652 1.5971 4.0208 3.6963 1.7454 10.9180 -1.5320 13.0486
Car -1 -1 -1.7457 734.0906 185.2826 840.4848 264.8096 1.5379 1.6533 4.1450 3.9049 1.8629 16.7261 -1.5163 12.2104
Car -1 -1 1.7266 502.6771 187.6884 555.4720 228.0412 1.5783 1.6791 4.2970 -3.5534 2.2816 32.0078 1.6161 6.7624
Car -1 -1 -3.1075 1043.5422 173.5340 1241.0000 250.1059 1.4825 1.6098 3.8395 11.8070 1.4995 15.8276 -2.4666 6.0210
Car -1 -1 -1.5883 692.8338 180.3468 722.8501 211.3875 1.7938 1.7714 4.6692 6.0598 2.2895 45.2831 -1.4553 5.8827
Car -1 -1 -3.4077 1173.3880 168.0141 1241.0000 265.7037 1.4702 1.5704 3.9131 12.3143 1.3977 12.4988 -2.6298 4.1298
Car -1 -1 1.6830 544.8833 187.1672 582.0771 217.4414 1.5752 1.6863 4.2024 -2.6702 2.4453 41.7023 1.6190 2.4572
Car -1 -1 1.7592 522.5797 189.0001 569.1177 223.5470 1.5749 1.6495 4.0104 -3.2574 2.4477 36.9091 1.6712 0.6106
