Car -1 -1 -1.8712 792.8630 193.2017 1005.7186 332.6737 1.4511 1.5813 3.8721 3.6873 1.7907 10.0541 -1.5197 13.6780
Pedestrian -1 -1 1.3957 693.9932 184.9969 706.2773 211.9885 1.5582 0.6085 0.6585 5.2486 2.2764 42.3061 1.5191 -0.6792
Car -1 -1 -1.7641 740.1439 186.7950 856.1842 273.6446 1.5723 1.6544 4.1070 3.9086 1.9188 15.8225 -1.5219 13.4603
Car -1 -1 1.7870 462.3726 188.0135 530.2456 239.8224 1.6408 1.6389 3.7378 -4.0377 2.2253 25.8849 1.6323 11.8261
Car -1 -1 1.7125 499.8065 188.4281 551.5960 229.6626 1.5745 1.6522 4.1917 -3.6195 2.2955 31.2653 1.5972 5.8178
Car -1 -1 -1.6265 693.9392 181.9059 725.8832 212.4243 1.7248 1.6991 4.1528 6.0381 2.3063 44.1820 -1.4907 5.4513
Car -1 -1 -3.1266 1050.9025 175.3969 1241.0000 254.2842 1.4477 1.5950 3.8387 11.5641 1.5079 15.1688 -2.4753 4.2919
Car -1 -1 1.6926 540.0358 188.6210 577.9555 219.5045 1.5569 1.6457 4.0606 -2.8499 2.4888 40.5554 1.6225 3.9719
Car -1 -1 1.7102 523.2346 190.0104 565.1621 223.9208 1.5210 1.5864 3.8009 -3.2906 2.4296 36.2582 1.6197 3.1231
Car -1 -1 1.4597 424.6044 178.1948 461.6596 208.7464 1.6122 1.6215 3.8406 -9.5295 1.9306 40.8809 1.2306 2.8848
Car -1 -1 1.8097 600.4900 186.4701 627.8323 203.9863 1.5022 1.6217 4.1624 0.4054 2.8189 67.5378 1.8157 2.8077
Car -1 -1 -0.4561 830.6876 176.1439 993.5029 225.3707 1.4762 1.6723 4.4546 9.3993 1.5848 22.7431 -0.0642 1.9564
Car -1 -1 3.5403 218.4955 195.8713 329.5654 232.7459 1.4673 1.6248 3.9651 -14.2669 2.4751 30.6952 3.1052 1.6506
Car -1 -1 2.0590 191.0652 193.1893 243.7257 216.4727 1.4790 1.6154 3.9715 -27.8730 2.9815 51.3042 1.5614 1.1320
Car -1 -1 -2.3766 453.0909 176.3875 511.1987 199.3031 1.5211 1.6347 3.9482 -8.9444 1.7761 50.2146 -2.5529 1.0804
Car -1 -1 0.3258 322.7872 169.8026 369.6754 185.7566 1.4681 1.5697 3.8018 -24.5685 1.1877 67.2268 -0.0246 0.2792
