Car -1 -1 -1.6936 656.3772 184.7362 726.2707 240.6576 1.4616 1.6095 3.6436 2.2860 1.8458 21.4711 -1.5876 13.4537
Pedestrian -1 -1 -1.3086 1206.7602 145.4263 1241.0000 202.3062 1.7668 0.7083 0.7110 19.4668 0.9152 22.9033 -0.6042 -0.5143
Car -1 -1 -2.1040 831.3144 196.6338 1241.0000 374.0000 1.4562 1.5920 3.7901 3.3097 1.7258 6.2372 -1.6161 12.6559
Car -1 -1 2.1288 0.0000 216.1283 243.4608 374.0000 1.3642 1.5562 3.6198 -5.1443 1.8913 6.9134 1.4891 10.2439
Car -1 -1 1.7572 457.7639 185.0126 504.5473 219.2630 1.5949 1.6603 3.9299 -6.5761 2.2515 36.9705 1.5812 9.2449
Car -1 -1 -1.6891 638.8900 181.5040 696.3058 226.1780 1.5175 1.6702 4.2608 2.0698 1.8736 27.5087 -1.6140 9.1669
Car -1 -1 -2.9548 897.0855 167.7823 1054.9456 225.5712 1.5306 1.6115 3.8526 10.5076 1.3967 20.9181 -2.4893 8.4262
Car -1 -1 -1.5737 626.7664 176.8386 649.1013 197.3087 1.5028 1.6656 4.3116 2.1331 1.8245 56.0022 -1.5357 4.9596
Car -1 -1 1.7058 479.4459 185.0926 517.1212 214.1201 1.5472 1.6526 4.0139 -6.5130 2.2974 42.1830 1.5526 2.6290
Car -1 -1 -2.8589 813.7793 174.4948 934.0390 216.2297 1.4614 1.5872 3.9765 9.8687 1.5277 27.2179 -2.5110 2.4686
Car -1 -1 -2.0902 1178.0781 166.9290 1241.0000 221.3221 1.4580 1.5150 3.4611 18.4901 1.2995 21.1840 -1.3726 1.9495
Car -1 -1 -3.0015 879.9236 170.3892 1012.2836 218.8484 1.4678 1.5620 3.7323 10.8792 1.3935 23.5202 -2.5682 1.2789
