Car -1 -1 -2.0538 799.7712 196.4920 1182.2232 374.0000 1.4399 1.5780 3.7517 3.1731 1.7335 7.0284 -1.6297 13.5456
Cyclist -1 -1 -1.8753 875.7260 168.7626 897.1986 200.8614 1.7522 0.6076 1.7930 15.3921 1.5292 40.2966 -1.5104 1.7046
Pedestrian -1 -1 -1.6645 985.7234 159.6025 1017.0772 220.8136 1.6967 0.7069 0.8318 11.0731 1.3297 20.5183 -1.1697 0.4357
Car -1 -1 -1.6961 640.4436 185.2230 709.0673 240.7061 1.5029 1.6337 3.7484 1.8678 1.9182 22.2987 -1.6126 13.0019
Cyclist -1 -1 -1.6296 630.4601 181.6235 647.0663 228.6353 1.6718 0.5135 1.7066 1.0166 2.0088 26.8349 -1.5917 0.5803
Car -1 -1 2.0531 0.0000 205.1677 249.6281 374.0000 1.5743 1.5809 3.6837 -5.3301 1.9993 7.5490 1.4384 11.0313
Car -1 -1 1.7526 446.1919 185.3054 492.3656 219.3853 1.6064 1.6618 3.9763 -7.2801 2.2878 37.4634 1.5606 10.1943
Car -1 -1 -2.9264 867.2976 168.0838 1020.7617 224.1589 1.5578 1.6281 3.9709 10.0288 1.4256 21.8856 -2.4967 9.3431
Car -1 -1 -1.6874 624.8148 182.5527 680.8633 227.4027 1.5640 1.6853 4.3109 1.5572 1.9746 28.3148 -1.6325 8.0600
Car -1 -1 -1.5699 612.6181 179.9179 635.1283 200.5976 1.5155 1.6992 4.6048 1.0658 2.0944 56.7765 -1.5512 4.5080
Car -1 -1 -2.8844 787.8556 172.1218 910.4494 212.0787 1.4557 1.6505 4.2591 9.2440 1.4294 28.1349 -2.5670 4.2492
Car -1 -1 1.7211 467.8091 186.4329 505.9240 214.9859 1.5254 1.6227 4.0944 -7.2442 2.3657 42.5675 1.5525 3.5690
Car -1 -1 -0.2202 698.8282 153.5214 768.9537 181.4889 1.4502 1.5604 3.4061 6.5031 0.4481 38.2788 -0.0519 2.4871
Car -1 -1 0.1023 859.4316 173.2017 985.3908 219.4174 1.4627 1.5935 3.7805 10.5333 1.4756 24.4738 0.5087 1.0031
Car -1 -1 1.9592 397.1558 175.5005 438.2026 198.4529 1.5784 1.5937 3.6516 -13.8327 1.7764 51.9707 1.6991 0.8352
Car -1 -1 2.1387 3.5919 183.0919 181.7548 251.3738 1.4835 1.6574 4.2684 -13.0431 1.7772 18.4950 1.5245 -0.6542
