Car -1 -1 1.8661 328.8870 178.6829 440.5909 250.2574 1.4648 1.5452 3.3829 -5.1433 1.6140 16.7329 1.5679 13.7810
Cyclist -1 -1 1.4059 722.6640 184.8647 734.6616 208.2928 1.6790 0.6040 1.6992 8.7533 2.5830 53.4308 1.5683 -0.0066
Pedestrian -1 -1 1.2597 669.5701 169.3329 683.4549 195.6276 1.6317 0.6582 0.7817 4.1340 1.4136 45.2251 1.3509 0.4998
Car -1 -1 -1.8894 743.5495 177.5995 920.3959 288.1704 1.5111 1.6117 3.8557 3.4039 1.6032 11.9864 -1.6127 13.7615
Pedestrian -1 -1 -0.0343 603.3435 164.7976 615.7241 191.3483 1.6951 0.6022 0.7749 -0.0640 1.1811 46.3772 -0.0357 0.3719
Car -1 -1 -2.0556 849.5795 182.8522 1241.0000 374.0000 1.4992 1.5824 3.6317 3.4626 1.6140 6.4338 -1.5618 13.1055
Pedestrian -1 -1 -0.5861 875.7980 152.3950 901.3784 191.1918 1.8172 0.6369 0.9349 13.1653 0.8593 34.2057 -0.2187 0.3361
Car -1 -1 1.8280 392.3928 173.9457 481.7130 232.5802 1.5700 1.6158 3.9437 -5.0522 1.6058 21.3835 1.5960 10.5735
Pedestrian -1 -1 0.3676 359.3345 141.3599 383.3529 187.3147 1.6425 0.6201 0.6465 -8.6765 0.5172 26.1114 0.0468 -0.1163
Car -1 -1 -1.7832 720.3802 176.8865 818.5979 245.9875 1.4795 1.5593 3.6388 3.6919 1.5878 17.4815 -1.5751 9.7870
Pedestrian -1 -1 -0.1214 825.7072 142.7754 850.6561 187.8323 1.7956 0.6191 0.8911 9.1669 0.5973 29.1382 0.1834 -0.4681
Car -1 -1 -1.7298 740.9350 157.8606 782.7708 190.9138 1.6915 1.6342 3.6459 8.0724 0.9246 38.7815 -1.5246 3.6086
Car -1 -1 1.7475 611.7071 171.4448 637.5906 188.2835 1.4775 1.6542 4.1063 1.3429 1.3542 65.4849 1.7680 0.7457
Car -1 -1 1.7413 519.4954 176.5331 545.2295 194.5593 1.4931 1.5546 4.0844 -6.7330 1.8238 62.7006 1.6343 -0.6214
