Car -1 -1 -2.4367 935.8600 192.1064 1241.0000 374.0000 1.4904 1.5209 3.7831 2.9592 1.6194 2.8795 -1.6376 9.7668
Pedestrian -1 -1 1.1844 678.3308 173.5902 704.2339 215.0397 1.6362 0.7534 0.8931 3.2226 1.6667 29.0302 1.2949 2.6580
Car -1 -1 1.9199 88.4194 181.4758 195.2599 235.2779 1.5502 1.6468 4.0305 -15.2155 1.8585 23.6227 1.3477 8.8559
Pedestrian -1 -1 0.0535 541.4136 168.8857 561.6478 210.5314 1.7996 0.6342 0.8491 -2.5893 1.6285 31.5060 -0.0285 -0.2462
Car -1 -1 2.3064 0.0000 188.4319 157.2266 374.0000 1.6165 1.6486 4.0568 -5.9833 1.7948 6.1846 1.5376 8.8382
Pedestrian -1 -1 -0.2122 741.8949 163.4517 771.8985 215.6005 1.8355 0.6696 0.9272 5.1887 1.5049 25.7339 -0.0132 -0.4406
Car -1 -1 1.3814 456.5691 181.4538 509.6578 219.0408 1.4394 1.5434 3.6290 -5.4577 1.8268 30.5015 1.2043 8.1069
Car -1 -1 2.6310 531.8569 180.4645 595.7613 203.5624 1.4622 1.6172 4.0200 -3.1241 1.9940 48.6129 2.5668 3.8798
Car -1 -1 -0.4014 636.5004 177.4308 700.3037 198.3835 1.4519 1.6632 4.2831 4.1845 1.7921 52.1027 -0.3213 3.7195
Car -1 -1 -1.1071 18.2259 179.5611 134.9771 227.7081 1.4488 1.6004 3.8587 -17.8555 1.6941 24.3127 -1.7405 3.3443
Car -1 -1 -1.7466 755.1088 155.2547 824.6500 205.6485 1.5844 1.6366 3.8523 6.0079 1.0315 24.6574 -1.5076 3.0145
Car -1 -1 0.7471 338.9220 183.2277 422.6793 213.4925 1.4698 1.6336 4.1820 -12.0475 2.0368 37.7810 0.4384 2.5498
