Car -1 -1 -1.9382 809.9074 184.9506 1053.9823 337.5350 1.5365 1.5998 3.6743 3.8321 1.7257 9.4090 -1.5515 13.9726
Pedestrian -1 -1 -2.2603 1171.4624 134.1730 1240.9327 226.7305 1.7421 0.6421 0.8538 11.5032 1.0144 14.0057 -1.5727 3.1146
Car -1 -1 1.9059 294.0768 188.7030 444.8051 279.8973 1.4725 1.6145 3.8992 -4.6178 1.8303 14.2995 1.5935 13.9015
Pedestrian -1 -1 -1.3227 441.2377 158.9544 456.8582 194.1416 1.8225 0.6412 0.7198 -8.4518 1.1030 37.7380 -1.5430 2.4127
Car -1 -1 -1.8039 746.3764 182.1120 866.1149 268.3333 1.5176 1.5607 3.5698 3.8489 1.7321 14.8842 -1.5508 12.9051
Pedestrian -1 -1 -1.3782 455.2973 164.2366 471.2947 194.0855 1.5469 0.6954 0.7247 -7.7100 1.1007 37.7564 -1.5796 2.2111
Car -1 -1 -1.7740 708.4819 180.4712 797.3728 242.7669 1.5243 1.6347 3.9765 3.8214 1.7585 20.1429 -1.5865 11.3663
Pedestrian -1 -1 2.8260 833.7072 162.1242 848.6692 192.6399 1.7083 0.6219 0.6418 13.0044 1.1080 40.7033 3.1352 0.8525
Car -1 -1 1.8155 400.5311 185.2236 490.7270 245.2495 1.4435 1.5828 3.6773 -4.4841 1.8181 19.9709 1.5947 11.0831
Pedestrian -1 -1 2.5857 486.8789 161.6268 503.3963 188.6075 1.6340 0.6411 0.7779 -7.0683 0.9544 44.1931 2.4271 0.0798
Car -1 -1 1.7176 527.4148 178.8230 562.8067 207.3988 1.5371 1.5456 3.3294 -3.7030 1.8927 41.2291 1.6280 10.1379
Car -1 -1 1.7711 449.9313 182.8598 519.3086 230.3213 1.4718 1.6150 4.0668 -4.3441 1.8515 25.2967 1.6010 10.0800
Car -1 -1 -2.3750 964.6202 185.7550 1241.0000 374.0000 1.5926 1.6045 3.8616 3.8372 1.7030 4.1729 -1.6315 10.0583
Car -1 -1 -1.7015 695.8926 180.5385 756.6970 229.7093 1.5546 1.6029 3.8430 3.9612 1.8457 25.3566 -1.5465 5.7378
Car -1 -1 -1.6676 690.8968 178.0892 737.2757 218.6922 1.5945 1.5966 3.5855 4.3189 1.8303 30.6281 -1.5275 4.6479
Car -1 -1 2.0034 297.9869 160.8525 373.1113 195.9421 1.4666 1.6054 3.9935 -12.1898 0.9654 32.2037 1.6415 3.9865
Car -1 -1 1.6512 542.4205 176.9793 573.3078 202.7491 1.5463 1.6378 4.1774 -3.3154 1.8219 46.0582 1.5794 3.6102
Car -1 -1 -1.6981 682.6154 178.2590 725.5588 211.8926 1.5647 1.6341 3.9572 4.6214 1.8509 36.1790 -1.5710 1.8367
