Car -1 -1 -1.9782 780.8300 183.0415 1057.0185 353.5856 1.4735 1.5552 3.4108 3.1267 1.6138 8.1753 -1.6129 13.1278
Cyclist -1 -1 1.8807 383.6725 162.8464 396.3622 181.0354 1.7079 0.6558 1.7415 -20.9332 0.7686 68.6239 1.5847 -0.2699
Pedestrian -1 -1 0.7764 665.7180 164.5185 689.4806 202.5043 1.8065 0.6579 0.9569 3.2279 1.4104 34.8893 0.8687 2.1224
Car -1 -1 2.0036 130.8785 180.7880 344.4953 300.2775 1.5673 1.5829 3.7676 -5.7679 1.7164 11.6196 1.5429 12.6656
Pedestrian -1 -1 2.6688 1099.8684 124.9905 1158.0479 218.6657 1.7463 0.6468 0.6841 9.8746 0.8544 13.8187 3.2892 -0.3328
Car -1 -1 2.2106 0.0000 196.2842 211.8421 374.0000 1.4925 1.5723 3.5085 -5.6338 1.7787 7.0189 1.5342 9.5091
Car -1 -1 -2.4790 944.0782 180.0438 1241.0000 374.0000 1.4735 1.5914 4.0872 3.0898 1.5225 2.7846 -1.6417 8.0498
Car -1 -1 1.0571 467.4763 176.2763 527.1607 203.9838 1.4247 1.5677 3.7885 -6.2548 1.6221 39.5566 0.9002 7.3959
Car -1 -1 2.8127 667.7786 172.4391 726.6273 191.1053 1.4622 1.6795 4.3711 6.9456 1.4301 57.7943 2.9323 5.1980
Car -1 -1 2.0827 560.1476 175.2745 601.9631 195.4748 1.4563 1.5728 3.6427 -2.1751 1.6461 54.4705 2.0428 4.1132
Car -1 -1 -1.8148 741.0149 156.1835 805.0593 204.0669 1.8302 1.6619 3.8385 6.5441 1.1934 29.5165 -1.5966 2.8588
Car -1 -1 2.0698 195.2744 178.2331 286.6886 221.3376 1.5862 1.6205 3.8513 -14.7457 1.8171 28.9824 1.5992 1.9028
Car -1 -1 0.8051 356.2093 178.2609 417.9781 203.2302 1.4853 1.5667 3.7008 -14.0001 1.8361 45.1816 0.5046 1.2106
