Car -1 -1 -1.8364 761.4727 180.7069 911.0018 284.3579 1.5422 1.5928 3.6030 3.7820 1.7019 12.8260 -1.5497 14.4538
Pedestrian -1 -1 -1.3790 443.7701 164.2588 459.0780 196.6418 1.5796 0.6164 0.6950 -7.8475 1.1607 35.5477 -1.5963 0.3292
Car -1 -1 -2.0207 858.7912 190.1631 1224.5458 374.0000 1.4912 1.5950 3.6218 3.8094 1.7093 7.2359 -1.5361 14.3851
Car -1 -1 1.9405 230.1728 189.5352 413.4381 299.5770 1.4874 1.5856 3.7859 -4.6943 1.8142 12.2202 1.5737 12.9021
Car -1 -1 -1.7828 717.4751 179.0595 817.7687 249.1180 1.5259 1.6180 3.9573 3.7573 1.6985 18.0479 -1.5775 11.9919
Car -1 -1 1.8346 369.2145 186.2567 476.1242 255.5226 1.4573 1.5942 3.8824 -4.5505 1.8262 17.8864 1.5855 11.6108
Car -1 -1 1.7894 427.2440 185.3108 507.8912 236.7586 1.4244 1.6427 4.2914 -4.5053 1.8625 23.1898 1.5975 11.0043
Car -1 -1 1.7333 519.0051 178.7080 558.1774 208.4646 1.5103 1.5743 3.4617 -3.8600 1.8423 39.0968 1.6349 9.1644
Car -1 -1 -1.7240 699.1656 180.5106 767.4501 232.4207 1.4871 1.5778 3.7714 3.8163 1.7529 23.1201 -1.5604 7.1721
Car -1 -1 -1.6962 693.4555 177.0993 745.1932 221.0365 1.6094 1.5752 3.5961 4.2252 1.7887 28.5923 -1.5495 5.4802
Car -1 -1 -1.7186 684.6462 179.6412 731.1620 213.7746 1.4824 1.6045 3.9270 4.5248 1.8221 34.0950 -1.5866 4.0363
Car -1 -1 1.7257 533.6917 177.2488 570.3560 205.4852 1.6084 1.6267 3.9582 -3.5013 1.8877 43.7646 1.6459 3.3689
Car -1 -1 1.4719 721.8190 165.4565 747.3824 187.0187 1.7420 1.6944 4.2376 10.3802 1.1447 60.4624 1.6420 -0.0856
