Car -1 -1 -2.0562 827.3274 184.4796 1132.7097 360.5839 1.5596 1.5945 3.6080 3.9199 1.7263 8.4739 -1.6229 13.6086
Cyclist -1 -1 1.3807 756.0382 162.3921 767.5689 183.9038 1.6781 0.5818 1.6962 11.9899 0.8624 57.1376 1.5876 -0.5616
Car -1 -1 1.8261 384.2875 184.3534 483.3600 252.8651 1.5277 1.5947 3.6456 -4.4523 1.8528 18.5411 1.5905 12.9886
Car -1 -1 -1.8154 762.9485 183.1384 902.4559 279.4674 1.5034 1.5808 3.8269 3.9640 1.7256 13.6157 -1.5321 12.3438
Car -1 -1 -1.7593 723.6585 178.9941 811.9379 244.3125 1.5228 1.5759 3.7366 4.0047 1.7014 19.0559 -1.5522 11.2763
Car -1 -1 1.7906 445.5144 181.3469 518.0590 230.6413 1.4809 1.6092 3.7997 -4.2655 1.7898 24.2749 1.6167 9.4758
Car -1 -1 -1.7336 698.4906 178.2088 765.1713 226.1699 1.4518 1.5686 3.9510 3.9598 1.6468 24.2558 -1.5718 9.1110
Car -1 -1 1.7513 479.9651 181.7076 539.3074 221.4648 1.4564 1.6595 4.3208 -4.0724 1.8470 29.6019 1.6146 7.2132
Car -1 -1 1.6419 542.3117 176.6858 573.6085 203.4134 1.5943 1.6887 4.1450 -3.2836 1.8484 45.7053 1.5702 5.6692
Car -1 -1 -2.5471 1089.7543 194.3163 1241.0000 374.0000 1.4863 1.5805 4.0469 3.8484 1.6257 2.6426 -1.5781 5.1368
Car -1 -1 -1.6632 692.7220 177.6852 740.8037 217.8301 1.5083 1.5935 3.6779 4.2514 1.7183 29.4350 -1.5198 3.9529
Car -1 -1 -1.6517 689.1964 177.6570 729.2174 213.1195 1.6015 1.6208 3.6343 4.7148 1.8469 34.9432 -1.5176 1.7444
Car -1 -1 1.8961 344.7557 159.7349 402.5177 190.5984 1.4808 1.6128 3.9251 -11.9454 0.8517 36.5868 1.5805 1.2084
