Car -1 -1 -1.8940 794.9644 186.3877 1005.2166 320.8314 1.5032 1.5943 3.7993 3.8389 1.7343 10.3758 -1.5396 14.5180
Pedestrian -1 -1 -1.3894 460.2030 159.9730 476.4067 187.7696 1.4780 0.7302 0.7570 -7.6412 0.7934 38.7454 -1.5841 1.5377
Car -1 -1 -1.7950 739.1193 181.0083 849.7006 260.4892 1.5250 1.5930 3.5298 3.8992 1.7261 15.9824 -1.5557 12.3094
Pedestrian -1 -1 -0.7868 1039.4087 162.7186 1075.1493 216.9597 1.8062 0.6342 0.8206 15.0941 1.4691 24.4277 -0.2333 1.0112
Car -1 -1 1.8738 322.5834 186.5986 454.2102 271.1559 1.5061 1.6038 3.7862 -4.6001 1.8355 15.3702 1.5830 11.8308
Pedestrian -1 -1 -1.3574 448.0847 162.6305 463.0038 198.3763 1.9065 0.6491 0.7171 -8.3473 1.3616 38.8400 -1.5691 -0.3848
Car -1 -1 -1.7533 706.1184 181.8555 788.6914 238.5161 1.4448 1.6209 4.1316 3.8574 1.7345 21.1200 -1.5726 11.5697
Pedestrian -1 -1 -1.3703 330.5581 170.7602 349.8159 210.6445 1.7268 0.6630 0.7151 -11.8686 1.6365 31.6425 -1.7291 -0.4876
Car -1 -1 -2.2613 917.2994 194.2047 1241.0000 374.0000 1.5549 1.6408 3.8536 3.8727 1.7670 5.1893 -1.6202 9.6399
Pedestrian -1 -1 -1.3360 430.1220 164.0357 444.1474 196.8216 1.7498 0.6011 0.6457 -9.3365 1.2795 38.8298 -1.5720 -0.6362
Car -1 -1 1.7946 411.5529 183.6045 497.1755 242.3170 1.4962 1.6128 3.8834 -4.4743 1.8394 21.0532 1.5852 8.9197
Car -1 -1 1.7627 458.2917 183.9271 524.2950 228.1197 1.4269 1.6168 4.1823 -4.3043 1.8659 26.4687 1.6015 8.7152
Car -1 -1 1.7148 531.2655 178.5022 566.1055 205.5565 1.4929 1.5595 3.4452 -3.5897 1.8383 42.3156 1.6301 8.5681
Car -1 -1 -1.6992 693.6368 179.6498 752.3798 226.5454 1.5519 1.6305 3.7697 4.0029 1.8182 26.3292 -1.5483 7.1400
Car -1 -1 -1.6858 690.4330 177.8736 737.4517 217.4516 1.6155 1.6173 3.7817 4.4851 1.8507 31.8440 -1.5459 5.8272
Car -1 -1 1.8184 547.2502 177.7912 585.1346 201.9296 1.4828 1.5739 3.8751 -2.8514 1.8203 47.2100 1.7580 0.1072
