Car -1 -1 -1.8552 745.0221 180.4851 908.3579 281.6740 1.4676 1.6312 4.0698 3.5685 1.6252 12.8159 -1.5837 13.1318
Pedestrian -1 -1 -2.1484 1060.8060 140.1508 1115.6782 220.9255 1.8479 0.6638 0.9501 11.1890 1.1001 16.9805 -1.5658 2.0849
Car -1 -1 -1.9997 837.2315 184.4483 1177.2912 374.0000 1.4882 1.6070 3.7259 3.7005 1.6413 7.6238 -1.5478 12.9682
Pedestrian -1 -1 -0.4626 1013.3062 139.6995 1056.8701 209.8503 1.8204 0.6324 0.7920 11.1738 0.9604 19.0628 0.0676 0.9349
Car -1 -1 1.9512 231.6394 190.2010 420.0578 299.9456 1.5087 1.6409 4.0183 -4.7478 1.8603 12.5815 1.5903 12.6226
Pedestrian -1 -1 -2.2460 1162.0253 152.8177 1223.1192 230.5152 1.5813 0.6543 0.7699 12.1008 1.1739 15.0675 -1.5694 -0.1649
Car -1 -1 2.1497 0.0000 200.1524 294.2186 374.0000 1.4076 1.5789 3.9663 -4.7660 1.7498 7.0379 1.5545 11.9757
Pedestrian -1 -1 -1.9827 871.5083 154.9559 891.1381 192.5558 1.7289 0.6372 0.6722 12.5647 0.9063 33.5271 -1.6242 -0.1760
Car -1 -1 1.7475 495.7706 177.6565 542.1731 212.4905 1.5246 1.5695 3.5066 -4.2565 1.7623 33.8624 1.6224 11.3002
Pedestrian -1 -1 -0.1923 891.9006 154.3587 919.8799 202.0836 1.7680 0.6715 0.8601 11.0795 1.0832 27.1399 0.1953 -0.1767
Car -1 -1 1.8455 358.2025 187.6335 471.6219 255.9188 1.4094 1.6133 4.2475 -4.7375 1.8213 17.9515 1.5875 11.2940
Car -1 -1 -1.7663 715.3638 178.9681 812.6835 248.4899 1.5117 1.6125 3.8790 3.6570 1.6808 17.9720 -1.5656 10.0087
Car -1 -1 -1.7215 702.0342 178.3195 769.3862 229.6818 1.5085 1.5833 3.8426 3.9651 1.7018 23.5348 -1.5546 9.1226
Car -1 -1 -1.7434 687.7754 178.2849 745.5394 220.0276 1.5305 1.6296 3.9017 4.1591 1.7636 28.9406 -1.6007 5.6403
