Car -1 -1 -1.9695 813.4868 182.0044 1092.1200 345.6411 1.5059 1.6287 3.6555 3.7142 1.6395 8.6745 -1.5650 14.1003
Cyclist -1 -1 1.4827 657.8290 171.3936 666.0016 190.5590 1.6986 0.5819 1.7162 4.6383 1.5696 64.8102 1.5542 -0.7519
Pedestrian -1 -1 -1.4119 411.9208 155.3441 430.3338 194.3115 1.6693 0.6632 0.7551 -8.2332 0.9195 31.3143 -1.6690 0.6082
Car -1 -1 -1.8415 738.1630 180.2643 885.1428 271.8819 1.4589 1.6301 4.0680 3.6183 1.6227 13.8645 -1.5862 13.3306
Pedestrian -1 -1 -1.1900 393.2477 156.4051 414.4105 193.7261 1.6008 0.6742 0.6951 -8.9877 0.8956 31.3251 -1.4694 -0.1473
Car -1 -1 2.0979 0.0000 200.0045 328.6580 374.0000 1.4727 1.5934 3.7986 -4.7229 1.8475 8.0445 1.5671 13.2458
Pedestrian -1 -1 0.3920 715.3394 171.8115 750.2248 241.9888 1.7311 0.6161 0.6871 3.0574 1.7058 18.2393 0.5581 -0.7414
Car -1 -1 1.9208 280.1871 186.9170 430.6023 282.3210 1.4954 1.5449 3.4998 -4.6676 1.7951 13.5912 1.5900 12.5281
Pedestrian -1 -1 0.3941 864.2327 154.6993 886.3229 192.0899 1.7703 0.6354 0.8151 12.7083 0.9111 34.6699 0.7454 -0.7608
Car -1 -1 1.8398 373.4803 184.7708 483.2354 251.6748 1.4810 1.6693 4.4145 -4.6643 1.8319 18.9932 1.5990 11.3579
Car -1 -1 1.7565 501.0454 178.4905 546.1259 211.5678 1.4908 1.5596 3.4226 -4.1642 1.7774 34.8772 1.6377 10.3351
Car -1 -1 -1.7614 711.6939 178.4016 802.1292 243.3506 1.5061 1.5967 3.8714 3.6988 1.6674 18.9964 -1.5691 9.8461
Car -1 -1 -1.7179 700.6733 177.9223 766.4560 228.8655 1.5708 1.6406 3.8486 4.0747 1.7573 24.5686 -1.5535 8.9745
Car -1 -1 -2.3882 1042.6436 193.0303 1241.0000 374.0000 1.5437 1.6272 4.1028 3.7127 1.6882 3.0526 -1.5056 7.7918
Car -1 -1 -1.7202 687.9131 176.8033 741.8795 217.1282 1.5466 1.6325 3.9978 4.2559 1.7225 30.0696 -1.5796 7.0539
Car -1 -1 -1.6980 515.4778 163.4021 541.0373 182.8572 1.4705 1.5615 3.3956 -6.4378 0.7565 56.3703 -1.8117 3.0228
Car -1 -1 1.4153 721.4785 162.6671 751.5662 183.6917 1.5872 1.6795 4.2519 9.8568 0.8185 56.6074 1.5877 0.4573
