Car -1 -1 -0.2635 684.5304 168.5108 861.8472 233.9409 1.6046 1.6540 4.1723 4.0739 1.4985 18.6186 -0.0481 11.1278
Cyclist -1 -1 1.0328 1134.3220 148.4272 1179.7463 195.8255 1.6538 0.5377 1.6409 19.6567 0.8019 26.0175 1.6798 -0.1139
Pedestrian -1 -1 -2.0175 417.9634 147.9956 497.4629 304.1726 1.8834 0.6319 0.9876 -2.0246 1.5840 9.2823 -2.2323 2.5677
Car -1 -1 2.5720 569.6339 175.3498 696.3362 216.8334 1.4422 1.6715 4.6014 0.8640 1.5433 27.2071 2.6037 9.8621
Pedestrian -1 -1 1.6867 489.2851 168.0975 523.4304 247.9038 1.7147 0.6734 0.6467 -2.3170 1.6128 15.8330 1.5414 0.4038
Car -1 -1 2.2654 340.6768 180.7283 467.5629 237.7844 1.4875 1.5771 3.7566 -6.0334 1.7438 21.4076 1.9907 7.9002
Pedestrian -1 -1 -2.2457 673.3461 180.6112 697.4945 228.1286 1.7794 0.6005 0.7213 2.8435 2.0819 27.6345 -2.1432 -0.7335
Car -1 -1 1.3208 810.1618 148.1073 843.5245 168.4786 1.4753 1.5560 3.7179 16.4454 -0.3443 54.9517 1.6115 2.0584
Car -1 -1 1.7461 463.7416 155.2955 493.6429 175.3529 1.4858 1.5993 3.9350 -10.0707 0.1855 55.4171 1.5663 0.5026
Car -1 -1 -2.2260 1141.7345 148.4806 1214.0809 172.2349 1.5079 1.6278 4.0729 37.6097 -0.0425 47.9501 -1.5609 0.4631
