Car -1 -1 -1.8388 771.3073 186.7743 925.3744 292.8340 1.5056 1.5921 3.5971 3.8973 1.7832 12.5431 -1.5375 14.1139
Cyclist -1 -1 1.4535 691.8722 174.0170 710.4537 219.1204 1.6610 0.5034 1.6876 3.4156 1.7070 27.4580 1.5772 0.4078
Pedestrian -1 -1 2.6897 932.1860 157.0322 962.0918 206.4684 1.7053 0.6122 0.7540 11.7249 1.1599 25.1990 3.1252 0.8190
Car -1 -1 -2.0984 847.8380 184.1267 1224.7783 374.0000 1.5399 1.6085 3.6326 3.8682 1.6853 7.4232 -1.6180 13.8560
Pedestrian -1 -1 -1.2196 398.3347 181.6921 417.5467 221.8699 1.8488 0.6578 0.7229 -9.4882 2.2674 33.7548 -1.4936 0.7659
Car -1 -1 1.8514 363.2651 185.0327 474.4009 257.7849 1.5023 1.5954 3.8039 -4.5319 1.8300 17.4634 1.5975 12.5312
Pedestrian -1 -1 -1.3758 471.5180 162.4667 485.5174 190.8554 1.5969 0.6595 0.6983 -7.4919 1.0129 40.9377 -1.5568 0.0118
Car -1 -1 -1.7618 729.7091 179.0546 822.7204 249.6250 1.5603 1.5960 3.5404 3.9959 1.7313 18.0563 -1.5440 11.4507
Pedestrian -1 -1 -1.3899 353.6920 171.5031 370.6183 207.8934 1.6890 0.6382 0.6939 -11.6724 1.6267 33.8779 -1.7217 -0.5965
Car -1 -1 1.7601 473.2679 181.5711 533.0283 222.5613 1.4543 1.6011 4.0548 -4.1859 1.8243 28.5332 1.6144 9.1011
Car -1 -1 -1.7497 701.1214 178.7978 774.7074 230.7511 1.4928 1.6071 4.0929 3.9733 1.7016 23.2535 -1.5804 8.5513
Car -1 -1 1.7949 438.0574 184.2125 512.9647 234.1295 1.4129 1.5708 3.7363 -4.2723 1.8081 23.1838 1.6127 7.9488
Car -1 -1 1.6644 538.6231 177.5365 571.8848 204.5858 1.5664 1.6668 4.2120 -3.3713 1.8702 44.6353 1.5890 6.8920
Car -1 -1 -1.6631 689.0695 178.3822 731.5473 213.6996 1.5349 1.6233 3.7593 4.6133 1.8095 33.8681 -1.5277 5.3846
Car -1 -1 -1.6930 691.4246 179.5448 745.8224 223.0150 1.5483 1.6318 3.8458 4.1352 1.8285 28.2349 -1.5476 4.2401
Car -1 -1 -1.6612 685.1498 177.5286 721.1361 207.2099 1.5124 1.5991 3.7749 4.9876 1.7797 39.2821 -1.5349 1.8457
Car -1 -1 -1.2118 337.8360 154.5995 370.9154 171.5794 1.4847 1.5880 3.8032 -23.1088 -0.1184 65.2910 -1.5520 -0.2760
