Car -1 -1 -1.8884 751.2821 179.8331 937.5314 295.5083 1.5288 1.6402 4.0509 3.5323 1.6634 11.8277 -1.5982 13.3543
Pedestrian -1 -1 0.1830 464.0660 169.0981 480.7680 202.3883 1.8040 0.6841 0.7864 -7.5530 1.6008 39.4417 -0.0062 0.3143
Car -1 -1 1.8656 334.9801 185.1553 463.5311 263.1213 1.5065 1.6607 4.3398 -4.7694 1.8309 16.8138 1.5892 13.2681
Pedestrian -1 -1 -0.4904 1186.8222 179.0886 1232.9686 237.8883 1.6881 0.6415 0.8385 17.5642 1.8751 21.1947 0.2016 -0.2539
Car -1 -1 1.9653 196.4465 190.3220 401.3323 310.7411 1.5081 1.6042 3.8473 -4.7481 1.8341 11.5191 1.5743 12.1076
Car -1 -1 -2.0650 861.4176 184.9697 1241.0000 374.0000 1.5321 1.5836 3.6484 3.6395 1.6735 6.5581 -1.5584 11.9110
Car -1 -1 1.7472 490.7769 178.6207 538.7684 214.5074 1.5131 1.5608 3.5834 -4.3149 1.7905 32.8319 1.6166 11.1423
Car -1 -1 -1.7740 719.9914 179.3158 826.2563 254.1255 1.5176 1.6259 3.9936 3.6433 1.6880 16.9837 -1.5627 11.0530
Car -1 -1 2.2318 0.0000 203.0675 249.6031 374.0000 1.4956 1.6129 3.8271 -4.7858 1.8271 5.9821 1.5571 9.3011
Car -1 -1 -1.7181 705.9856 179.5388 777.2368 235.0914 1.5429 1.6076 3.8707 3.9554 1.7696 22.4648 -1.5438 8.5972
Car -1 -1 1.7361 510.6267 177.0000 553.2718 209.5451 1.5834 1.6078 3.7658 -4.0417 1.8105 37.5195 1.6288 7.9138
Car -1 -1 -1.7360 689.1006 176.9694 747.6576 221.5612 1.5855 1.6201 3.8128 4.0762 1.7562 27.9302 -1.5910 7.6757
Car -1 -1 0.2470 444.3800 160.8733 496.7787 181.2917 1.6698 1.6483 3.9930 -11.5797 0.6904 59.9387 0.0561 0.1621
Car -1 -1 -1.7301 723.2734 164.8299 754.2672 187.2951 1.6609 1.6892 4.2281 9.8283 1.0680 55.4698 -1.5547 -0.2158
