Car -1 -1 2.2349 313.8107 181.0426 480.0359 257.2736 1.5614 1.6643 4.1157 -5.0259 1.7852 17.4725 1.9548 9.4253
Pedestrian -1 -1 1.8015 307.7519 187.2384 323.9407 221.4631 1.7693 0.6703 0.5966 -15.4996 2.5329 37.9362 1.4137 0.7425
Car -1 -1 2.1253 0.0000 202.0158 173.8837 374.0000 1.5296 1.6542 4.1459 -6.0878 1.9010 7.0008 1.4095 9.1179
Pedestrian -1 -1 1.7901 339.3667 144.2377 429.1660 348.9261 1.8651 0.6972 0.6737 -2.2043 1.6047 6.9382 1.4825 0.5011
Car -1 -1 -2.1676 1133.7069 148.7154 1205.6728 174.4072 1.5550 1.6259 4.0075 35.3319 0.0944 45.7192 -1.5096 2.3418
Pedestrian -1 -1 -0.3295 835.1311 159.9057 853.1241 192.9964 1.7496 0.6202 0.7515 12.4412 1.0653 38.4623 -0.0167 0.3274
Car -1 -1 1.3381 799.3872 150.1490 834.1478 171.2102 1.4734 1.5883 3.8628 15.0413 -0.1243 52.7472 1.6159 1.0699
Pedestrian -1 -1 0.8429 430.5472 166.6215 446.6605 191.2205 1.5270 0.6472 0.7521 -10.7850 1.1404 45.2663 0.6090 -0.7514
Car -1 -1 2.1381 201.6224 186.7377 302.4154 232.7457 1.5277 1.6060 3.7877 -13.3720 2.0878 27.1151 1.6800 -0.7075
Car -1 -1 1.9701 215.2565 175.5021 269.7118 201.0608 1.5661 1.6511 4.1818 -23.7882 1.7461 46.7977 1.4998 -0.8302
