Car -1 -1 -1.8063 718.0345 178.2682 837.8291 259.4160 1.4997 1.6244 3.7819 3.4005 1.6307 15.4931 -1.5903 13.2812
Cyclist -1 -1 -1.3161 139.6014 173.8324 177.1971 229.7395 1.7075 0.6023 1.7235 -14.4058 1.7403 22.9786 -1.8761 1.1030
Pedestrian -1 -1 0.3437 352.0522 161.1448 434.1019 311.4374 1.7737 0.6106 0.8056 -2.6957 1.6359 8.8367 0.0476 2.9163
Car -1 -1 -1.7240 651.3998 177.6035 702.5823 215.5897 1.4200 1.5572 3.3016 2.6024 1.6230 29.0906 -1.6348 10.9774
Pedestrian -1 -1 -0.5913 1114.0230 167.5904 1168.7511 244.1247 1.6478 0.6314 0.7424 11.6216 1.5348 15.8626 0.0410 0.4812
Car -1 -1 -2.7946 989.8063 178.6517 1085.3243 214.5855 1.5072 1.5443 3.3948 19.2506 1.7843 32.6422 -2.2618 7.6478
Pedestrian -1 -1 -1.0288 1024.5091 173.0240 1051.0286 212.4991 1.7250 0.6576 0.8717 18.9483 1.7331 32.0288 -0.4946 0.3257
Car -1 -1 -1.7830 706.7510 174.5820 750.3189 202.2607 1.5212 1.6686 4.0875 6.8050 1.6271 41.9958 -1.6224 6.2818
Pedestrian -1 -1 -1.5549 605.6174 169.3028 621.1000 211.9058 1.7459 0.6318 0.8781 0.1028 1.6007 30.0106 -1.5515 -0.1698
Car -1 -1 -1.6659 623.4453 176.2968 646.2124 194.3665 1.4754 1.5822 3.8168 2.0686 1.7791 61.6091 -1.6324 1.0192
