Car -1 -1 -1.8566 735.6678 168.9813 893.2506 273.8634 1.6421 1.6748 3.9987 3.5067 1.5818 13.3160 -1.5991 13.9331
Cyclist -1 -1 -2.3160 1098.0696 172.8634 1187.4743 255.1509 1.6968 0.5186 1.7503 11.5477 1.6974 15.7749 -1.6841 -0.6989
Pedestrian -1 -1 1.7741 361.9999 153.8393 431.9308 310.9811 1.8368 0.6505 0.9810 -2.6721 1.6149 8.9481 1.4839 3.3646
Car -1 -1 -1.6826 654.3246 175.5840 700.4607 211.6958 1.5415 1.6638 3.9374 2.9884 1.6746 33.0842 -1.5925 10.3519
Cyclist -1 -1 2.3173 7.6965 158.4006 55.7062 200.3810 1.8208 0.5877 1.8305 -25.8418 1.1943 32.2268 1.6414 -0.7221
Pedestrian -1 -1 -1.1241 897.8198 174.0126 918.2719 207.5882 1.6747 0.6665 0.8261 15.0603 1.7346 36.5466 -0.7332 0.8698
Car -1 -1 -2.2294 931.3869 196.9080 1241.0000 374.0000 1.4687 1.5252 3.4833 3.5984 1.6848 4.7239 -1.5784 9.1673
Pedestrian -1 -1 -0.5511 1114.8877 176.6225 1166.0826 252.6323 1.6278 0.6120 0.6844 11.5676 1.7125 15.8152 0.0804 0.2821
Car -1 -1 -2.6252 858.9988 179.3259 935.9250 208.8334 1.4336 1.5572 3.4040 14.9247 1.7881 37.6633 -2.2479 6.7950
Car -1 -1 -1.6564 627.0778 176.8843 656.4007 199.9491 1.4074 1.5817 3.5501 1.9771 1.6774 46.4628 -1.6139 6.4329
Car -1 -1 -1.0680 217.2004 169.4440 267.3319 192.2347 1.5531 1.5996 3.6466 -25.9677 1.3211 51.0152 -1.5388 -0.5372
