Car -1 -1 -1.8092 704.5172 175.5929 817.1436 249.6665 1.5465 1.6800 4.1001 3.4108 1.6205 17.3004 -1.6145 11.9396
Cyclist -1 -1 -1.3933 142.1648 172.8832 175.0972 228.4363 1.7018 0.5989 1.7173 -14.4211 1.7031 23.0100 -1.9531 0.6565
Pedestrian -1 -1 -0.5954 1113.7513 172.1338 1168.3570 248.1758 1.6282 0.6365 0.7299 11.5519 1.6131 15.7779 0.0366 0.5094
Car -1 -1 -1.9819 816.6969 186.2053 1086.8663 354.8027 1.4924 1.5222 3.3319 3.5758 1.6777 8.3186 -1.5759 11.3754
Pedestrian -1 -1 0.5598 139.2833 178.5608 177.3770 233.4044 1.6932 0.6351 0.7993 -14.2227 1.8753 22.6577 -0.0008 0.0153
Car -1 -1 -2.5781 835.9482 178.9073 912.1440 206.9190 1.4012 1.5420 3.5737 14.1104 1.7428 38.7902 -2.2292 9.9084
Pedestrian -1 -1 -0.3571 903.3717 176.5228 934.9136 227.9008 1.7515 0.6424 0.8309 10.6530 1.8806 24.9828 0.0460 -0.8373
Car -1 -1 -2.3323 1083.7129 183.3369 1241.0000 370.9196 1.5523 1.6308 4.0658 7.5427 1.7022 8.2463 -1.5914 9.7391
Car -1 -1 -1.6808 644.4905 175.3963 682.3853 205.4626 1.5322 1.6318 3.7385 2.8035 1.6767 38.9887 -1.6090 8.2361
Car -1 -1 -2.9012 861.6664 176.1438 942.9440 204.8870 1.5211 1.6124 3.9483 16.3052 1.7139 40.4019 -2.5176 -0.0553
Car -1 -1 2.1573 49.0747 178.3775 113.1109 201.0869 1.4784 1.6221 4.0279 -36.6037 1.8774 50.0163 1.5256 -0.1223
Car -1 -1 -1.7098 669.0245 181.8680 700.7460 205.7042 1.4734 1.5780 3.8160 4.9099 2.0975 47.9967 -1.6078 -0.1881
