Car -1 -1 -2.0239 834.0909 190.1591 1170.9348 374.0000 1.4020 1.5582 3.5245 3.5991 1.6239 7.4698 -1.5749 13.2091
Pedestrian -1 -1 -0.9659 883.9516 173.4713 905.5514 206.0347 1.6562 0.6600 0.8691 14.6567 1.6889 37.2313 -0.5909 0.1416
Car -1 -1 -1.8095 713.8067 173.7040 829.9840 255.7323 1.6139 1.6331 3.8699 3.4301 1.6356 16.1923 -1.6008 13.1133
Pedestrian -1 -1 -0.6090 1114.8346 173.7490 1166.9681 247.5928 1.5863 0.6222 0.6883 11.5835 1.6067 15.8240 0.0229 0.0158
Car -1 -1 -1.7013 645.7548 176.2556 686.3768 207.2305 1.5058 1.6123 3.7804 2.8198 1.6917 37.4297 -1.6261 9.2408
Pedestrian -1 -1 -0.7060 1172.8258 179.7409 1241.0000 335.2419 1.6420 0.6154 0.7686 6.7739 1.7212 7.9512 -0.0004 -0.2726
Car -1 -1 -2.5546 840.3646 179.3681 915.8200 207.4123 1.3935 1.5370 3.5191 14.2544 1.7592 38.5953 -2.2008 9.1827
Pedestrian -1 -1 0.5595 137.8214 176.7660 175.7214 231.4522 1.6815 0.6645 0.7689 -14.2124 1.8060 22.5639 -0.0026 -0.6278
Car -1 -1 -2.3841 1136.5653 182.4520 1241.0000 374.0000 1.5722 1.6025 4.1733 7.5822 1.6970 7.2634 -1.5772 6.5273
Car -1 -1 -1.6244 623.9165 175.7150 649.8705 197.4811 1.4509 1.6056 3.8579 1.8207 1.6594 50.5473 -1.5884 4.4819
