Car -1 -1 -2.0763 905.5410 180.3567 1107.4656 269.3858 1.4400 1.6110 4.1181 7.4095 1.6085 14.0937 -1.5922 14.6246
Pedestrian -1 -1 2.3479 673.1916 170.4184 704.5323 224.4669 1.7501 0.6196 0.8403 2.5642 1.6716 23.8671 2.4549 0.8106
Car -1 -1 -1.8386 733.2629 178.9810 861.5219 269.8003 1.5458 1.5540 3.4576 3.5022 1.6821 14.2631 -1.5979 13.4214
Pedestrian -1 -1 1.0928 140.3952 173.1838 175.3411 227.3560 1.6616 0.6366 0.7875 -14.2126 1.6725 22.6079 0.5316 0.4979
Car -1 -1 -1.7414 677.7943 171.5171 749.3858 229.3242 1.7376 1.6778 3.7897 3.2517 1.6978 23.6076 -1.6045 11.2929
Pedestrian -1 -1 -0.1141 1116.7090 163.7047 1165.1161 245.4455 1.7360 0.6328 0.7846 11.5547 1.5420 15.7903 0.5176 -0.0638
Car -1 -1 -2.4960 814.8621 176.9800 886.2225 205.5318 1.4890 1.5568 3.5307 13.2735 1.7294 40.0687 -2.1761 9.7683
Pedestrian -1 -1 0.4626 677.5898 172.6421 708.3920 227.8088 1.7097 0.6474 0.7601 2.5825 1.7035 22.8370 0.5752 -0.7085
Car -1 -1 -1.6648 631.0125 173.8042 661.7805 198.5336 1.5890 1.6746 4.2301 2.3811 1.6563 48.6748 -1.6159 6.2160
Car -1 -1 -1.6046 618.7762 173.3689 639.0189 191.7116 1.4857 1.5615 3.8539 1.5343 1.5306 60.4831 -1.5792 -0.2403
