Car -1 -1 -2.0295 869.5605 182.4250 1032.5197 258.8739 1.4465 1.6213 4.1139 7.4035 1.6900 16.2515 -1.6020 12.9888
Pedestrian -1 -1 -0.1071 1118.0439 170.7635 1165.5612 249.2610 1.6689 0.6408 0.7722 11.5878 1.6248 15.8084 0.5254 1.4918
Car -1 -1 -1.7332 669.7965 172.4427 733.2813 220.5158 1.5988 1.6492 3.8200 3.1644 1.5855 25.9367 -1.6118 12.3791
Pedestrian -1 -1 0.3803 141.1951 176.3407 177.3568 231.0381 1.6860 0.6413 0.7824 -14.2010 1.7978 22.6727 -0.1792 0.4657
Car -1 -1 -1.7960 719.9480 182.9575 821.6116 254.0912 1.4020 1.5281 3.2554 3.4743 1.6539 16.3235 -1.5863 12.0035
Pedestrian -1 -1 -0.0735 669.3588 169.0741 689.5344 216.1413 1.6750 0.6087 0.6791 2.4531 1.5409 25.9865 0.0206 -0.4108
Car -1 -1 -2.4916 808.2457 176.6001 879.6193 204.4816 1.4694 1.5485 3.6018 13.0323 1.6898 40.4601 -2.1800 10.7934
Pedestrian -1 -1 -0.0272 603.1225 167.5931 623.7638 210.8191 1.7768 0.6142 0.8399 0.0973 1.5609 29.9724 -0.0239 -0.6757
Car -1 -1 -1.6839 627.5554 173.9775 656.8099 196.5812 1.5455 1.6462 3.9470 2.2327 1.6293 51.5591 -1.6407 3.0121
Car -1 -1 -1.5672 614.2262 174.7029 632.4049 191.9714 1.4685 1.5562 3.7203 1.1582 1.6368 63.6363 -1.5490 1.1986
